"group.all" "pa" "lon" "lat" "wc2.0_bio_10m_04" "wc2.0_bio_10m_05" "wc2.0_bio_10m_13" "wc2.0_bio_10m_14"
"1" 2 1 -43.0133333 -22.4638889 223.031153298619 25.5939998626709 296 43
"2" 1 1 -42.8522222 -22.2686111 232.256873750647 27.039249420166 290 31
"4" 2 1 -52.3111111 -24.1097222 277.600429423295 28.5690002441406 189 77
"5" 3 1 -43.8833333 -21.7166667 212.204339697165 26.9095001220703 283 19
"6" 1 1 -54.5636111 -18.935 192.915951982867 32.1254997253418 253 28
"7" 1 1 -41.9638889 -13.5258334 127.009181030874 28.1177501678467 151 10
"8" 3 1 -50.3666667 -22.5833333 268.945119992738 30.4104995727539 196 38
"9" 3 1 -49.8791667 -27.9166667 297.563260687347 22.2935009002686 169 106
"10" 1 1 -52.38 -26.64 334.662779349004 28.0587501525879 227 142
"11" 3 1 -49.0158333 -25.4455555 274.469642280386 26.5662498474121 225 84
"12" 2 1 -41.9116667 -21.9 232.669399330876 28.4669990539551 220 28
"13" 3 1 -42.5638889 -22.3591667 235.837022276414 26.4899997711182 239 30
"14" 1 1 -49.2108333 -27.1116667 316.048123739337 26.7152500152588 195 96
"16" 2 1 -48.4669445 -23.9580556 282.377484464489 28.3229999542236 192 41
"1100" 1 0 -55.75 -15.75 155.669549329853 34.210750579834 226 16
"2100" 2 0 -59.0833333333333 -23.4166666666667 366.337118426454 34.7152481079102 113 26
"3" 2 0 -50.75 -30.75 352.494619920623 27.4288291931152 142 88
"4100" 3 0 -57.9166666666667 -20.5833333333333 277.748677785042 34.3992500305176 152 28
"5100" 3 0 -41.75 -14.0833333333333 136.862677641893 30.5547504425049 122 2
"6100" 3 0 -47.0833333333333 -22.4166666666667 240.873686580252 29.2722492218018 242 21
"7100" 2 0 -43.5833333333333 -13.75 117.160253093093 32.5622520446777 149 1
"8100" 1 0 -52.25 -16.75 149.344168049901 31.8299999237061 304 12
"9100" 1 0 -55.75 -25.0833333333333 348.952460695915 31.7032508850098 196 79
"1010" 1 0 -39.4166666666667 -11.0833333333333 175.141337908036 31.6599998474121 77 13
"1110" 1 0 -43.4166666666667 -16.9166666666667 159.424530224338 27.9587497711182 242 2
"1210" 3 0 -44.5833333333333 -16.5833333333333 172.651008647268 32.0519981384277 238 5
"1310" 2 0 -47.75 -16.0833333333333 143.013856572989 28.9599990844727 288 6
"1410" 1 0 -52.4166666666667 -23.25 277.846943374544 29.9327507019043 154 50
"15" 3 0 -44.0833333333333 -22.4166666666667 241.548505969985 29.9957504272461 241 19
"1610" 2 0 -52.0833333333333 -18.25 157.374524234224 30.9165000915527 299 19
"17" 2 0 -55.75 -29.4166666666667 427.43991666111 31.0139999389648 176 104
"18" 1 0 -57.9166666666667 -15.5833333333333 164.770336200444 34.1487503051758 251 19
"19" 3 0 -52.75 -15.4166666666667 172.67668952287 32.7357482910156 287 5
"20" 2 0 -47.5833333333333 -11.75 91.6136895055517 32.6567497253418 267 2
"21" 1 0 -51.9166666666667 -17.5833333333333 142.166588553043 29.8262500762939 303 17
"22" 1 0 -49.25 -19.25 188.491983141561 31.7759990692139 274 15
"23" 2 0 -54.25 -23.25 289.488981797036 30.8810005187988 193 63
"24" 3 0 -37.4166666666667 -11.75 140.708851033501 30.6888904571533 263 57
"25" 1 0 -56.0833333333333 -13.25 79.5904556110268 34.2902488708496 360 3
"26" 1 0 -39.75 -9.25 178.771346280937 32.056999206543 94 2
"27" 1 0 -42.9166666666667 -14.5833333333333 127.912363459286 30.580249786377 175 1
"28" 2 0 -42.75 -18.0833333333333 209.051533408917 28.6420001983643 266 11
"29" 3 0 -41.5833333333333 -16.9166666666667 178.68148038714 29.2127494812012 175 12
"30" 2 0 -45.9166666666667 -12.75 88.3180213508416 31.0722503662109 259 2
"31" 1 0 -43.75 -7.91666666666666 105.462646382907 34.2454986572266 156 1
"32" 1 0 -41.75 -11.5833333333333 134.201276030734 29.8697490692139 107 2
"33" 1 0 -41.5833333333333 -10.0833333333333 113.338481037963 33.7314987182617 111 0
"34" 2 0 -56.4166666666667 -22.9166666666667 300.370613976366 32.3712501525879 189 47
"35" 3 0 -57.75 -15.9166666666667 185.961210257444 34.2569999694824 237 20
"36" 3 0 -44.9166666666667 -19.0833333333333 197.600460636823 31.642749786377 274 10
"37" 1 0 -47.5833333333333 -19.5833333333333 167.269672558719 28.5674991607666 312 17
"38" 1 0 -43.9166666666667 -9.41666666666666 85.3426652885665 32.3395004272461 149 0
"39" 1 0 -50.5833333333333 -17.25 128.458984581803 31.3792495727539 294 12
"40" 3 0 -58.25 -26.5833333333333 399.63377293131 32.3414993286133 165 47
"41" 1 0 -37.5833333333333 -10.5833333333333 163.938712425829 30.074499130249 143 33
"42" 1 0 -50.9166666666667 -29.5833333333333 334.228025012911 27.1317501068115 159 110
"43" 3 0 -58.4166666666667 -27.4166666666667 419.184236742673 32.1785011291504 173 49
"44" 1 0 -55.0833333333333 -20.5833333333333 212.890782187671 32.119499206543 220 39
"45" 3 0 -43.75 -15.25 137.629270943394 32.1479988098145 191 1
"46" 1 0 -55.9166666666667 -18.9166666666667 224.548824288418 33.6452484130859 232 29
"47" 1 0 -43.9166666666667 -18.0833333333333 172.700356108263 27.2089996337891 261 5
"48" 2 0 -41.4166666666667 -16.0833333333333 176.267264746869 28.8985004425049 177 8
"49" 1 0 -43.4166666666667 -10.25 84.0303410421976 32.8009986877441 139 1
"50" 1 0 -50.25 -22.75 277.097213993264 30.8567504882812 190 41
"51" 2 0 -50.75 -16.4166666666667 123.11280795368 31.923999786377 288 9
"52" 1 0 -53.4166666666667 -22.75 266.163425167108 31.6432495117188 183 35
"53" 2 0 -39.9166666666667 -19.75 197.32300076419 31.2549285888672 188 49
"54" 1 0 -50.75 -17.0833333333333 122.950985794357 30.6132507324219 293 12
"55" 1 0 -59.0833333333333 -26.75 412.993452533055 32.5794982910156 166 34
"56" 2 0 -43.0833333333333 -22.0833333333333 231.86883018303 30.130500793457 260 25
"57" 3 0 -59.5833333333333 -21.4166666666667 320.010404395121 35.4734992980957 96 13
"58" 2 0 -54.25 -19.5833333333333 182.649754576081 31.2220001220703 250 33
"59" 1 0 -58.5833333333333 -26.25 399.830113776406 32.805248260498 156 35
"60" 1 0 -58.9166666666667 -22.9166666666667 352.012568945372 34.8380012512207 115 22
"61" 3 0 -60.0833333333333 -20.0833333333333 281.142699816258 35.1857490539551 90 12
"62" 2 0 -58.5833333333333 -28.0833333333333 430.939065300059 31.9282493591309 142 46
"63" 2 0 -57.75 -22.0833333333333 318.566730507198 34.318000793457 170 32
"64" 2 0 -56.75 -25.0833333333333 361.232111052419 32.643497467041 174 55
"65" 2 0 -42.4166666666667 -22.75 221.585810244845 31.6410007476807 165 28
"66" 3 0 -48.9166666666667 -23.25 238.493664862133 29.6704998016357 188 33
"67" 3 0 -56.25 -23.9166666666667 331.448870448883 32.8720016479492 180 61
"68" 3 0 -48.9166666666667 -22.25 228.038536912297 30.6202507019043 209 26
"69" 3 0 -52.9166666666667 -13.0833333333333 109.93994097563 34.2327499389648 282 1
"70" 1 0 -38.4166666666667 -11.5833333333333 163.860585588323 29.7517509460449 100 37
"71" 3 0 -45.9166666666667 -11.4166666666667 93.1487420434096 31.1315002441406 215 2
"72" 2 0 -50.75 -30.4166666666667 350.421136760982 27.8037967681885 145 88
"73" 2 0 -58.0833333333333 -14.5833333333333 120.083943265585 33.3424987792969 310 11
"74" 1 0 -56.9166666666667 -26.25 379.460257388594 32.2374992370605 154 71
"75" 2 0 -45.25 -22.75 222.904615958623 29.9790000915527 255 22
"76" 1 0 -44.9166666666667 -23.25 247.266330418422 27.4584999084473 290 59
"77" 2 0 -42.0833333333333 -13.0833333333333 113.517741914723 28.5335006713867 168 2
"78" 3 0 -43.9166666666667 -7.91666666666666 104.356729068506 33.5475006103516 154 1
"79" 2 0 -53.75 -17.9166666666667 184.729689558081 32.7384986877441 281 18
"80" 2 0 -42.0833333333333 -14.25 136.393534290856 29.6459999084473 141 2
"81" 1 0 -60.75 -17.9166666666667 209.910934866474 33.3940010070801 161 28
"82" 2 0 -41.9166666666667 -15.9166666666667 176.377928359312 28.5727500915527 181 5
"83" 1 0 -46.4166666666667 -20.0833333333333 223.267290362694 29.3157501220703 299 14
"84" 3 0 -41.0833333333333 -14.0833333333333 142.1442309048 30.6327495574951 124 5
"85" 3 0 -54.5833333333333 -18.75 198.718711758996 33.1339988708496 253 27
"86" 3 0 -44.4166666666667 -22.5833333333333 233.418186517808 29.7800006866455 264 22
"87" 2 0 -50.9166666666667 -27.75 327.998542015707 25.4745006561279 171 111
"88" 1 0 -57.0833333333333 -24.25 354.98856936162 33.2820014953613 205 34
"89" 3 0 -57.4166666666667 -19.75 255.292469656296 34.1175003051758 183 29
"90" 3 0 -48.9166666666667 -20.5833333333333 196.193202349093 31.7005004882812 245 12
"91" 2 0 -45.9166666666667 -9.58333333333333 90.2898321202981 33.1747512817383 238 1
"92" 2 0 -49.75 -18.4166666666667 155.059971215875 32.015251159668 277 14
"93" 3 0 -47.0833333333333 -16.4166666666667 154.346414200965 29.4977493286133 280 8
"94" 3 0 -53.4166666666667 -31.4166666666667 417.426966257302 28.277250289917 141 95
"95" 2 0 -44.9166666666667 -12.25 109.112053163259 31.9527492523193 203 2
"96" 1 0 -51.9166666666667 -22.9166666666667 267.039302596316 30.4169998168945 169 46
"97" 1 0 -45.5833333333333 -14.5833333333333 120.745999643866 30.4262504577637 287 2
"98" 2 0 -58.0833333333333 -17.75 206.876109447587 34.0439987182617 205 23
"99" 2 0 -48.5833333333333 -26.5833333333333 305.869977544454 29.0545463562012 244 83
"100" 3 0 -45.25 -20.75 222.883975416575 29.0865001678467 304 19
"101" 1 0 -42.0833333333333 -21.75 245.032744165707 32.2014999389648 218 17
"102" 3 0 -43.4166666666667 -19.0833333333333 233.506164116296 29.9179992675781 293 12
"103" 3 0 -54.75 -25.0833333333333 348.689343358162 30.9284992218018 188 92
"104" 1 0 -55.5833333333333 -24.75 341.07876426789 31.7212505340576 192 85
"105" 3 0 -39.9166666666667 -18.4166666666667 179.096128925182 31.0874996185303 170 55
"106" 2 0 -60.0833333333333 -19.75 268.738283376122 35.0727500915527 92 14
"107" 1 0 -43.0833333333333 -7.75 101.272431453797 33.6464996337891 176 1
"108" 3 0 -40.4166666666667 -18.75 185.894894299463 31.535249710083 178 37
"109" 2 0 -39.9166666666667 -19.5833333333333 196.776444659058 31.1909313201904 187 49
"110" 3 0 -53.4166666666667 -19.4166666666667 182.821381727829 31.4114990234375 262 29
"111" 1 0 -58.0833333333333 -21.0833333333333 290.760774679404 34.5142517089844 144 23
"112" 1 0 -40.9166666666667 -9.75 131.428345138801 33.1655006408691 96 1
"113" 1 0 -56.0833333333333 -20.25 248.209344804111 32.8865013122559 217 31
"114" 3 0 -51.0833333333333 -19.4166666666667 192.245095266923 32.2197494506836 282 18
"115" 3 0 -57.5833333333333 -20.0833333333333 263.318797717094 34.2432518005371 173 29
"116" 2 0 -57.75 -19.9166666666667 259.817908611594 34.3375015258789 170 28
"117" 2 0 -56.4166666666667 -28.0833333333333 411.894033129518 31.82200050354 162 85
"118" 2 0 -41.4166666666667 -22.0833333333333 204.184910153448 31.3102493286133 155 31
"119" 2 0 -40.5833333333333 -13.0833333333333 148.080837895394 29.6307506561279 115 13
"120" 2 0 -59.0833333333333 -20.25 272.485233908456 35.2514991760254 113 16
"121" 2 0 -56.5833333333333 -25.25 360.413432776734 32.5932502746582 168 67
"122" 1 0 -54.4166666666667 -13.25 102.755515654373 33.8062515258789 296 2
"123" 1 0 -46.5833333333333 -23.75 242.352273797309 26.1119995117188 263 62
"124" 2 0 -59.25 -14.75 129.577553031642 31.9097499847412 294 13
"125" 1 0 -40.0833333333333 -7.91666666666666 128.9330877795 32.5349998474121 155 3
"126" 2 0 -56.9166666666667 -15.75 169.914013121132 33.7319984436035 205 22
"127" 2 0 -49.5833333333333 -16.0833333333333 107.772566943491 29.7482509613037 290 10
"128" 3 0 -41.0833333333333 -18.25 183.720908594636 31.6187496185303 182 24
"129" 2 0 -43.25 -9.58333333333333 86.0608336438138 33.6684989929199 140 0
"130" 2 0 -41.75 -16.75 175.22839217994 30.5287494659424 175 7
"131" 2 0 -60.0833333333333 -18.9166666666667 240.544476403293 34.7332496643066 119 19
"132" 3 0 -41.75 -22.0833333333333 218.634917578072 31.986499786377 196 30
"133" 2 0 -55.9166666666667 -28.5833333333333 418.26902702556 32.0149993896484 172 93
"134" 1 0 -48.25 -20.25 184.749213269038 31.0927505493164 273 13
"135" 3 0 -46.9166666666667 -17.9166666666667 165.13083343408 30.8872509002686 307 7
"136" 1 0 -45.75 -14.75 122.342760641044 30.2849998474121 314 2
"137" 1 0 -47.75 -10.9166666666667 89.5692039832923 32.0979995727539 261 3
"138" 2 0 -40.0833333333333 -7.75 127.70791514844 32.1112518310547 185 4
"139" 2 0 -47.9166666666667 -23.75 262.501312743933 27.7360000610352 196 39
"140" 1 0 -58.5833333333333 -19.9166666666667 258.419012466389 34.8375015258789 136 20
"141" 3 0 -43.0833333333333 -12.9166666666667 100.591585394414 32.8082504272461 157 1
"142" 1 0 -42.9166666666667 -18.9166666666667 231.467944535619 28.8420009613037 301 14
"143" 3 0 -52.0833333333333 -28.4166666666667 349.197028719275 27.2854995727539 195 123
"144" 3 0 -47.0833333333333 -23.4166666666667 236.549497821331 26.5512504577637 233 36
"145" 2 0 -58.75 -22.4166666666667 336.429627912357 34.7840003967285 117 21
"146" 3 0 -49.0833333333333 -22.5833333333333 227.138370356297 29.9930000305176 204 25
"147" 1 0 -51.5833333333333 -21.4166666666667 259.635322049316 31.5042495727539 185 26
"148" 1 0 -47.75 -13.25 94.566726663321 31.3064994812012 264 3
"149" 2 0 -57.75 -16.4166666666667 187.61758473703 33.726749420166 232 21
"150" 3 0 -57.75 -26.9166666666667 400.879210916657 32.1595001220703 156 53
"151" 3 0 -40.75 -7.75 109.631840584646 31.8922500610352 156 1
"152" 3 0 -58.25 -14.5833333333333 119.861771778954 32.9570007324219 313 11
"153" 1 0 -46.9166666666667 -14.9166666666667 117.173773527977 30.8680000305176 242 4
"154" 2 0 -51.0833333333333 -17.0833333333333 124.589849293844 30.4077491760254 286 14
"155" 2 0 -44.5833333333333 -11.4166666666667 130.320543401431 33.7507514953613 181 0
"156" 2 0 -53.9166666666667 -25.9166666666667 360.336830721316 29.0394992828369 201 114
"157" 1 0 -56.25 -22.9166666666667 289.556835544329 31.4912490844727 189 47
"158" 3 0 -53.0833333333333 -28.25 369.108416137459 29.2807502746582 177 127
"159" 1 0 -45.0833333333333 -14.0833333333333 127.092552230039 30.8017501831055 232 1
"160" 3 0 -47.75 -20.75 187.320501045884 28.5892505645752 281 16
"161" 1 0 -52.9166666666667 -15.4166666666667 180.004518774038 33.2992515563965 287 4
"162" 2 0 -54.4166666666667 -20.5833333333333 185.715277304147 30.8575000762939 228 43
"163" 1 0 -53.4166666666667 -24.25 312.52596531569 30.4237499237061 179 71
"164" 3 0 -56.9166666666667 -25.9166666666667 367.06245128099 31.3122501373291 163 64
"165" 1 0 -42.5833333333333 -7.75 99.2678464859208 34.6822509765625 166 1
"166" 3 0 -55.9166666666667 -28.0833333333333 403.808287144252 31.8214988708496 174 96
"167" 3 0 -44.9166666666667 -21.5833333333333 225.162132400477 29.1135005950928 307 18
"168" 1 0 -40.25 -14.0833333333333 148.316983656686 27.0567493438721 119 19
"169" 3 0 -49.9166666666667 -23.75 280.661947487111 29.7520008087158 166 44
"170" 2 0 -54.0833333333333 -24.25 319.467335962811 30.6989994049072 187 74
"171" 3 0 -58.75 -23.5833333333333 365.696324395819 34.6069984436035 121 29
"172" 3 0 -52.5833333333333 -21.4166666666667 241.239635188928 31.7547492980957 177 29
"173" 2 0 -53.0833333333333 -32.25 419.270164074891 28.513500213623 130 82
"174" 2 0 -54.75 -20.4166666666667 181.757070087998 31.300500869751 229 39
"175" 1 0 -51.4166666666667 -27.25 335.671769117022 26.6340007781982 191 101
"176" 1 0 -37.75 -10.9166666666667 156.243802298216 29.9645004272461 156 41
"177" 3 0 -43.75 -17.25 169.548558205464 30.0822505950928 227 3
"178" 3 0 -43.9166666666667 -16.9166666666667 160.541987885634 29.3815002441406 252 5
"179" 3 0 -56.4166666666667 -19.75 245.75496368749 33.4570007324219 211 30
"180" 3 0 -51.9166666666667 -18.4166666666667 159.840973712411 31.0265007019043 296 19
"181" 1 0 -54.75 -23.5833333333333 307.930792807845 31.4314994812012 196 66
"182" 2 0 -57.25 -27.75 410.972940434046 31.9659996032715 166 64
"183" 1 0 -55.4166666666667 -17.25 198.285934052711 34.2190017700195 244 17
"184" 2 0 -52.9166666666667 -26.0833333333333 341.528672387822 28.5202503204346 210 120
"185" 1 0 -44.5833333333333 -9.41666666666666 97.361795397887 33.8709983825684 185 1
"186" 3 0 -55.75 -20.9166666666667 249.23580519127 32.0589981079102 204 37
"187" 2 0 -56.75 -16.0833333333333 177.487531684497 34.3445014953613 209 21
"188" 2 0 -42.5833333333333 -15.9166666666667 181.176367556219 28.7094993591309 208 5
"189" 2 0 -48.4166666666667 -17.5833333333333 177.670075171636 31.3665008544922 293 9
"190" 2 0 -58.25 -25.75 385.410440309049 32.7434997558594 150 39
"191" 3 0 -52.4166666666667 -15.4166666666667 151.536905879996 31.4672508239746 288 6
"192" 1 0 -53.25 -25.9166666666667 333.362811612583 28.1512508392334 224 114
"193" 3 0 -47.9166666666667 -19.75 168.971913788646 29.388500213623 288 21
"194" 3 0 -52.75 -32.5833333333333 406.485210745923 26.8645000457764 121 75
"195" 1 0 -41.4166666666667 -21.75 202.13398890883 32.5957489013672 180 26
"196" 1 0 -45.0833333333333 -21.0833333333333 229.388686062684 29.5060005187988 308 22
"197" 3 0 -43.4166666666667 -8.08333333333333 94.2576476482831 33.1267509460449 168 2
"198" 2 0 -53.25 -30.25 414.042574274291 29.6140003204346 139 110
"199" 2 0 -52.5833333333333 -33.0833333333333 406.473496747476 26.25 121 75
"200" 2 0 -40.75 -12.25 159.486082939047 28.7159996032715 96 23
"201" 2 0 -49.75 -25.25 293.48077955167 27.0209999084473 212 83
"202" 1 0 -39.5833333333333 -15.25 151.291467959081 27.4317493438721 139 72
"203" 1 0 -56.75 -25.25 364.487348545588 32.6777496337891 169 60
"204" 2 0 -55.75 -20.0833333333333 235.270732294474 32.7929992675781 227 31
"205" 3 0 -41.75 -12.25 129.680067332934 28.0952491760254 114 9
"206" 3 0 -49.75 -26.5833333333333 313.404101524493 25.4232501983643 172 84
"207" 3 0 -55.75 -25.9166666666667 361.700452494616 31.3239994049072 197 84
"208" 1 0 -52.25 -14.5833333333333 143.58000409883 34.0379981994629 269 3
"209" 1 0 -55.75 -22.5833333333333 271.199088421143 30.2220001220703 189 43
"210" 1 0 -38.0833333333333 -9.91666666666666 187.525717900826 31.1415004730225 76 14
"211" 1 0 -41.0833333333333 -20.75 211.279704199846 31.0195007324219 187 32
"212" 3 0 -42.5833333333333 -11.75 108.408754191211 30.5990009307861 136 1
"213" 2 0 -44.0833333333333 -13.75 115.070476406333 30.3372497558594 198 1
"214" 1 0 -58.0833333333333 -18.4166666666667 208.4708023505 32.8310012817383 183 22
"215" 1 0 -40.75 -14.4166666666667 148.831307994656 28.0820007324219 129 7
"216" 2 0 -59.75 -20.0833333333333 275.935970641357 35.2905006408691 95 14
"217" 1 0 -56.5833333333333 -19.25 238.440346932695 33.7232513427734 216 30
"218" 3 0 -47.75 -21.4166666666667 218.667695466751 30.0914993286133 256 25
"219" 3 0 -51.5833333333333 -18.75 169.169443305577 31.4850006103516 288 19
"220" 2 0 -39.0833333333333 -14.0833333333333 130.03540703056 28.9553031921387 230 141
"221" 3 0 -50.75 -27.75 329.693657594848 25.5117492675781 162 108
"222" 1 0 -56.25 -26.25 373.183172137487 31.9475002288818 177 67
"223" 1 0 -50.25 -29.9166666666667 336.833249771438 27.7387504577637 149 94
"224" 3 0 -55.75 -24.5833333333333 341.205929683904 32.2592506408691 183 84
"225" 2 0 -59.4166666666667 -15.4166666666667 155.532872939419 33.880500793457 272 17
"226" 3 0 -45.0833333333333 -13.75 120.276432574102 30.6525001525879 222 1
"227" 1 0 -56.75 -24.75 358.847978076444 32.9202499389648 188 47
"228" 3 0 -50.9166666666667 -16.0833333333333 125.531669667663 32.2949981689453 286 8
"229" 2 0 -57.0833333333333 -19.4166666666667 245.820135418239 33.8972511291504 198 29
"230" 3 0 -51.25 -29.0833333333333 332.538162988012 25.2737503051758 182 121
"231" 1 0 -38.9166666666667 -13.75 127.507440702062 29.236665725708 239 134
"232" 1 0 -49.9166666666667 -19.0833333333333 174.157343699054 31.8952503204346 266 15
"233" 1 0 -51.0833333333333 -28.0833333333333 326.034812483739 25.4759998321533 178 111
"234" 2 0 -43.4166666666667 -19.5833333333333 219.696780209419 30.2945003509521 319 11
"235" 2 0 -46.5833333333333 -17.5833333333333 167.62481683144 32.0102500915527 263 7
"236" 2 0 -45.5833333333333 -9.91666666666666 94.775691332181 33.3530006408691 203 1
"237" 1 0 -52.25 -28.75 351.88824993601 26.7487506866455 171 126
"238" 3 0 -40.25 -16.0833333333333 174.485464587964 31.5692501068115 135 22
"239" 2 0 -43.5833333333333 -19.4166666666667 202.174383007683 27.4522495269775 318 9
"240" 2 0 -52.25 -28.0833333333333 354.766358103431 28.2290000915527 201 122
"241" 2 0 -46.0833333333333 -23.25 241.655773450947 27.4010009765625 229 32
"242" 2 0 -37.5833333333333 -11.4166666666667 146.183909742286 30.4895000457764 241 54
"243" 1 0 -43.75 -8.41666666666666 99.320584330509 34.2109985351562 154 1
"244" 3 0 -58.4166666666667 -22.5833333333333 337.126178601654 34.6279983520508 133 25
"245" 1 0 -49.75 -28.0833333333333 294.098724505251 22.107250213623 174 107
"246" 2 0 -45.9166666666667 -23.0833333333333 244.96007114377 27.7759990692139 234 29
"247" 3 0 -42.9166666666667 -11.25 65.7745987871531 33.4539985656738 141 1
"248" 3 0 -50.0833333333333 -19.9166666666667 199.067163524512 31.955249786377 221 14
"249" 1 0 -38.25 -11.25 162.693831506975 30.7040004730225 117 33
"250" 3 0 -53.25 -15.4166666666667 181.989977385801 33.09375 300 3
"251" 1 0 -38.4166666666667 -9.25 188.79769365583 32.4835014343262 103 10
"252" 1 0 -47.5833333333333 -20.75 196.027634961739 28.8452491760254 281 15
"253" 2 0 -42.25 -10.5833333333333 106.404212588741 33.929500579834 114 1
"254" 1 0 -45.4166666666667 -20.9166666666667 235.596750081236 29.9777507781982 287 21
"255" 3 0 -51.0833333333333 -19.0833333333333 179.135884877208 32.2077484130859 282 18
"256" 3 0 -57.75 -19.4166666666667 242.592924100517 34.3569984436035 173 26
"257" 1 0 -50.0833333333333 -23.25 287.795969056707 30.4064998626709 166 58
"258" 2 0 -44.0833333333333 -22.5833333333333 241.661150985167 30.1299991607666 243 21
"259" 1 0 -44.5833333333333 -13.25 119.450187156911 31.5982494354248 208 1
"260" 2 0 -60.9166666666667 -19.5833333333333 276.806248068813 34.6037483215332 83 8
"261" 2 0 -53.0833333333333 -33.25 413.772080976461 26.7880001068115 124 82
"262" 1 0 -39.25 -11.0833333333333 173.857044144881 31.4307498931885 80 15
"263" 1 0 -56.5833333333333 -30.0833333333333 456.543920013114 30.8320007324219 168 84
"264" 3 0 -57.0833333333333 -20.75 262.863382765126 32.9539985656738 172 36
"265" 1 0 -51.9166666666667 -19.4166666666667 187.408391946781 31.2000007629395 278 21
"266" 3 0 -54.25 -24.5833333333333 330.264288800579 30.5170001983643 202 85
"267" 2 0 -40.5833333333333 -16.0833333333333 177.256332029614 31.2854995727539 149 23
"268" 2 0 -59.5833333333333 -21.0833333333333 309.631765983744 35.5200004577637 99 13
"269" 2 0 -51.75 -30.5833333333333 376.995483209073 27.300500869751 134 102
"270" 1 0 -44.25 -21.75 222.50964072295 27.7432498931885 295 18
"271" 1 0 -38.9166666666667 -8.91666666666666 186.955692278946 32.377498626709 110 4
"272" 3 0 -57.0833333333333 -14.5833333333333 102.863916537468 33.923999786377 272 10
"273" 1 0 -55.9166666666667 -22.9166666666667 292.660892425702 31.8999996185303 189 50
"274" 1 0 -52.5833333333333 -20.25 212.564111737759 31.7835006713867 231 27
"275" 2 0 -44.9166666666667 -11.5833333333333 120.121207174076 33.1515007019043 193 0
"276" 1 0 -51.75 -15.0833333333333 142.690088013194 33.8587493896484 278 5
"277" 1 0 -58.75 -27.5833333333333 426.492883633838 32.0307502746582 177 44
"278" 2 0 -59.4166666666667 -21.25 312.000766628959 35.4452514648438 101 14
"279" 2 0 -55.0833333333333 -23.9166666666667 316.524281229199 31.3155002593994 191 74
"280" 2 0 -42.5833333333333 -16.4166666666667 180.244214146121 29.1012496948242 212 8
"281" 3 0 -51.4166666666667 -25.0833333333333 279.611814447075 25.5524997711182 192 95
"282" 3 0 -46.4166666666667 -20.9166666666667 228.011201067682 28.9372501373291 280 16
"283" 1 0 -60.9166666666667 -20.4166666666667 311.758588628691 34.9915008544922 76 6
"284" 2 0 -54.25 -13.9166666666667 121.396783273486 33.2265014648438 298 4
"285" 3 0 -43.0833333333333 -21.25 226.140713490818 30.793249130249 248 13
"286" 3 0 -40.4166666666667 -9.91666666666666 161.939507188223 31.2935009002686 89 2
"287" 3 0 -45.0833333333333 -13.0833333333333 105.926886942568 30.4077491760254 219 1
"288" 2 0 -46.25 -9.75 88.1199805074997 33.2205009460449 216 1
"289" 2 0 -52.4166666666667 -16.25 155.038419119635 31.914249420166 297 9
"290" 1 0 -47.0833333333333 -22.0833333333333 234.275201305565 30.3810005187988 244 20
"291" 1 0 -51.25 -16.4166666666667 128.022788209855 31.8360004425049 287 10
"292" 3 0 -56.0833333333333 -15.9166666666667 162.721740800485 34.0747489929199 215 17
"293" 3 0 -43.75 -10.25 91.1277390582691 32.7797508239746 150 1
"294" 1 0 -60.5833333333333 -17.5833333333333 206.97439154677 34.1047477722168 194 33
"295" 2 0 -53.5833333333333 -23.5833333333333 295.081433538499 30.6672496795654 166 61
"296" 3 0 -54.5833333333333 -13.0833333333333 98.510546201481 33.7642517089844 298 2
"297" 1 0 -50.5833333333333 -19.25 184.202723844958 32.2697486877441 266 17
"298" 1 0 -42.5833333333333 -13.5833333333333 116.000942260056 29.0669994354248 164 1
"299" 1 0 -49.0833333333333 -18.25 168.165993339419 31.1037502288818 276 11
"300" 2 0 -53.9166666666667 -19.5833333333333 180.208095956702 31.0957508087158 253 32
"301" 1 0 -52.9166666666667 -21.25 229.437339338168 31.6825008392334 187 29
"302" 3 0 -43.5833333333333 -9.08333333333333 84.4781965167894 32.5799980163574 149 0
"303" 3 0 -57.9166666666667 -23.5833333333333 345.287642832278 34.0722503662109 147 29
"304" 3 0 -48.5833333333333 -26.9166666666667 321.397351622613 29.0345668792725 214 83
"305" 2 0 -58.9166666666667 -22.75 347.960228869753 34.8619995117188 113 21
"306" 1 0 -45.5833333333333 -13.75 105.470130551169 30.4265003204346 238 1
"307" 3 0 -45.0833333333333 -11.5833333333333 114.628456895485 32.4402503967285 197 1
"308" 2 0 -56.75 -25.5833333333333 366.976010798802 32.132999420166 166 65
"309" 1 0 -46.0833333333333 -12.5833333333333 88.6684423073522 31.0422496795654 269 2
"310" 2 0 -50.5833333333333 -21.0833333333333 250.896721104428 31.8152503967285 214 17
"311" 3 0 -49.0833333333333 -24.0833333333333 293.269925610803 28.3752498626709 179 47
"312" 1 0 -56.75 -27.9166666666667 409.690065258296 31.6125011444092 165 78
"313" 3 0 -39.25 -7.91666666666666 150.398129622776 31.4484996795654 183 2
"314" 1 0 -40.9166666666667 -21.4166666666667 199.291675440193 30.8192310333252 151 26
"315" 1 0 -55.9166666666667 -16.0833333333333 168.128010476114 33.6419982910156 221 17
"316" 3 0 -55.0833333333333 -24.0833333333333 317.288028743211 31.068000793457 193 77
"317" 2 0 -47.4166666666667 -20.25 184.647100762403 27.3169994354248 289 16
"318" 1 0 -50.0833333333333 -24.75 286.637849217911 26.7584991455078 195 83
"319" 1 0 -52.25 -13.5833333333333 117.18736026755 34.2104988098145 278 1
"320" 3 0 -57.4166666666667 -25.0833333333333 360.847487987214 32.4637489318848 164 50
"321" 2 0 -47.0833333333333 -14.25 107.449572053797 32.2709999084473 239 4
"322" 2 0 -38.25 -10.0833333333333 186.832346149748 31.338249206543 84 19
"323" 3 0 -56.0833333333333 -27.25 389.298049333218 31.8027496337891 191 93
"324" 2 0 -40.25 -18.0833333333333 180.488885701278 31.8027496337891 167 41
"325" 3 0 -50.4166666666667 -22.4166666666667 271.524502083562 30.7377490997314 197 33
"326" 2 0 -50.75 -14.75 121.16812424972 33.944751739502 283 5
"327" 3 0 -58.5833333333333 -17.4166666666667 200.147221193248 34.4220008850098 223 27
"328" 3 0 -43.0833333333333 -13.0833333333333 101.264741795932 32.9765014648438 160 1
"329" 3 0 -55.9166666666667 -21.9166666666667 259.452456237305 30.4459991455078 186 42
"330" 1 0 -42.25 -16.9166666666667 170.968626720442 32.9412498474121 181 4
"331" 3 0 -43.75 -9.75 85.9440891938779 33.734748840332 136 1
"332" 3 0 -56.4166666666667 -29.5833333333333 443.214919016645 31.0540008544922 171 86
"333" 3 0 -51.5833333333333 -29.25 343.490194921752 25.9605007171631 158 119
"334" 2 0 -49.9166666666667 -27.25 337.294198746557 27.8435001373291 172 105
"335" 1 0 -53.0833333333333 -15.25 177.133912404977 33.5307502746582 292 4
"336" 2 0 -54.4166666666667 -15.25 157.003826804057 31.5319995880127 318 7
"337" 2 0 -42.9166666666667 -15.4166666666667 142.404906042132 31.6042499542236 188 1
"338" 3 0 -58.25 -17.5833333333333 204.340660030517 34.2942504882812 213 24
"339" 2 0 -48.5833333333333 -27.9166666666667 309.850196690755 28.9351348876953 190 91
"340" 1 0 -56.5833333333333 -24.5833333333333 350.578864061516 32.9267501831055 181 51
"341" 2 0 -40.75 -15.4166666666667 163.185681857543 27.6987495422363 161 20
"342" 1 0 -42.0833333333333 -17.9166666666667 193.112337616879 30.8117504119873 215 11
"343" 3 0 -54.5833333333333 -25.75 363.555345573548 30.8729991912842 190 104
"344" 3 0 -53.9166666666667 -28.9166666666667 381.248223707769 29.4640007019043 175 130
"345" 2 0 -52.0833333333333 -18.4166666666667 159.95355162103 30.7534999847412 298 20
"346" 1 0 -55.75 -28.25 406.606245664416 31.7997493743896 179 99
"347" 3 0 -40.0833333333333 -15.25 165.597672539398 29.6187496185303 131 29
"348" 2 0 -40.4166666666667 -17.0833333333333 178.062872942942 30.9907493591309 161 42
"349" 1 0 -43.4166666666667 -13.25 97.436185227119 33.2342491149902 179 1
"350" 1 0 -42.25 -17.4166666666667 178.29608364509 29.5645008087158 211 7
"351" 2 0 -47.5833333333333 -14.25 95.7477678997273 27.9987506866455 280 6
"352" 2 0 -41.0833333333333 -9.91666666666666 132.267120827928 30.8339996337891 95 1
"353" 1 0 -55.5833333333333 -29.5833333333333 425.295720987953 30.6722507476807 175 112
"354" 3 0 -57.0833333333333 -19.5833333333333 250.389592737211 33.9817504882812 195 29
"355" 3 0 -51.75 -28.0833333333333 344.714800020505 27.4492492675781 197 118
"356" 1 0 -54.75 -14.75 134.161296850055 32.5807495117188 297 6
"357" 1 0 -52.75 -16.75 167.732222249247 32.1180000305176 307 11
"358" 1 0 -56.75 -26.75 388.08132827472 32.153751373291 171 71
"359" 1 0 -45.9166666666667 -22.0833333333333 241.324954525141 29.5752506256104 282 28
"360" 2 0 -53.4166666666667 -29.4166666666667 383.337205369064 28.4662494659424 150 117
"361" 2 0 -40.5833333333333 -12.9166666666667 147.397563564778 29.1415004730225 117 16
"362" 1 0 -40.75 -8.25 125.978348328868 31.7992496490479 137 2
"363" 3 0 -51.9166666666667 -22.0833333333333 247.991855179338 31.7269992828369 178 34
"364" 1 0 -41.0833333333333 -7.58333333333333 105.226919292027 33.9147491455078 161 0
"365" 1 0 -50.5833333333333 -30.75 352.962555374831 27.5322856903076 146 87
"366" 2 0 -47.0833333333333 -19.5833333333333 185.088403057271 28.7097492218018 340 14
"367" 3 0 -41.75 -10.4166666666667 118.78360061397 32.885498046875 107 0
"368" 2 0 -42.4166666666667 -13.9166666666667 122.169180840163 27.9139995574951 180 4
"369" 2 0 -55.75 -30.25 444.554659509825 30.3325004577637 150 108
"370" 3 0 -55.4166666666667 -24.9166666666667 344.298017412938 31.6622505187988 199 81
"371" 2 0 -47.25 -11.5833333333333 91.1858986250764 32.7817497253418 263 2
"372" 2 0 -42.25 -22.5833333333333 222.494579820247 31.6639995574951 172 29
"373" 1 0 -55.75 -17.25 199.806604040245 34.2654991149902 236 19
"374" 1 0 -58.25 -28.5833333333333 439.185281951661 31.6352500915527 146 50
"375" 2 0 -54.25 -17.5833333333333 182.927881198609 32.0772514343262 281 18
"376" 1 0 -45.5833333333333 -9.08333333333333 90.7548233934506 32.6657485961914 249 0
"377" 2 0 -51.0833333333333 -25.0833333333333 302.846335668017 27.5820007324219 176 85
"378" 3 0 -44.5833333333333 -18.0833333333333 193.83868616675 31.5590000152588 217 4
"379" 2 0 -56.5833333333333 -25.5833333333333 365.438905842772 32.1662483215332 170 67
"380" 1 0 -57.5833333333333 -20.75 271.970529029245 33.8002510070801 160 33
"381" 1 0 -44.0833333333333 -18.25 194.25165836434 30.6462497711182 220 4
"382" 3 0 -50.0833333333333 -14.4166666666667 112.905776794425 33.1684989929199 274 5
"383" 2 0 -41.5833333333333 -8.08333333333333 105.149053159542 34.752498626709 174 0
"384" 3 0 -40.9166666666667 -22.0833333333333 194.776486742607 30.533332824707 149 27
"385" 2 0 -55.25 -29.25 412.920937871687 30.6687507629395 172 119
"386" 1 0 -40.5833333333333 -13.75 140.869328236543 27.9047508239746 121 8
"387" 2 0 -58.5833333333333 -14.0833333333333 110.190777286551 32.642749786377 333 9
"388" 1 0 -56.0833333333333 -17.4166666666667 204.850481156553 34.1462478637695 231 21
"389" 3 0 -57.5833333333333 -27.4166666666667 406.031959609724 32.0167503356934 164 56
"390" 1 0 -56.0833333333333 -30.5833333333333 456.135294177328 30.433500289917 150 94
"391" 1 0 -45.4166666666667 -13.9166666666667 113.32084034993 30.3762493133545 237 1
"392" 3 0 -46.9166666666667 -13.25 92.6557176335794 32.0047492980957 260 2
"393" 3 0 -44.75 -8.41666666666666 99.3748918308764 33.5315017700195 174 1
"394" 1 0 -44.0833333333333 -22.75 235.462515679425 29.1912498474121 245 25
"395" 2 0 -53.5833333333333 -15.5833333333333 184.175751737394 32.0332489013672 313 4
"396" 1 0 -51.4166666666667 -23.4166666666667 266.625177641092 28.2695007324219 193 56
"397" 3 0 -49.75 -15.25 113.855070879744 30.8847503662109 271 7
"398" 1 0 -53.75 -32.25 435.856057076803 28.5467491149902 129 87
"399" 2 0 -42.75 -20.75 240.641661503251 29.5939998626709 247 20
"400" 1 0 -58.75 -14.9166666666667 134.917542931014 32.7075004577637 297 15
"401" 1 0 -50.9166666666667 -30.4166666666667 354.100241261558 27.9893341064453 141 89
"402" 1 0 -44.0833333333333 -11.75 119.988314762998 34.0572509765625 167 1
"403" 2 0 -41.5833333333333 -11.5833333333333 139.721819782748 29.7045001983643 106 3
"404" 1 0 -58.75 -21.25 304.554827993987 35.0994987487793 118 18
"405" 1 0 -58.9166666666667 -23.5833333333333 369.32712982358 34.6652488708496 118 27
"406" 2 0 -53.0833333333333 -18.75 170.745605721193 30.4174995422363 285 24
"407" 2 0 -43.4166666666667 -16.5833333333333 161.679843242033 29.0262508392334 233 2
"408" 2 0 -53.5833333333333 -17.75 175.646223019011 31.2779998779297 292 17
"409" 2 0 -44.0833333333333 -14.9166666666667 133.78583924066 31.7805004119873 207 1
"410" 1 0 -51.4166666666667 -16.0833333333333 129.759105112272 32.4199981689453 281 9
"411" 3 0 -53.25 -18.0833333333333 166.051225677679 29.8752498626709 300 21
"412" 3 0 -55.75 -28.9166666666667 419.453457569303 31.3947505950928 177 102
"413" 1 0 -41.4166666666667 -15.9166666666667 173.063364282929 28.5227508544922 176 7
"414" 1 0 -38.25 -10.4166666666667 180.529073689237 30.3565006256104 88 19
"415" 2 0 -47.75 -12.75 102.756005892358 33.5267486572266 247 1
"416" 1 0 -52.4166666666667 -14.4166666666667 142.110171228693 33.8310012817383 265 3
"417" 1 0 -39.5833333333333 -12.5833333333333 154.537590154312 28.7912502288818 78 27
"418" 3 0 -59.5833333333333 -15.0833333333333 147.552677222561 33.6054992675781 274 14
"419" 2 0 -48.4166666666667 -17.9166666666667 174.919393134778 30.8542499542236 291 10
"420" 2 0 -57.25 -28.25 423.477401014786 31.480749130249 154 69
"421" 3 0 -51.9166666666667 -25.9166666666667 310.059424587483 25.6215000152588 191 113
"422" 2 0 -52.75 -15.75 182.407405248242 33.1749992370605 289 5
"423" 1 0 -55.4166666666667 -17.5833333333333 204.158861747169 34.0895004272461 245 20
"424" 3 0 -43.5833333333333 -22.25 230.948538897244 29.1504993438721 232 27
"425" 1 0 -48.4166666666667 -22.9166666666667 237.05780489167 28.6254997253418 225 33
"426" 3 0 -43.4166666666667 -10.0833333333333 83.7284209977953 33.1425018310547 132 1
"427" 3 0 -49.9166666666667 -20.4166666666667 208.258315785391 31.7805004119873 229 17
"428" 2 0 -43.5833333333333 -12.9166666666667 103.664209688014 33.5107498168945 159 0
"429" 2 0 -40.5833333333333 -19.25 191.959600487842 30.7887496948242 189 37
"430" 3 0 -52.25 -30.4166666666667 399.860565621405 28.2152500152588 136 101
"431" 3 0 -41.75 -20.9166666666667 230.433713442357 29.769250869751 217 24
"432" 3 0 -44.4166666666667 -14.25 130.472582448909 31.8162498474121 211 1
"433" 1 0 -56.9166666666667 -13.4166666666667 82.857700111294 33.9549980163574 328 3
"434" 2 0 -54.25 -13.25 104.970254226578 34.0197486877441 295 2
"435" 2 0 -51.75 -24.4166666666667 282.320775227767 28.17799949646 189 78
"436" 1 0 -55.0833333333333 -13.5833333333333 95.0219436935334 33.8250007629395 302 3
"437" 1 0 -42.9166666666667 -12.0833333333333 105.484405859843 32.8040008544922 148 1
"438" 2 0 -50.9166666666667 -19.75 208.998116578815 31.9934997558594 265 17
"439" 2 0 -58.25 -17.75 206.447114013617 34.158748626709 206 24
"440" 3 0 -58.9166666666667 -22.4166666666667 338.658987178091 34.9090003967285 109 19
"441" 3 0 -49.25 -16.75 121.293629625273 30.7170009613037 294 11
"442" 2 0 -55.0833333333333 -27.9166666666667 393.602417898706 31.3824996948242 178 122
"443" 1 0 -53.25 -24.4166666666667 313.985062370474 29.97825050354 203 77
"444" 2 0 -40.5833333333333 -12.5833333333333 152.318129666472 29.2835006713867 99 17
"445" 1 0 -42.75 -22.75 219.192363274589 31.429500579834 187 24
"446" 3 0 -55.75 -21.4166666666667 250.400016680995 31.3454990386963 190 40
"447" 1 0 -50.25 -14.75 116.205641241355 33.3072509765625 276 5
"448" 2 0 -55.9166666666667 -17.75 210.198898569859 34.036750793457 236 21
"449" 1 0 -46.4166666666667 -14.0833333333333 90.9812621873014 30.7549991607666 263 4
"450" 1 0 -39.9166666666667 -8.75 160.534506600486 32.1990013122559 114 2
"451" 3 0 -53.0833333333333 -15.4166666666667 180.229794804394 33.140251159668 294 4
"452" 1 0 -42.4166666666667 -9.75 93.8129761999514 34.4377517700195 124 1
"453" 1 0 -42.75 -8.08333333333333 97.861730975663 34.8655014038086 161 2
"454" 1 0 -36.9166666666667 -9.75 177.930164010489 31.3430004119873 114 17
"455" 3 0 -49.4166666666667 -22.75 252.173294931969 30.5592498779297 204 32
"456" 1 0 -59.25 -18.5833333333333 227.235289075643 34.5462493896484 152 22
"457" 1 0 -46.25 -14.4166666666667 105.594678797121 30.77174949646 248 3
"458" 2 0 -38.5833333333333 -12.5833333333333 136.127751512832 29.7582473754883 282 77
"459" 3 0 -52.75 -13.4166666666667 114.920945843464 34.2217483520508 277 1
"460" 3 0 -42.4166666666667 -22.0833333333333 248.006408768024 28.6532497406006 251 24
"461" 3 0 -37.25 -10.75 133.303737325717 30.3912506103516 257 45
"462" 3 0 -43.5833333333333 -14.75 136.896702938907 32.388500213623 178 1
"463" 1 0 -40.25 -17.4166666666667 177.263921972551 31.7427501678467 159 37
"464" 1 0 -46.0833333333333 -12.25 86.6186002015599 31.1357498168945 281 3
"465" 3 0 -47.5833333333333 -23.75 252.43656361622 26.5590000152588 220 44
"466" 2 0 -48.9166666666667 -16.5833333333333 113.539495905704 28.92799949646 284 10
"467" 2 0 -57.75 -16.75 194.947768618059 34.2490005493164 224 23
"468" 1 0 -57.9166666666667 -18.25 208.800097206468 33.4412498474121 190 22
"469" 3 0 -45.4166666666667 -8.58333333333333 92.4532425901017 33.1467514038086 195 1
"470" 1 0 -42.9166666666667 -20.0833333333333 224.118396010804 29.9032497406006 283 16
"471" 2 0 -53.75 -18.75 182.42808107357 32.0670013427734 271 24
"472" 3 0 -41.4166666666667 -21.4166666666667 212.643407090021 32.0082511901855 185 25
"473" 1 0 -48.0833333333333 -12.75 98.1457358540969 32.0830001831055 260 2
"474" 3 0 -54.75 -25.9166666666667 373.274010057479 31.3622493743896 179 103
"475" 3 0 -55.5833333333333 -30.4166666666667 443.410391065435 30.1172504425049 148 108
"476" 3 0 -44.5833333333333 -10.5833333333333 120.900450619898 32.7724990844727 189 0
"477" 2 0 -50.9166666666667 -21.0833333333333 255.927911254504 31.4002494812012 202 20
"478" 1 0 -48.9166666666667 -20.75 197.719791795879 31.5084991455078 249 14
"479" 2 0 -55.0833333333333 -31.75 453.499603751197 29.7029991149902 123 101
"480" 3 0 -46.0833333333333 -14.25 102.326606897628 30.4134998321533 270 2
"481" 3 0 -53.9166666666667 -28.0833333333333 381.03641917389 30.3295001983643 190 133
"482" 2 0 -56.9166666666667 -30.0833333333333 460.515500161767 31.1280002593994 170 77
"483" 3 0 -56.75 -28.5833333333333 426.573966283168 31.5522499084473 161 78
"484" 2 0 -43.25 -16.75 167.624614178238 29.3177509307861 232 4
"485" 2 0 -57.25 -26.25 384.140311585945 32.1175003051758 151 65
"486" 2 0 -50.75 -13.9166666666667 113.560403143318 34.1212501525879 285 4
"487" 2 0 -46.9166666666667 -23.75 240.622996916936 25.3797492980957 262 53
"488" 3 0 -50.5833333333333 -18.75 162.421085683172 31.9645004272461 274 16
"489" 1 0 -42.4166666666667 -11.75 113.020319345318 28.9697494506836 138 3
"490" 2 0 -54.4166666666667 -25.75 360.226596338269 30.2987499237061 199 108
"491" 2 0 -49.9166666666667 -25.5833333333333 303.518359409085 26.7727508544922 182 74
"492" 2 0 -57.5833333333333 -17.9166666666667 204.435595381689 32.8400001525879 206 22
"493" 1 0 -55.25 -30.9166666666667 443.10294216471 30.0122509002686 141 104
"494" 2 0 -46.9166666666667 -23.9166666666667 247.381502220155 25.5814990997314 283 68
"495" 1 0 -56.75 -18.0833333333333 216.989232000744 34.0714988708496 218 23
"496" 1 0 -46.9166666666667 -20.4166666666667 213.398840663053 29.2992496490479 286 13
"497" 1 0 -52.9166666666667 -27.75 370.947465355445 29.2592506408691 188 126
"498" 1 0 -51.9166666666667 -29.5833333333333 374.663848769572 29.1075000762939 165 75
"499" 2 0 -58.25 -20.25 267.979932863468 34.8792495727539 146 19
"500" 3 0 -47.9166666666667 -21.25 205.370753510498 29.8637504577637 254 23
"501" 3 0 -52.4166666666667 -14.75 146.451723715385 33.2992515563965 274 4
"502" 1 0 -40.4166666666667 -11.0833333333333 156.628383657547 29.8700008392334 119 29
"503" 2 0 -57.4166666666667 -16.75 194.965640922328 33.9744987487793 220 22
"504" 1 0 -41.9166666666667 -15.5833333333333 172.318561684578 29.0799999237061 174 4
"505" 2 0 -49.5833333333333 -15.0833333333333 117.128814324403 31.5827503204346 265 6
"506" 1 0 -44.9166666666667 -15.4166666666667 151.527793139805 32.2697486877441 248 3
"507" 2 0 -50.9166666666667 -26.25 342.213123085347 27.179500579834 164 101
"508" 3 0 -53.5833333333333 -33.25 421.655299503911 26.6129989624023 126 88
"509" 2 0 -55.25 -15.9166666666667 156.054206288102 31.4347496032715 266 12
"510" 1 0 -41.25 -9.91666666666666 123.88977770469 31.6630001068115 99 0
"511" 2 0 -54.0833333333333 -28.0833333333333 383.358622833209 30.5615005493164 189 135
"512" 2 0 -55.0833333333333 -29.0833333333333 402.448403342319 29.9827499389648 172 127
"513" 1 0 -51.4166666666667 -23.0833333333333 265.859452813095 29.5834999084473 183 48
"514" 1 0 -49.75 -22.75 272.382891848759 30.8222503662109 205 39
"515" 2 0 -51.25 -30.0833333333333 358.840121404298 28.60546875 143 99
"516" 2 0 -40.25 -8.91666666666666 149.413614152933 32.765998840332 135 2
"517" 1 0 -43.75 -12.5833333333333 108.275183393545 33.46875 160 0
"518" 1 0 -44.0833333333333 -12.25 111.825779914344 31.0072498321533 184 1
"519" 3 0 -42.9166666666667 -13.25 105.285965888804 30.9837493896484 170 1
"520" 3 0 -44.5833333333333 -12.75 109.434995476097 30.9139995574951 189 0
"521" 1 0 -41.9166666666667 -18.5833333333333 188.523607220402 32.6749992370605 209 17
"522" 2 0 -57.5833333333333 -28.75 444.54195803658 31.9389991760254 163 61
"523" 2 0 -40.4166666666667 -8.08333333333333 131.171686177842 31.7737503051758 155 3
"524" 1 0 -43.25 -17.4166666666667 178.655893996921 30.6722507476807 232 5
"525" 3 0 -45.25 -8.58333333333333 94.9179232958561 32.8482513427734 187 1
"526" 1 0 -52.9166666666667 -29.9166666666667 404.30630356861 29.4950008392334 148 100
"527" 2 0 -56.75 -30.9166666666667 471.161252979073 30.6652507781982 153 80
"528" 3 0 -47.9166666666667 -17.5833333333333 172.112618233088 30.3330001831055 306 9
"529" 2 0 -54.9166666666667 -25.25 352.148718636051 31.34375 205 89
"530" 3 0 -55.9166666666667 -23.75 323.392105617293 32.6152496337891 187 68
"531" 1 0 -56.9166666666667 -14.5833333333333 104.563503632355 34.8032493591309 258 11
"532" 3 0 -56.9166666666667 -15.0833333333333 146.67179582476 33.8610000610352 205 17
"533" 2 0 -55.25 -26.5833333333333 379.025303988315 31.9487495422363 167 94
"534" 3 0 -54.25 -15.4166666666667 170.345725429126 31.6639995574951 315 6
"535" 2 0 -40.0833333333333 -11.9166666666667 166.377821916546 29.869499206543 89 20
"536" 2 0 -52.75 -28.9166666666667 366.895751149234 27.8994998931885 161 103
"537" 2 0 -39.4166666666667 -12.75 152.36205095538 27.9384994506836 81 39
"538" 2 0 -43.9166666666667 -20.25 189.44130414933 26.9082508087158 319 14
"539" 2 0 -45.75 -15.9166666666667 162.368050524598 32.3297500610352 260 5
"540" 3 0 -43.4166666666667 -20.4166666666667 216.998171243878 28.3729991912842 290 17
"541" 1 0 -52.9166666666667 -31.0833333333333 417.296528514844 28.4857501983643 142 95
"542" 3 0 -53.75 -28.25 382.444175177757 30.3132495880127 188 131
"543" 3 0 -60.0833333333333 -21.75 336.997574402965 35.5424995422363 94 10
"544" 1 0 -47.4166666666667 -15.25 131.337763246414 30.8297500610352 245 5
"545" 2 0 -60.5833333333333 -19.4166666666667 264.571161779165 34.6927490234375 89 13
"546" 2 0 -44.75 -15.25 143.353838864012 31.4682502746582 250 2
"547" 3 0 -53.0833333333333 -17.5833333333333 166.514248571182 30.3194999694824 315 18
"548" 3 0 -49.5833333333333 -19.75 193.944359999787 32.3957481384277 252 14
"549" 2 0 -57.4166666666667 -18.75 227.427845912563 33.7247505187988 190 21
"550" 2 0 -46.75 -9.91666666666666 83.5062504478812 33.2594985961914 233 1
"551" 1 0 -53.0833333333333 -21.25 229.379920126054 31.886999130249 188 29
"552" 2 0 -40.5833333333333 -19.4166666666667 194.725129309469 31.2647495269775 191 34
"553" 1 0 -58.25 -22.9166666666667 341.670621832511 34.5040016174316 137 29
"554" 1 0 -42.75 -8.25 96.1686085916263 34.6370010375977 154 1
"555" 2 0 -57.0833333333333 -22.5833333333333 307.218413901052 32.7589988708496 183 38
"556" 3 0 -44.4166666666667 -10.9166666666667 133.398861381258 33.8002510070801 185 1
"557" 2 0 -49.75 -27.4166666666667 329.033686494475 27.0405006408691 179 102
"558" 3 0 -52.4166666666667 -31.0833333333333 407.991834999026 28.0515003204346 140 91
"559" 2 0 -45.4166666666667 -14.5833333333333 125.886125503945 30.6537494659424 276 2
"560" 2 0 -56.9166666666667 -23.5833333333333 326.238967200873 32.9467506408691 171 49
"561" 2 0 -52.9166666666667 -26.75 359.666101516704 28.9257507324219 209 148
"562" 1 0 -54.0833333333333 -17.25 181.373596042065 31.661750793457 290 14
"563" 1 0 -43.9166666666667 -14.4166666666667 131.493092294084 32.3359985351562 188 1
"564" 3 0 -39.75 -10.0833333333333 182.595368111897 31.0512504577637 92 12
"565" 2 0 -41.5833333333333 -15.4166666666667 168.491793228635 28.4680004119873 188 7
"566" 1 0 -39.9166666666667 -16.0833333333333 170.008908090004 30.996000289917 131 32
"567" 2 0 -60.9166666666667 -19.25 261.56710410295 34.3647499084473 90 12
"568" 2 0 -47.0833333333333 -20.25 200.47376317944 28.1777496337891 291 15
"569" 1 0 -47.0833333333333 -21.5833333333333 233.060408594366 30.9769992828369 249 18
"570" 3 0 -44.5833333333333 -16.9166666666667 177.087427724914 31.7169990539551 226 6
"571" 1 0 -53.5833333333333 -18.0833333333333 182.411601054843 32.5050010681152 283 19
"572" 3 0 -55.5833333333333 -26.5833333333333 370.164148807504 31.5112495422363 173 89
"573" 2 0 -44.4166666666667 -9.08333333333333 99.9137904000532 33.982250213623 163 2
"574" 3 0 -45.25 -17.4166666666667 174.122830647735 31.0187492370605 226 5
"575" 1 0 -43.25 -14.25 131.318926453151 32.0892486572266 154 1
"576" 3 0 -52.5833333333333 -26.4166666666667 331.463724341179 27.5919990539551 206 132
"577" 3 0 -58.9166666666667 -28.0833333333333 427.717848154771 31.5209999084473 144 41
"578" 2 0 -58.9166666666667 -15.4166666666667 152.902643257845 33.804500579834 278 18
"579" 2 0 -56.0833333333333 -28.75 422.688342805077 31.8494987487793 170 89
"580" 2 0 -52.75 -27.5833333333333 359.166994770954 28.5537490844727 190 125
"581" 3 0 -52.0833333333333 -27.4166666666667 350.135788441849 28.1630001068115 195 127
"582" 3 0 -51.9166666666667 -20.75 242.179675223697 32.2944984436035 202 24
"583" 2 0 -52.4166666666667 -25.25 303.570970342624 26.794750213623 199 99
"584" 1 0 -40.25 -19.5833333333333 197.130100543069 31.3964996337891 191 40
"585" 2 0 -58.5833333333333 -23.0833333333333 350.912432789678 34.6807518005371 128 27
"586" 2 0 -42.9166666666667 -16.75 173.730937822732 30.0282497406006 221 6
"587" 2 0 -41.4166666666667 -8.41666666666666 109.410926311224 33.9082489013672 128 0
"588" 3 0 -43.75 -16.75 161.494107314061 31.4862499237061 238 3
"589" 3 0 -56.75 -29.25 441.091874885142 31.1707496643066 176 78
"590" 3 0 -55.25 -23.75 314.439208036371 31.4837493896484 193 73
"591" 1 0 -53.0833333333333 -14.9166666666667 163.642338258138 33.4015007019043 293 4
"592" 2 0 -58.0833333333333 -26.25 394.085800213244 32.4169998168945 167 45
"593" 3 0 -44.0833333333333 -21.75 216.78833289242 27.2689990997314 291 18
"594" 1 0 -44.75 -13.25 120.392909508951 30.8947505950928 211 1
"595" 1 0 -52.9166666666667 -27.25 377.621596312465 29.556999206543 201 130
"596" 3 0 -58.75 -24.9166666666667 382.897564661586 34.2150001525879 126 17
"597" 2 0 -45.25 -12.25 94.9196012400108 31.9330005645752 225 2
"598" 3 0 -57.0833333333333 -18.25 217.876825694636 33.0592498779297 204 23
"599" 3 0 -44.25 -16.5833333333333 164.312191240179 30.5707492828369 242 4
"600" 2 0 -55.75 -16.9166666666667 192.008192994018 33.8887481689453 234 18
"601" 3 0 -52.25 -14.9166666666667 149.040555116621 34.2874984741211 275 4
"602" 3 0 -43.5833333333333 -11.0833333333333 79.9222664535091 33.5994987487793 146 0
"603" 3 0 -41.5833333333333 -12.4166666666667 132.418121146192 29.1065006256104 125 10
"604" 3 0 -57.4166666666667 -26.0833333333333 378.668758359981 32.056999206543 162 56
"605" 3 0 -39.25 -17.5833333333333 163.323789895076 30.437463760376 172 73
"606" 3 0 -40.25 -11.5833333333333 163.880048973622 30.6469993591309 98 24
"607" 1 0 -37.9166666666667 -12.25 137.013742627915 29.5177936553955 295 75
"608" 1 0 -60.5833333333333 -17.25 199.95483927178 33.5747489929199 211 34
"609" 3 0 -48.4166666666667 -21.0833333333333 194.005362850273 30.2415008544922 252 16
"610" 3 0 -53.9166666666667 -23.0833333333333 282.552338198947 31.0122509002686 193 55
"611" 3 0 -48.0833333333333 -17.9166666666667 179.546805606638 31.4337501525879 288 9
"612" 2 0 -49.9166666666667 -20.75 218.368130786361 31.5839996337891 226 15
"613" 3 0 -49.9166666666667 -29.5833333333333 329.720150192648 27.5758934020996 145 94
"614" 3 0 -44.25 -9.91666666666666 97.4493423930028 33.2252502441406 168 1
"615" 3 0 -51.25 -16.25 125.181175430328 31.7604999542236 285 9
"616" 3 0 -41.5833333333333 -9.25 104.664860753111 34.224250793457 121 1
"617" 2 0 -50.0833333333333 -23.9166666666667 280.064591008334 29.0902500152588 176 57
"618" 2 0 -57.75 -25.0833333333333 365.660797813527 32.6845016479492 154 44
"619" 2 0 -52.0833333333333 -21.4166666666667 250.957530698641 31.9729995727539 177 29
"620" 2 0 -56.0833333333333 -17.75 210.658679045234 34.1142501831055 232 22
"621" 3 0 -47.9166666666667 -18.4166666666667 167.40847767158 30.1782493591309 290 6
"622" 1 0 -50.25 -24.9166666666667 294.640616556086 27.7452507019043 166 75
"623" 2 0 -42.25 -19.75 214.46914607817 30.77174949646 232 14
"624" 1 0 -51.75 -16.75 136.960333440656 31.2517509460449 298 12
"625" 1 0 -46.9166666666667 -15.4166666666667 129.474489254305 29.2304992675781 269 5
"626" 3 0 -47.9166666666667 -12.4166666666667 101.533768166406 33.2827491760254 256 1
"627" 3 0 -60.4166666666667 -16.4166666666667 182.031888977255 32.8882484436035 224 20
"628" 2 0 -50.25 -27.75 324.30632914187 25.0165004730225 150 95
"629" 1 0 -43.4166666666667 -17.5833333333333 181.67656547118 30.3490009307861 234 7
"630" 3 0 -52.0833333333333 -19.25 184.907691862091 31.4064998626709 282 22
"631" 1 0 -56.4166666666667 -29.25 435.833575638368 31.1925010681152 176 85
"632" 1 0 -56.9166666666667 -31.4166666666667 483.794364765249 31.0030002593994 145 77
"633" 3 0 -50.75 -26.0833333333333 335.395427702456 27.0125007629395 161 88
"634" 1 0 -54.25 -18.5833333333333 195.868359809919 33.216251373291 261 23
"635" 3 0 -45.0833333333333 -23.5833333333333 244.53742592936 30.1416664123535 312 95
"636" 2 0 -50.4166666666667 -18.25 145.220484288892 31.2942504882812 274 14
"637" 1 0 -57.75 -27.4166666666667 409.195672886385 32.1347503662109 159 56
"638" 2 0 -56.75 -23.75 332.750586901412 33.3292503356934 176 50
"639" 2 0 -45.9166666666667 -11.0833333333333 97.409853218016 31.8899993896484 196 1
"640" 2 0 -39.4166666666667 -13.9166666666667 138.810106991279 27.2889995574951 179 118
"641" 3 0 -43.75 -10.9166666666667 97.0587867610286 33.150749206543 157 0
"642" 3 0 -41.25 -17.9166666666667 186.526047868289 31.0769996643066 180 23
"643" 2 0 -52.25 -13.75 122.177729519723 34.0382499694824 271 1
"644" 2 0 -48.0833333333333 -13.75 102.098112731252 31.7180004119873 263 3
"645" 3 0 -51.4166666666667 -25.25 274.649241286679 24.9570007324219 187 100
"646" 1 0 -43.4166666666667 -8.75 84.5328724825651 32.8127517700195 151 1
"647" 1 0 -53.9166666666667 -15.75 186.766446390957 31.213249206543 311 4
"648" 2 0 -47.0833333333333 -15.75 140.519891276423 29.0657501220703 274 5
"649" 1 0 -57.4166666666667 -13.4166666666667 86.061666107214 33.7934989929199 343 4
"650" 3 0 -58.25 -28.0833333333333 428.134434700971 31.8389987945557 152 52
"651" 2 0 -46.0833333333333 -14.75 116.653384517031 30.2609996795654 292 3
"652" 3 0 -52.0833333333333 -16.25 146.490514946783 33.255500793457 291 9
"653" 3 0 -56.0833333333333 -14.4166666666667 91.1462278284693 34.0797500610352 257 9
"654" 1 0 -40.4166666666667 -15.4166666666667 170.205730410289 30.1944999694824 134 25
"655" 1 0 -39.5833333333333 -12.0833333333333 166.622416307828 29.7455005645752 74 20
"656" 3 0 -46.4166666666667 -11.25 88.5350985571181 31.6354999542236 234 2
"657" 3 0 -53.4166666666667 -33.25 418.080206653141 26.679500579834 127 87
"658" 1 0 -47.9166666666667 -14.75 101.385037584983 28.0252494812012 260 6
"659" 3 0 -49.25 -23.25 250.508416150413 29.742000579834 186 38
"660" 2 0 -47.9166666666667 -22.5833333333333 247.949260623089 29.3010005950928 244 26
"661" 2 0 -52.75 -16.5833333333333 169.15122146079 32.3897514343262 304 9
"662" 3 0 -45.0833333333333 -12.4166666666667 100.014799094438 32.1727485656738 209 2
"663" 1 0 -50.4166666666667 -21.9166666666667 271.810635229175 30.9950008392334 204 27
"664" 3 0 -55.4166666666667 -28.9166666666667 413.252662867064 31.1110000610352 177 116
"665" 1 0 -60.4166666666667 -19.25 253.688836274274 34.3057479858398 96 16
"666" 3 0 -48.5833333333333 -17.75 172.992665591853 31.0907497406006 289 10
"667" 2 0 -47.5833333333333 -13.25 97.7483935590345 32.4217491149902 260 2
"668" 3 0 -55.9166666666667 -23.4166666666667 307.877938992815 32.0297508239746 189 63
"669" 3 0 -42.25 -20.75 236.91801233843 29.1712493896484 234 18
"670" 2 0 -54.4166666666667 -21.75 242.333721793782 31.0165004730225 200 36
"671" 3 0 -54.9166666666667 -13.5833333333333 96.1713819739387 33.8610000610352 300 3
"672" 1 0 -52.5833333333333 -28.4166666666667 366.354383729619 28.8285007476807 175 127
"673" 2 0 -40.5833333333333 -11.0833333333333 158.328955531623 29.8142509460449 107 21
"674" 1 0 -44.5833333333333 -20.5833333333333 209.092433798608 29.2102508544922 317 15
"675" 3 0 -47.5833333333333 -15.9166666666667 135.934299841189 28.6357498168945 272 6
"676" 3 0 -43.25 -9.75 85.0645427418369 34.0530014038086 139 0
"677" 3 0 -57.75 -26.75 398.476626215951 32.2439994812012 160 52
"678" 2 0 -49.4166666666667 -21.0833333333333 219.311576132936 31.7329998016357 213 14
"679" 2 0 -38.5833333333333 -8.41666666666666 177.483571637366 32.5519981384277 132 4
"680" 3 0 -38.9166666666667 -9.91666666666666 187.038804166857 31.4755001068115 88 9
"681" 1 0 -45.25 -12.75 94.0226331970481 30.8689994812012 232 2
"682" 1 0 -61.0833333333333 -18.75 242.436423473502 33.7482490539551 105 17
"683" 1 0 -41.0833333333333 -15.0833333333333 161.984246763207 27.8134994506836 178 14
"684" 1 0 -51.75 -24.75 284.479414341981 26.4962501525879 236 87
"685" 1 0 -50.75 -16.75 123.572518074926 31.3752498626709 291 11
"686" 1 0 -50.75 -28.9166666666667 315.926953186166 25.1052494049072 180 122
"687" 3 0 -45.75 -21.75 251.342477860598 30.4575004577637 286 26
"688" 2 0 -56.75 -30.4166666666667 465.105724410109 30.9669990539551 168 80
"689" 3 0 -43.9166666666667 -18.9166666666667 217.937945155774 30.445499420166 257 6
"690" 2 0 -38.4166666666667 -9.08333333333333 187.123604704369 32.4124984741211 106 7
"691" 1 0 -53.4166666666667 -25.0833333333333 315.827532586315 28.2159996032715 202 100
"692" 1 0 -60.0833333333333 -17.0833333333333 193.018478055102 33.3417510986328 266 45
"693" 2 0 -45.5833333333333 -12.25 85.3521791426505 31.2197494506836 265 3
"694" 3 0 -52.5833333333333 -31.0833333333333 412.338995294224 28.1924991607666 140 92
"695" 1 0 -51.9166666666667 -31.4166666666667 398.235375401651 28.0897445678711 134 81
"696" 3 0 -56.9166666666667 -13.25 86.2396297501494 33.8837509155273 331 3
"697" 2 0 -57.25 -15.25 155.714386261264 34.5374984741211 225 17
"698" 1 0 -42.75 -19.5833333333333 211.833720147187 30.4147491455078 278 12
"699" 2 0 -57.0833333333333 -17.4166666666667 204.904004795638 33.8559989929199 213 22
"700" 1 0 -54.5833333333333 -15.25 152.874275278025 31.6704998016357 306 8
"701" 3 0 -40.0833333333333 -11.0833333333333 167.253117855092 31.7240009307861 97 17
"702" 1 0 -55.75 -22.9166666666667 288.665797180253 31.644250869751 189 50
"703" 3 0 -58.4166666666667 -28.25 431.828824261279 31.8367500305176 143 48
"704" 2 0 -48.25 -20.0833333333333 180.108558593452 31.224250793457 277 15
"705" 2 0 -58.75 -17.4166666666667 202.231020959801 34.6737518310547 228 30
"706" 3 0 -41.0833333333333 -11.0833333333333 156.869946668516 30.201000213623 90 2
"707" 3 0 -54.25 -19.75 181.120166895171 30.9174995422363 249 36
"708" 1 0 -49.9166666666667 -22.9166666666667 287.32474073927 31.1847496032715 187 41
"709" 1 0 -58.75 -26.0833333333333 397.591936160356 32.8105010986328 148 29
"710" 2 0 -44.0833333333333 -9.91666666666666 94.3637138388516 33.6902503967285 158 1
"711" 2 0 -55.25 -15.4166666666667 141.138424860924 31.9365005493164 265 10
"712" 3 0 -45.0833333333333 -16.75 182.61399544531 32.8979988098145 225 5
"713" 2 0 -38.25 -9.41666666666666 176.553799451218 33.1949996948242 88 10
"714" 2 0 -54.25 -21.4166666666667 224.789644189593 31.1102504730225 206 36
"715" 1 0 -51.0833333333333 -18.0833333333333 136.194971411698 30.3117504119873 280 15
"716" 3 0 -55.4166666666667 -21.9166666666667 263.923677429592 31.0797500610352 188 45
"717" 1 0 -43.0833333333333 -15.5833333333333 146.226937758855 31.7770004272461 189 1
"718" 1 0 -55.5833333333333 -17.4166666666667 201.883939546108 34.0794982910156 240 19
"719" 1 0 -45.5833333333333 -17.5833333333333 165.747857201348 31.4547500610352 238 6
"720" 3 0 -56.0833333333333 -15.4166666666667 147.552618669591 33.6759986877441 198 19
"721" 3 0 -45.9166666666667 -15.4166666666667 139.829173673583 30.3732490539551 392 3
"722" 1 0 -45.9166666666667 -13.75 94.9546797636574 30.2197494506836 261 1
"723" 2 0 -40.75 -19.9166666666667 199.679056178456 29.2040004730225 202 45
"724" 2 0 -41.75 -16.5833333333333 181.23827805032 32.6360015869141 170 4
"725" 2 0 -55.4166666666667 -18.5833333333333 215.341873810964 33.929500579834 240 27
"726" 1 0 -51.5833333333333 -22.9166666666667 263.584864014161 30.0322494506836 177 45
"727" 1 0 -56.5833333333333 -20.9166666666667 257.724487484384 31.402250289917 184 39
"728" 2 0 -58.5833333333333 -28.5833333333333 439.760388457775 31.7469997406006 138 45
"729" 1 0 -42.5833333333333 -18.4166666666667 230.820780600652 30.3632507324219 272 11
"730" 2 0 -40.25 -16.5833333333333 167.697914981748 29.5007495880127 120 43
"731" 1 0 -60.75 -18.5833333333333 231.790879483315 33.8367500305176 119 21
"732" 2 0 -56.25 -16.4166666666667 183.583243990721 34.0407485961914 217 19
"733" 2 0 -41.5833333333333 -21.25 222.053849313996 31.4977493286133 197 22
"734" 1 0 -47.4166666666667 -11.25 87.5622751587592 31.7334995269775 262 3
"735" 3 0 -40.0833333333333 -10.4166666666667 166.181482758676 31.5725002288818 104 21
"736" 3 0 -49.4166666666667 -25.9166666666667 310.378361707666 25.7180004119873 163 74
"737" 2 0 -56.0833333333333 -19.25 232.329133142065 33.5212516784668 226 32
"738" 3 0 -53.4166666666667 -33.0833333333333 417.768025632298 26.5534992218018 126 85
"739" 3 0 -55.25 -24.0833333333333 318.015784557814 31.2512493133545 192 78
"740" 3 0 -44.5833333333333 -9.91666666666666 100.113027333221 33.5347518920898 159 1
"741" 2 0 -45.5833333333333 -9.75 94.2421942375568 33.5807495117188 208 1
"742" 1 0 -57.75 -20.0833333333333 266.964612249328 34.5219993591309 170 29
"743" 1 0 -43.75 -8.25 101.329231252191 34.4249992370605 153 1
"744" 2 0 -59.4166666666667 -16.25 175.298950408718 33.7700004577637 265 27
"745" 3 0 -52.0833333333333 -17.25 143.805717108196 30.2447509765625 309 15
"746" 1 0 -49.75 -18.0833333333333 146.821519441324 31.4559993743896 277 13
"747" 2 0 -51.25 -30.75 367.128103575176 27.6520004272461 133 89
"748" 1 0 -37.9166666666667 -10.4166666666667 174.940313133459 30.6445007324219 79 17
"749" 3 0 -44.5833333333333 -14.0833333333333 134.007593832511 31.1609992980957 215 0
"750" 2 0 -39.4166666666667 -15.25 150.076105422685 28.3457508087158 148 89
"751" 1 0 -50.75 -15.25 124.510800743913 33.5564994812012 284 6
"752" 3 0 -50.4166666666667 -27.0833333333333 319.97182447693 24.4405002593994 167 95
"753" 2 0 -49.5833333333333 -18.0833333333333 150.664107428379 31.505500793457 278 12
"754" 3 0 -46.75 -14.25 104.413552064146 32.3535003662109 230 4
"755" 1 0 -41.25 -16.9166666666667 181.227068750326 29.1439990997314 166 18
"756" 2 0 -46.25 -10.25 88.0043555855056 32.1387481689453 214 1
"757" 1 0 -41.0833333333333 -15.9166666666667 169.034553350813 28.6712493896484 154 14
"758" 3 0 -57.9166666666667 -19.25 229.211154652866 33.6015014648438 163 24
"759" 1 0 -54.25 -23.9166666666667 314.058429696881 31.2600002288818 191 62
"760" 3 0 -50.4166666666667 -17.9166666666667 141.516770940773 32.0432510375977 284 13
"761" 2 0 -59.75 -15.9166666666667 171.266306170714 34.0120010375977 258 20
"762" 2 0 -58.0833333333333 -19.25 233.291942806825 34.1474990844727 158 23
"763" 2 0 -50.25 -20.9166666666667 241.173016285401 31.8512496948242 222 15
"764" 1 0 -52.5833333333333 -30.0833333333333 406.305652639517 29.6397495269775 144 97
"765" 3 0 -44.9166666666667 -17.9166666666667 181.863769796295 30.9517498016357 227 5
"766" 3 0 -55.4166666666667 -15.4166666666667 138.840194163802 32.4085006713867 252 11
"767" 3 0 -54.5833333333333 -30.0833333333333 417.112716709335 30.0475006103516 152 121
"768" 2 0 -40.4166666666667 -17.5833333333333 179.382493425614 31.5647506713867 166 35
"769" 1 0 -42.75 -8.75 95.7303425234264 33.5084991455078 154 2
"770" 1 0 -60.25 -21.5833333333333 337.549432326325 35.5909996032715 95 10
"771" 3 0 -38.25 -10.5833333333333 178.319842080252 30.2935009002686 94 21
"772" 3 0 -54.4166666666667 -17.75 187.744422396128 32.5692481994629 273 19
"773" 3 0 -51.25 -24.9166666666667 305.936566909188 28.2337493896484 182 83
"774" 3 0 -47.25 -10.25 83.5925205589058 33.0074996948242 246 2
"775" 1 0 -54.0833333333333 -13.25 107.091352634903 34.1119995117188 293 2
"776" 2 0 -55.25 -24.4166666666667 330.392222389831 31.6070003509521 190 87
"777" 3 0 -55.9166666666667 -18.0833333333333 214.992934511341 34.0727500915527 234 24
"778" 2 0 -56.25 -31.0833333333333 466.856974117457 30.1957492828369 140 87
"779" 1 0 -56.0833333333333 -29.0833333333333 427.574241659809 31.4012489318848 174 92
"780" 2 0 -52.4166666666667 -28.75 357.612298753287 27.2849998474121 163 120
"781" 1 0 -43.25 -19.4166666666667 227.842292312277 30.3889999389648 318 11
"782" 1 0 -45.25 -22.25 265.204456474727 27.9987506866455 305 25
"783" 1 0 -57.9166666666667 -15.4166666666667 158.501424609515 34.4557495117188 254 18
"784" 2 0 -47.5833333333333 -15.75 127.819091009047 28.289249420166 264 6
"785" 2 0 -45.9166666666667 -18.0833333333333 154.776183872486 30.1712493896484 264 6
"786" 1 0 -55.4166666666667 -29.5833333333333 422.650563729854 30.6857509613037 171 116
"787" 1 0 -56.75 -13.4166666666667 83.1592014610364 34.3194999694824 327 3
"788" 1 0 -48.9166666666667 -18.5833333333333 176.644172385312 30.7029991149902 275 12
"789" 2 0 -53.25 -16.0833333333333 186.264986976938 32.423999786377 302 5
"790" 3 0 -59.0833333333333 -26.9166666666667 416.760642706621 32.3955001831055 169 37
"791" 1 0 -41.25 -7.75 106.285675268937 34.1287498474121 164 0
"792" 3 0 -49.5833333333333 -27.9166666666667 302.199589502868 23.6180000305176 183 103
"793" 2 0 -55.0833333333333 -20.0833333333333 204.984959809433 32.1505012512207 235 37
"794" 3 0 -55.5833333333333 -16.4166666666667 180.363116853768 33.8945007324219 237 16
"795" 3 0 -58.25 -15.0833333333333 136.24677824236 33.0437507629395 287 15
"796" 2 0 -48.0833333333333 -21.75 227.681470758604 29.5575008392334 237 22
"797" 1 0 -51.5833333333333 -19.75 208.129104301237 31.5370006561279 275 20
"798" 1 0 -46.0833333333333 -21.0833333333333 238.067615676841 29.8372497558594 275 21
"799" 2 0 -39.4166666666667 -10.9166666666667 178.932104178871 31.984748840332 68 13
"800" 2 0 -47.25 -13.9166666666667 90.7527840331254 28.7830009460449 287 5
"801" 1 0 -50.25 -24.75 285.078821552657 26.9132499694824 179 77
"802" 3 0 -44.9166666666667 -14.0833333333333 132.518860395397 31.0547504425049 226 1
"803" 1 0 -46.9166666666667 -22.0833333333333 234.953422609196 29.7255001068115 252 21
"804" 1 0 -47.75 -15.0833333333333 116.137789481851 29.3527507781982 249 5
"805" 3 0 -41.25 -11.5833333333333 147.107109033768 26.0467491149902 103 21
"806" 3 0 -39.75 -8.08333333333333 141.985722403912 32.0164985656738 142 3
"807" 1 0 -55.9166666666667 -17.0833333333333 196.932277066276 34.1572494506836 231 19
"808" 2 0 -53.9166666666667 -18.4166666666667 190.63599511623 33.0670013427734 272 22
"809" 3 0 -59.0833333333333 -24.5833333333333 390.369035758891 34.2220001220703 117 17
"810" 2 0 -44.5833333333333 -10.9166666666667 134.542003717402 33.6749992370605 186 0
"811" 2 0 -47.25 -12.25 93.0346807336918 32.9857482910156 267 2
"812" 3 0 -54.4166666666667 -15.5833333333333 170.882637427663 31.8227500915527 302 7
"813" 2 0 -40.4166666666667 -10.5833333333333 161.85659846408 29.1247501373291 97 22
"814" 1 0 -45.5833333333333 -14.0833333333333 110.305067470562 30.4717502593994 254 1
"815" 1 0 -40.4166666666667 -11.9166666666667 164.875639824083 29.0690002441406 103 30
"816" 1 0 -41.0833333333333 -17.75 185.631622502209 31.7617492675781 176 24
"817" 3 0 -57.5833333333333 -29.4166666666667 457.361084065347 31.75950050354 169 63
"818" 2 0 -55.25 -19.5833333333333 200.995417261357 31.7472496032715 240 36
"819" 1 0 -44.5833333333333 -11.0833333333333 134.00384071581 33.705249786377 182 0
"820" 3 0 -48.4166666666667 -23.0833333333333 233.340051195472 28.3185005187988 217 36
"821" 3 0 -39.9166666666667 -11.9166666666667 165.738206411701 30.4237499237061 81 16
"822" 2 0 -59.75 -19.4166666666667 251.597586191818 35.1307487487793 109 16
"823" 2 0 -51.5833333333333 -23.4166666666667 274.771770115176 28.5022506713867 181 52
"824" 1 0 -44.5833333333333 -20.0833333333333 198.9254454699 29.8514995574951 325 14
"825" 1 0 -50.75 -28.75 314.657090855683 25.480749130249 170 116
"826" 2 0 -53.5833333333333 -22.5833333333333 263.382104527334 31.6372509002686 202 33
"827" 3 0 -40.0833333333333 -12.75 153.113268519231 29.2255001068115 93 11
"828" 2 0 -43.0833333333333 -21.4166666666667 226.000181560914 30.6702499389648 255 13
"829" 1 0 -49.25 -19.9166666666667 194.162003627612 32.5209999084473 265 15
"830" 1 0 -39.25 -16.0833333333333 157.428173399353 29.6487503051758 155 78
"831" 1 0 -47.5833333333333 -24.4166666666667 282.357108157804 30.3409996032715 253 70
"832" 3 0 -53.25 -30.0833333333333 410.352178687156 29.7030010223389 142 110
"833" 2 0 -49.75 -24.4166666666667 285.698756726527 27.4820003509521 208 68
"834" 1 0 -45.5833333333333 -12.75 87.4459694385701 30.9637508392334 256 2
"835" 3 0 -45.75 -12.4166666666667 84.4766961075173 31.2495002746582 278 2
"836" 3 0 -59.75 -18.9166666666667 235.451231100084 34.3612518310547 127 19
"837" 1 0 -50.4166666666667 -21.5833333333333 265.54999614487 31.2584991455078 214 21
"838" 1 0 -57.5833333333333 -22.0833333333333 311.277333076368 33.736499786377 174 34
"839" 3 0 -46.75 -14.5833333333333 113.972070177567 32.4252510070801 225 4
"840" 2 0 -56.4166666666667 -25.0833333333333 354.961113459424 32.5982513427734 173 66
"841" 1 0 -57.25 -21.9166666666667 301.801518624923 33.4897499084473 178 36
"842" 3 0 -40.9166666666667 -20.9166666666667 209.03182361327 31.7474994659424 173 37
"843" 2 0 -55.0833333333333 -29.9166666666667 421.870187586274 30.2730007171631 156 120
"844" 2 0 -56.5833333333333 -29.75 452.66934972154 31.1100006103516 169 83
"845" 3 0 -48.75 -24.5833333333333 321.42043916194 28.6672496795654 191 61
"846" 1 0 -54.25 -17.4166666666667 181.477657990469 31.960750579834 283 17
"847" 3 0 -51.25 -27.9166666666667 329.795336116602 25.8577499389648 185 111
"848" 2 0 -50.4166666666667 -29.5833333333333 315.914599602722 25.1625003814697 178 118
"849" 1 0 -57.9166666666667 -25.5833333333333 378.612137279629 32.6832504272461 153 41
"850" 2 0 -53.25 -25.25 320.109590497587 28.0944995880127 203 106
"851" 1 0 -40.75 -14.75 157.613241532485 26.6079998016357 125 17
"852" 2 0 -55.25 -30.4166666666667 431.581640923336 29.7662506103516 146 110
"853" 3 0 -55.4166666666667 -15.9166666666667 153.615538115001 31.3762493133545 253 13
"854" 3 0 -54.9166666666667 -31.5833333333333 449.43048480248 29.726749420166 126 104
"855" 2 0 -50.4166666666667 -24.0833333333333 280.768374935186 28.1464996337891 175 64
"856" 3 0 -47.0833333333333 -15.9166666666667 144.351820359797 29.1299991607666 274 6
"857" 1 0 -46.0833333333333 -22.9166666666667 261.992796717401 25.7759990692139 301 31
"858" 2 0 -39.9166666666667 -10.25 175.676622331538 31.4074993133545 97 16
"859" 2 0 -43.4166666666667 -21.0833333333333 216.632322412243 29.0925006866455 271 19
"860" 1 0 -46.75 -20.9166666666667 220.010521055047 28.2674999237061 280 16
"861" 3 0 -57.75 -16.5833333333333 188.255481182726 33.8144989013672 230 22
"862" 3 0 -40.4166666666667 -9.75 161.858210251477 32.8577499389648 94 1
"863" 3 0 -48.5833333333333 -18.0833333333333 175.246009477241 31.1757507324219 284 10
"864" 2 0 -49.4166666666667 -18.5833333333333 169.128450398122 32.0494995117188 275 12
"865" 2 0 -43.9166666666667 -16.25 152.88139580945 31.0310001373291 232 2
"866" 1 0 -55.9166666666667 -14.25 89.1711652640968 33.9939994812012 269 7
"867" 1 0 -50.9166666666667 -27.4166666666667 330.574414888125 25.5004997253418 173 105
"868" 2 0 -47.0833333333333 -24.0833333333333 253.072693368768 27.1340007781982 283 72
"869" 1 0 -54.9166666666667 -17.5833333333333 188.946410257092 32.9467506408691 257 18
"870" 1 0 -52.5833333333333 -25.5833333333333 335.422633961997 28.3077507019043 202 103
"871" 1 0 -44.5833333333333 -22.5833333333333 236.059887929496 29.7744998931885 268 24
"872" 2 0 -40.75 -12.9166666666667 143.698356528665 28.7922496795654 117 16
"873" 2 0 -56.0833333333333 -28.9166666666667 425.471232440382 31.6107501983643 173 91
"874" 3 0 -44.5833333333333 -14.5833333333333 135.400805642498 30.9290008544922 233 1
"875" 3 0 -42.5833333333333 -14.25 130.778170498704 28.5162506103516 194 2
"876" 2 0 -52.9166666666667 -23.9166666666667 291.467268515922 29.6159992218018 161 73
"877" 3 0 -37.9166666666667 -10.25 182.852702025132 30.808500289917 73 15
"878" 1 0 -42.0833333333333 -9.08333333333333 96.3068687945246 34.5772514343262 134 0
"879" 3 0 -47.4166666666667 -19.5833333333333 171.031246489484 27.914249420166 320 16
"880" 1 0 -58.0833333333333 -17.4166666666667 201.334226338274 34.2799987792969 217 23
"881" 1 0 -59.75 -22.75 361.478354562999 35.638500213623 92 9
"882" 1 0 -58.25 -17.25 199.872437394226 34.8722496032715 226 25
"883" 3 0 -51.5833333333333 -18.25 150.560724871315 30.8037490844727 291 17
"884" 3 0 -56.75 -28.75 430.533882594367 31.4895000457764 167 77
"885" 2 0 -46.4166666666667 -11.0833333333333 88.0845838827701 31.3565006256104 228 2
"886" 3 0 -48.75 -22.9166666666667 230.332075987881 29.5377502441406 216 33
"887" 2 0 -54.9166666666667 -17.75 193.557721160791 33.3467483520508 255 19
"888" 2 0 -52.0833333333333 -21.0833333333333 247.51485636546 32.1992492675781 188 25
"889" 2 0 -54.5833333333333 -21.5833333333333 239.687014889384 31.3932495117188 201 39
"890" 3 0 -54.9166666666667 -23.0833333333333 292.163447471615 30.9820003509521 195 59
"891" 2 0 -51.5833333333333 -18.0833333333333 145.681979154138 30.5764999389648 291 17
"892" 3 0 -42.75 -12.25 107.772335901387 33.2680015563965 141 0
"893" 1 0 -43.9166666666667 -17.5833333333333 179.761810676677 30.7474994659424 215 3
"894" 2 0 -49.4166666666667 -19.25 186.763727636887 32.0325012207031 271 14
"895" 3 0 -58.25 -27.25 412.110951121073 32.0262489318848 168 51
"896" 3 0 -52.25 -26.5833333333333 329.516327201939 27.3924999237061 231 136
"897" 2 0 -43.0833333333333 -20.0833333333333 222.976721888976 30.0300006866455 293 15
"898" 2 0 -40.0833333333333 -11.4166666666667 167.446432364645 31.044750213623 98 18
"899" 1 0 -56.25 -19.9166666666667 244.671816620073 33.3047485351562 216 32
"900" 2 0 -59.9166666666667 -16.25 178.150374543268 33.8059997558594 254 24
"901" 2 0 -51.25 -31.4166666666667 376.812378585336 27.25803565979 132 78
"902" 3 0 -41.9166666666667 -9.08333333333333 97.3463179175897 34.7745018005371 128 0
"903" 3 0 -43.25 -11.4166666666667 78.6311169106549 33.505500793457 138 0
"904" 1 0 -47.5833333333333 -11.25 86.3128984285828 31.5212497711182 265 3
"905" 2 0 -57.0833333333333 -26.4166666666667 388.207697587346 32.4065017700195 162 69
"906" 3 0 -44.9166666666667 -21.0833333333333 224.312046762993 29.2395000457764 337 21
"907" 1 0 -45.0833333333333 -23.25 260.211006624335 25.8292503356934 274 37
"908" 2 0 -45.4166666666667 -21.9166666666667 257.541864350439 29.6052494049072 302 20
"909" 1 0 -45.4166666666667 -13.75 111.615201430566 30.5844993591309 227 1
"910" 3 0 -49.9166666666667 -26.0833333333333 313.029551492183 26.6035003662109 167 78
"911" 2 0 -42.25 -7.91666666666666 100.503211990255 34.8937492370605 158 0
"912" 1 0 -43.4166666666667 -15.25 131.612517058404 32.1462478637695 177 1
"913" 2 0 -44.9166666666667 -10.75 124.462971645806 33.538501739502 179 0
"914" 1 0 -54.9166666666667 -30.9166666666667 437.017612119347 29.7657489776611 137 110
"915" 3 0 -50.75 -15.4166666666667 124.590358536924 33.3559989929199 284 7
"916" 3 0 -41.75 -10.0833333333333 108.999933088392 32.9830017089844 120 1
"917" 1 0 -53.25 -18.25 166.101276673971 29.9615001678467 297 21
"918" 3 0 -52.75 -21.25 232.909963863604 31.49049949646 185 29
"919" 3 0 -41.25 -8.08333333333333 111.795675708242 33.8520011901855 154 0
"920" 3 0 -41.9166666666667 -13.0833333333333 118.329988524827 26.2779998779297 185 17
"921" 1 0 -44.25 -17.0833333333333 176.032548885947 31.4882507324219 246 5
"922" 3 0 -52.75 -18.25 163.744388008076 29.8322505950928 304 22
"923" 3 0 -51.4166666666667 -22.25 235.362969101492 31.2512493133545 196 37
"924" 1 0 -60.4166666666667 -19.75 275.754046998291 35.0172500610352 86 11
"925" 3 0 -49.9166666666667 -23.0833333333333 292.867714938619 30.9922504425049 177 44
"926" 1 0 -44.5833333333333 -10.25 110.440377690596 33.6220016479492 169 1
"927" 1 0 -53.4166666666667 -30.25 413.427314659507 29.630500793457 140 112
"928" 2 0 -55.4166666666667 -21.25 237.619544805931 30.6900005340576 196 43
"929" 2 0 -48.0833333333333 -18.25 163.505942937277 30.5472507476807 286 9
"930" 2 0 -55.4166666666667 -18.9166666666667 217.749885188755 33.8752517700195 241 30
"931" 3 0 -58.5833333333333 -23.4166666666667 359.094346634819 34.6805000305176 125 29
"932" 2 0 -48.75 -16.75 123.367134897079 29.0167503356934 286 10
"933" 3 0 -44.5833333333333 -22.25 239.404208246186 25.8430004119873 316 25
"934" 1 0 -59.5833333333333 -15.5833333333333 156.610202166465 33.2637481689453 267 18
"935" 3 0 -53.4166666666667 -27.75 377.029711815306 29.7707500457764 194 132
"936" 2 0 -41.0833333333333 -20.4166666666667 211.078650648366 27.4185009002686 205 38
"937" 1 0 -46.4166666666667 -12.75 90.541675382039 32.474250793457 259 2
"938" 3 0 -55.5833333333333 -16.25 170.504895830473 33.2657508850098 236 15
"939" 1 0 -49.5833333333333 -23.9166666666667 281.614976712042 30.0197505950928 173 46
"940" 2 0 -58.9166666666667 -15.75 162.419615967938 34.2504997253418 270 21
"941" 3 0 -53.5833333333333 -27.9166666666667 376.88045331359 29.9112491607666 192 132
"942" 3 0 -54.0833333333333 -19.75 182.393080303369 31.1217498779297 249 35
"943" 3 0 -44.25 -14.75 131.776952769325 31.605749130249 215 1
"944" 2 0 -43.4166666666667 -18.25 189.987454229255 27.2077503204346 269 7
"945" 3 0 -55.0833333333333 -24.9166666666667 342.564656162718 31.3172492980957 200 85
"946" 3 0 -42.0833333333333 -15.5833333333333 172.577730292236 28.9392509460449 173 4
"947" 2 0 -40.0833333333333 -15.5833333333333 168.138497896198 29.9847507476807 134 32
"948" 1 0 -45.25 -22.9166666666667 231.851131607726 28.7810001373291 239 21
"949" 3 0 -55.25 -13.4166666666667 88.3002014361338 34.0965003967285 317 2
"950" 3 0 -47.4166666666667 -19.75 173.440563968174 27.8854999542236 310 17
"951" 2 0 -52.4166666666667 -21.9166666666667 246.94739563041 31.736499786377 162 32
"952" 2 0 -53.9166666666667 -16.75 178.577279166314 31.1302509307861 299 10
"953" 3 0 -49.25 -21.25 224.087815383334 31.588249206543 221 18
"954" 3 0 -46.4166666666667 -15.25 130.206275910813 30.4379997253418 296 3
"955" 3 0 -59.5833333333333 -21.25 315.572183013177 35.5384979248047 98 13
"956" 2 0 -42.0833333333333 -17.5833333333333 184.568925276718 29.382999420166 210 11
"957" 3 0 -59.75 -19.75 263.934352652831 35.3554992675781 101 15
"958" 3 0 -42.75 -13.5833333333333 116.243386526682 28.9459991455078 171 1
"959" 3 0 -47.9166666666667 -19.0833333333333 161.318274365024 29.289249420166 308 10
"960" 2 0 -50.4166666666667 -16.5833333333333 122.856656507426 31.8267498016357 291 10
"961" 1 0 -54.9166666666667 -19.0833333333333 196.114149418756 32.0157508850098 248 31
"962" 3 0 -55.75 -14.9166666666667 126.561949056598 32.0502510070801 219 12
"963" 1 0 -40.4166666666667 -7.58333333333333 115.791294572531 30.8917503356934 183 4
"964" 2 0 -45.5833333333333 -13.9166666666667 107.918828687981 30.411750793457 246 1
"965" 2 0 -45.9166666666667 -22.4166666666667 250.321055590288 29.6229991912842 269 28
"966" 3 0 -51.5833333333333 -23.25 270.298455079936 28.4815006256104 178 50
"967" 1 0 -55.9166666666667 -19.4166666666667 231.503180402347 33.2402496337891 227 32
"968" 2 0 -55.5833333333333 -14.9166666666667 126.147277208335 32.1814994812012 234 11
"969" 3 0 -58.75 -18.75 227.41075447627 34.4754981994629 156 22
"970" 3 0 -52.4166666666667 -14.5833333333333 144.257656485 33.6160011291504 270 3
"971" 3 0 -51.4166666666667 -27.75 337.550516136554 26.8064994812012 191 108
"972" 2 0 -41.25 -8.41666666666666 112.849267681146 33.2202491760254 132 1
"973" 1 0 -53.9166666666667 -30.4166666666667 410.501382060432 28.7522506713867 149 115
"974" 3 0 -46.75 -23.4166666666667 229.674859728908 26.3675003051758 237 36
"975" 3 0 -41.75 -8.08333333333333 103.55452801394 34.6640014648438 176 0
"976" 2 0 -47.4166666666667 -11.4166666666667 86.5181831321206 31.2482490539551 265 3
"977" 1 0 -53.9166666666667 -22.75 269.956458737792 31.1197490692139 212 41
"978" 3 0 -38.9166666666667 -8.58333333333333 178.755319047458 32.802001953125 131 5
"979" 1 0 -43.75 -17.4166666666667 171.810859541998 29.8052501678467 227 5
"980" 2 0 -53.5833333333333 -15.0833333333333 169.209915542982 32.1100006103516 324 5
"981" 2 0 -44.25 -10.75 126.91405007643 33.2145004272461 190 0
"982" 3 0 -58.9166666666667 -17.9166666666667 202.826292386568 32.8057518005371 204 30
"983" 2 0 -57.75 -19.75 255.080275208778 34.3845024108887 172 27
"984" 2 0 -47.4166666666667 -18.5833333333333 179.765403587282 29.2577495574951 310 5
"985" 2 0 -47.25 -12.0833333333333 92.520222657339 33.2122497558594 267 2
"986" 2 0 -51.4166666666667 -14.5833333333333 131.913155356046 34.0769996643066 282 5
"987" 1 0 -46.25 -22.9166666666667 246.647100029201 26.5114994049072 273 28
"988" 2 0 -58.0833333333333 -28.75 446.080780034994 31.5925006866455 151 53
"989" 3 0 -53.0833333333333 -15.5833333333333 186.661020671615 33.1284980773926 294 4
"990" 2 0 -57.75 -17.9166666666667 208.150796371569 33.864501953125 201 21
"991" 2 0 -59.5833333333333 -17.25 196.881974151409 34.0965003967285 268 45
"992" 1 0 -48.5833333333333 -23.5833333333333 258.848582477088 29.525749206543 196 35
"993" 3 0 -40.0833333333333 -19.5833333333333 198.8217901148 31.3955001831055 189 43
"994" 3 0 -50.9166666666667 -19.4166666666667 189.416538703622 31.9242496490479 272 17
"995" 1 0 -53.0833333333333 -25.0833333333333 305.03067370683 27.3027496337891 218 95
"996" 2 0 -54.9166666666667 -13.0833333333333 94.1243940346515 34.0527496337891 310 2
"997" 3 0 -55.25 -23.5833333333333 308.332614754712 31.3107509613037 194 71
"998" 1 0 -51.75 -16.9166666666667 135.42748749276 30.8159999847412 300 13
"999" 1 0 -44.75 -11.75 121.293696657873 33.627498626709 194 0
"1000" 1 0 -51.4166666666667 -14.25 128.640310710969 34.3042488098145 282 4
