"group.all" "pa" "lon" "lat" "layer.1" "layer.2" "layer.3" "layer.4" "layer.5" "layer.6"
"1" 2 1 -46.333333 -15.5 -9.07044998582632 8.38851341910268 0.289900654377337 -8.94255747326564 -1.46513122726235 -6.72285082176399
"2" 3 1 -46.333333 -13.666667 -9.56943102723565 8.3301524123005 -0.190445835504511 -7.95297366675321 -1.22736997514545 -6.35080060443495
"3" 1 1 -43.040556 -16.858056 -7.77748666882623 7.6631329562548 0.291710718439889 -8.64003888362866 -1.65241669500724 -6.7858130095609
"4" 1 1 -43.040556 -16.857222 -7.77748666882623 7.6631329562548 0.291710718439889 -8.64003888362866 -1.65241669500724 -6.7858130095609
"5" 2 1 -46.25 -19.333333 -8.86395442570723 6.39686467458008 0.778355341380231 -9.70447089222905 -1.58603164772495 -5.90216982174087
"6" 3 1 -46.25 -19.333333 -8.86395442570723 6.39686467458008 0.778355341380231 -9.70447089222905 -1.58603164772495 -5.90216982174087
"7" 3 1 -48.426945 -14.340556 -9.9102254892323 6.68957385974159 -0.331777103880539 -8.47614639156866 -0.627368803035919 -5.47304258383939
"8" 1 1 -55.03 -9.363611 -11.6297425810942 7.48555852530405 0.571017267900984 -10.5482336692101 1.06200217816843 -7.63528055722209
"9" 3 1 -34.9925 -7.812222 -11.3871188526647 6.83671138195308 0.483884628646066 -6.78690143293484 -0.625625102712134 -6.15427164025623
"10" 1 1 -41.116667 -12.016667 -7.61151322934971 7.8447110921507 0.633543774077191 -6.38632802912982 -2.16961185505407 -7.04477707695139
"11" 2 1 -40.037222 -19.276111 -9.8677207125561 7.40289361477456 1.82506657447896 -6.61742124663424 -1.55685779292565 -5.85576202968099
"12" 2 1 -42.346111 -22.532222 -9.24041982108722 7.06423822540238 1.99172342383821 -6.49260845898763 -1.51867162280565 -5.34910099719156
"13" 1 1 -42.0425 -22.943611 NA NA NA NA NA NA
"14" 2 1 -47.632778 -14.164722 -9.64569819751654 6.38234997994421 -0.428650019511843 -8.51996546641085 -0.618128236366692 -5.40041975116786
"15" 3 1 -41.018889 -21.207222 -8.92437116707256 7.55234615074323 1.56977380093245 -6.03377577107627 -1.39984763663366 -5.63604529313912
"16" 2 1 -41.018889 -21.207222 -8.92437116707256 7.55234615074323 1.56977380093245 -6.03377577107627 -1.39984763663366 -5.63604529313912
"17" 3 1 -46.617222 -8.549167 -9.79827216205542 8.96689207921233 0.13040228468749 -7.87679664674359 -1.41450751669715 -6.94018038565903
"18" 3 1 -42.347778 -22.525833 -9.24041982108722 7.06423822540238 1.99172342383821 -6.49260845898763 -1.51867162280565 -5.34910099719156
"19" 1 1 -42.347778 -22.525833 -9.24041982108722 7.06423822540238 1.99172342383821 -6.49260845898763 -1.51867162280565 -5.34910099719156
"20" 1 1 -42.424445 -22.920556 -9.11655125960265 6.90546197474269 2.14921647249612 -5.27774804412676 -1.49625030737057 -5.10169240681941
"21" 2 0 -52.79917289 -32.625837543 -7.59743676964369 4.74504625825664 3.77669855488078 -5.84425921109815 -0.403679743122436 -5.55148489558347
"22" 3 0 -73.09917289 -7.52583754299999 -12.419124890256 6.10442691896243 1.51371655613501 -8.29698638287477 -1.93412225761049 -6.38081971097228
"23" 2 0 -58.59917289 -21.025837543 -8.8192431383582 9.234861270715 2.73374355659656 -7.58490544348656 -1.73682694453037 -7.18604980521739
"24" 1 0 -38.49917289 -12.125837543 -10.0897513548336 6.23463874698547 1.45917741951108 -5.8257478283514 -1.11789785330298 -6.15492089870436
"25" 1 0 -71.59917289 1.77416245700001 -13.6319252006073 6.1068968080715 1.11888749794185 -7.57302038545804 0.390398192226477 -6.83861025401253
"26" 1 0 -69.19917289 3.67416245700001 -14.1468475280406 6.09251492023215 0.756086417400958 -8.01304435266393 0.818705153587444 -7.08846919081868
"27" 2 0 -53.89917289 -33.125837543 -7.30017733550679 4.95811796318444 4.07986971913916 -6.33537732567161 -0.481692807892989 -6.27531379442159
"28" 3 0 -56.39917289 -13.725837543 -10.9094994630368 8.1211683200942 0.591795794783937 -10.0306187276624 -1.59289256914742 -6.70740204489165
"29" 1 0 -44.89917289 -16.025837543 -8.18942908010067 9.00031275525281 0.860387197337855 -9.85729071910078 -1.36887418225005 -7.76597533168069
"30" 2 0 -55.99917289 -34.725837543 -6.74807740997359 4.99588853845556 4.54644197829016 -6.10486532203678 -0.412707061285588 -5.81947582084579
"31" 2 0 -67.29917289 -13.425837543 -11.2868678651656 7.74090605832494 1.36997885066739 -8.4885023043963 -1.84138680777588 -6.61857536664373
"32" 2 0 -50.49917289 -4.12583754299999 -12.6497548144493 7.44899324729814 -0.702279179108341 -7.85694245793841 0.461111798178693 -7.36827298384239
"33" 2 0 -56.09917289 -14.825837543 -10.1926023374876 7.71281006461705 1.13116071138929 -8.43375047124709 -2.43033602334525 -6.2617645458035
"34" 2 0 -66.69917289 3.47416245700001 -14.9450297096185 5.6253969200438 1.01373004557955 -8.96925372920949 0.677670600731286 -8.12728411143661
"35" 3 0 -57.69917289 -3.72583754299999 -13.2120765564785 6.49569615110567 0.950416818981759 -6.71184180755818 -0.688739623820486 -7.14681752098155
"36" 1 0 -58.29917289 -27.225837543 -8.51640722725629 7.13746593100765 4.0729600445852 -7.48457738186344 -0.70155725265745 -6.02323147072359
"37" 2 0 -58.49917289 -4.32583754299999 -13.2829160203596 6.39174875360752 0.935001517848519 -7.04652077685171 -0.549657097135433 -7.17759444453072
"38" 1 0 -68.69917289 -9.32583754299999 -11.4478436774331 7.05368847318204 1.12084835787873 -9.41801476882143 -2.09746608624352 -6.58115231085985
"39" 1 0 -62.59917289 -2.62583754299999 -14.4196536582426 4.9352021578941 1.54230656479361 -7.09994300934379 -1.3545980876389 -7.71721342763758
"40" 1 0 -61.19917289 -3.82583754299999 -13.412205035828 6.04714929529229 1.05671135803964 -6.49927913281473 -1.32078383130007 -7.10402697700528
"41" 2 0 -56.69917289 -0.825837542999992 -14.1427808412186 5.92329194619995 1.07685471737896 -7.58537840881805 -0.365985184711711 -7.46972164635
"42" 1 0 -41.39917289 -15.125837543 -7.64403094045218 7.8154378784505 0.013452077052413 -7.29831696438946 -1.63490088848372 -6.52197443402893
"43" 1 0 -70.79917289 -2.02583754299999 -14.8199630584334 3.55993924086161 2.41748692429671 -7.5906673647692 -2.16781971120599 -7.87805881398411
"44" 1 0 -41.49917289 -13.825837543 -7.86801915190869 9.15774536327027 0.107562636664378 -6.79417670993136 -2.07595964761952 -7.25957601296042
"45" 1 0 -74.99917289 -9.62583754299999 -12.359549610175 6.64823424006203 1.19418101132803 -8.64693249453628 -2.60233449948366 -6.91736033618693
"46" 1 0 -69.49917289 -6.52583754299999 -12.7492755088573 6.23158149195839 1.11695044745714 -8.48576654544918 -2.11855255779856 -6.62626009424886
"47" 2 0 -71.29917289 2.07416245700001 -13.6384075075675 5.98032577116149 1.00796428789006 -7.65527127558451 0.577132944690808 -6.84724148256497
"48" 2 0 -68.19917289 -0.525837542999993 -15.5054322129564 2.73349450572918 2.54559510903326 -7.51073460313446 -1.4483369812294 -8.69814865564684
"49" 2 0 -44.09917289 -9.72583754299999 -8.44400646746795 9.42222455769997 0.0385933795051041 -8.10560125502691 -1.98927903511477 -7.71461195730842
"50" 1 0 -61.99917289 -30.725837543 -6.04639411971801 7.59567206633543 3.81384879330471 -8.41098029747236 -0.547530761513182 -6.71280806937905
"51" 2 0 -41.89917289 -12.725837543 -6.70956184557876 7.58996679406829 -0.142632627154453 -7.43529851120961 -2.12231130371988 -7.11091408170282
"52" 3 0 -42.59917289 -18.825837543 -8.44233120060686 6.1520783818007 0.974710230541619 -9.35101893900861 -1.209851727483 -5.71260674853852
"53" 1 0 -42.59917289 -22.425837543 -8.97369286489582 5.78342792368411 1.74521705368554 -8.44377980489448 -1.34198636083097 -5.18242938110541
"54" 2 0 -56.39917289 -27.925837543 -8.93296025179087 6.04619184386205 4.60953260684912 -7.66536651533796 -0.828571840880473 -6.71738356598329
"55" 3 0 -61.19917289 0.674162457000008 -13.0890605838894 6.98457650653135 0.239892105180021 -7.21779893634254 -0.919465794288452 -7.60348897422401
"56" 3 0 -72.59917289 -13.325837543 -2.76381601184773 2.94612717770571 -1.38137299831041 -9.14600712902821 -1.50362042280871 -7.0168464782974
"57" 3 0 -58.69917289 -30.125837543 -7.08907366595662 6.98687568182226 4.20791458933424 -7.61059005067202 -0.572249490256137 -6.34194672407853
"58" 1 0 -72.69917289 -5.12583754299999 -13.3217391701235 5.48648809144234 1.69438489088481 -7.98020703829483 -2.51302892192681 -6.86890891910102
"59" 2 0 -55.19917289 3.47416245700001 -13.1308015358536 6.54635005032984 0.441955595300969 -7.40649588355821 0.0517963093738352 -6.55429826662026
"60" 3 0 -58.59917289 -9.52583754299999 -10.9101340543321 8.18937196584871 0.575361815688267 -9.41927571635928 -0.674631018286452 -6.39299101342575
"61" 2 0 -48.79917289 -4.12583754299999 -12.8893679711952 7.63568994728907 -1.07429019706239 -8.02804842477558 1.12260285119383 -7.56879344893523
"62" 1 0 -38.19917289 -9.52583754299999 -8.55195908581135 9.73262694307796 0.998163217160766 -5.62283469135025 -1.93015160616062 -7.29457782335096
"63" 1 0 -50.69917289 -29.125837543 -8.73681586130969 1.80149545391117 3.75675496815266 -6.94279787701275 -0.790429580782228 -6.28485148970468
"64" 2 0 -42.59917289 -12.425837543 -8.1807322660667 9.96612724685807 0.24139193313687 -7.78991262036707 -2.00479707963682 -7.88465983628828
"65" 2 0 -72.79917289 -2.22583754299999 -14.7011013851353 3.82070623177401 2.77437331586788 -7.10826956027888 -2.47368304348643 -8.31323137314829
"66" 2 0 -42.69917289 -15.625837543 -7.85065709899335 7.71025042552864 0.0507936540934301 -8.40099278337261 -1.64253671978757 -6.70214495092575
"67" 3 0 -59.99917289 -15.625837543 -9.57951524722488 8.42830308388671 1.20498616676619 -9.0304507633644 -1.34069248588915 -7.08428740379124
"68" 3 0 -61.49917289 -25.025837543 -6.76159714695752 9.39433037788136 3.22476267353874 -8.37968479858122 -1.07496146093942 -7.49933960648546
"69" 2 0 -42.89917289 -11.625837543 -8.54878477619196 9.55198732489185 0.240207237355716 -8.35446310882976 -2.02517707131675 -7.71537476959111
"70" 1 0 -50.59917289 -18.925837543 -9.87316080418027 7.76159557420033 0.727880331297796 -8.90967452602576 -1.47650545602103 -6.51147111216628
"71" 1 0 -59.89917289 -6.52583754299999 -12.5442747423416 6.76744310221653 0.898585684761089 -7.89930729798053 -0.192772301418865 -6.68367756373565
"72" 2 0 -65.39917289 -15.325837543 -11.8208263016114 6.37704698995977 2.59035423015457 -10.0171829062814 -1.76270817497158 -6.02852163481768
"73" 2 0 -54.19917289 -0.725837542999992 -11.9427112858106 7.14736628792896 0.0740674211235072 -6.83544274124285 -0.715311745112441 -6.58310426443568
"74" 2 0 -52.09917289 -3.52583754299999 -12.3958403031178 6.80257122408041 -0.325859961917203 -7.36596156893074 0.488309229528934 -6.89232632822715
"75" 3 0 -51.99917289 -25.325837543 -8.70951387120597 4.10432521780476 3.60751249289285 -7.88815095646547 -1.2734872073847 -6.62530471422628
"76" 3 0 -43.49917289 -18.525837543 -8.40805260113146 5.88826594702966 0.642080086687821 -9.43353656979669 -1.01254637948534 -5.35246305843303
"77" 3 0 -42.19917289 -10.725837543 -8.17432036141945 10.2661435104878 0.281287071153018 -7.70753018275745 -2.31414706479509 -8.1485045924005
"78" 3 0 -54.19917289 -0.625837542999992 -12.0075490664796 7.00615236664999 0.136961216458957 -6.93718728805925 -0.671519972935353 -6.62090708128875
"79" 2 0 -62.89917289 -13.225837543 -10.1862325337468 8.4272319762313 0.736423264642997 -8.79858248126061 -1.65538772888458 -6.72487468804362
"80" 1 0 -65.69917289 -5.72583754299999 -13.6025897451399 5.7066537731031 1.10313629598699 -8.32375430942736 -1.61931454970216 -6.44304760703409
"81" 3 0 -41.69917289 -20.525837543 -7.98636230488516 6.08140811245515 1.28164649543036 -9.06468992142378 -1.44436601291515 -6.20247459198184
"82" 1 0 -54.59917289 1.17416245700001 -12.0646773936652 6.8043793522554 -0.048596260524665 -7.56131143575655 -0.1085033386208 -6.6238388002342
"83" 3 0 -69.19917289 -7.32583754299999 -12.5989872459091 6.35212658949355 0.905745895370647 -8.89560364917177 -1.85803618716743 -6.64316178757212
"84" 1 0 -55.79917289 3.47416245700001 -13.0538033076888 6.74745383248895 0.387406406813801 -7.41623248902206 0.128447763055781 -6.46174823256766
"85" 1 0 -47.99917289 -21.125837543 -9.2111200846146 6.72248871248053 1.44411318482677 -9.5381259898625 -1.97502444296653 -6.12195443542726
"86" 2 0 -73.09917289 -6.52583754299999 -12.9544026597312 5.86799578513176 1.78438635207495 -8.0818284688895 -2.19703371615048 -6.75967462741157
"87" 3 0 -66.69917289 -25.125837543 1.15202069016601 2.98671628069263 -1.26076623681709 -8.10830930957287 -0.823969054535335 -7.72402989538908
"88" 1 0 -52.69917289 -31.025837543 -8.30730085132665 4.69156514131466 3.88171095429684 -6.24967625369263 -0.476782265195797 -5.95115407137281
"89" 2 0 -52.39917289 -24.325837543 -9.18619340989383 4.6710684474008 3.07064994606748 -8.12199731193897 -1.53164065802939 -6.51351183741108
"90" 2 0 -54.39917289 -3.52583754299999 -12.0223230204434 7.06785145420715 -0.00668406958722398 -7.11868399597211 -0.233783195901361 -7.11241305373207
"91" 1 0 -71.29917289 -3.62583754299999 -14.1805131830822 4.25104419852059 2.12345155431052 -7.57937855747497 -2.43510970162903 -7.60015665298446
"92" 3 0 -53.59917289 -23.925837543 -8.67194042717325 6.26887674334184 3.32791841239924 -7.83605588410745 -1.32831512297652 -7.25150708227421
"93" 2 0 -69.29917289 -2.32583754299999 -15.1936440873201 2.7702169689672 2.53886938985736 -7.99458924858135 -2.2082655676588 -8.13290758689897
"94" 3 0 -62.99917289 -20.925837543 -6.82929987173877 9.6416288842089 2.3013155382817 -8.27083347711548 -1.24569114101077 -7.48009852227148
"95" 3 0 -55.99917289 -27.925837543 -8.96747843087275 5.67434491763596 4.5665292159264 -7.73119695742138 -0.846760176770313 -6.8813503478506
"96" 2 0 -57.99917289 1.97416245700001 -12.5154541096677 7.38700811983331 0.165298047702822 -7.25566568093987 0.0560390015394696 -7.2884933857997
"97" 1 0 -67.89917289 -0.825837542999992 -15.3911391174636 2.83925821664342 2.62748652381997 -7.46146844899838 -1.70631624233394 -8.49460092198935
"98" 2 0 -43.49917289 -8.22583754299999 -9.2732192973829 9.73537027177866 -0.0613475612980791 -7.62574647150902 -1.92700293488198 -7.74498902844916
"99" 3 0 -57.39917289 -28.825837543 -8.18781208864831 6.70541267103197 4.41057894862379 -7.7280886089354 -0.585848759460802 -6.42199478987827
"100" 1 0 -56.69917289 -17.325837543 -10.0304937695393 8.77622588403122 1.77760570360172 -8.45772162268521 -2.05437320868493 -6.68497300790242
"101" 1 0 -58.89917289 -14.825837543 -9.51177141250655 7.6793731778206 0.709717324156171 -9.33420363869106 -1.46296329626877 -6.7412605221568
"102" 2 0 -58.89917289 3.97416245700001 -12.4085515920855 7.50156215455799 -0.0522631036495983 -6.93115294892676 -0.201828450759277 -6.9894924323101
"103" 3 0 -56.59917289 -9.22583754299999 -11.3390974788994 8.19989624731194 0.741268988089181 -10.1060087871805 -0.63311454834865 -6.58168238341744
"104" 3 0 -55.99917289 -11.925837543 -10.5379417677889 8.57057511093681 1.02233602270686 -10.327605096831 -1.40693168134594 -6.7462456708214
"105" 1 0 -54.69917289 -21.725837543 -9.54456392871787 7.09333505469919 2.2771363753368 -7.97453633190906 -1.72043496892279 -6.45890475048281
"106" 2 0 -54.29917289 -27.225837543 -8.87575548912093 4.53559560847248 4.29453141999933 -7.81595555638403 -0.970151025567209 -7.27684096382327
"107" 1 0 -69.29917289 -17.625837543 -0.765404990970337 4.11575968316667 -1.46200514894437 -9.48196029368553 -1.24395938129612 -8.3458671216807
"108" 2 0 -68.69917289 2.87416245700001 -14.7229916113683 5.07856870402899 1.16442769964104 -8.34551220298955 0.278572806880841 -7.78011686876108
"109" 1 0 -56.79917289 -1.92583754299999 -13.3782501622339 7.14632966725543 -0.0829498277385401 -7.11685764654349 0.480438894587915 -6.82168965655946
"110" 3 0 -58.39917289 -2.12583754299999 -13.3061481115041 6.57018220483491 0.726047997750521 -6.65250604894364 -0.64168649642489 -7.13127570036011
"111" 3 0 -70.99917289 2.17416245700001 -13.7901207499423 6.0576130468741 1.12341200867724 -7.64696264172193 0.47395047392844 -6.88262032732157
"112" 3 0 -55.59917289 -3.02583754299999 -12.4912696982655 7.00575128070495 0.23190552074218 -7.12211517195949 -0.171498709963005 -7.27555208008404
"113" 2 0 -68.19917289 -1.62583754299999 -15.4487179804389 2.62569276014122 2.75744051254288 -7.33417404163438 -1.81026994903032 -8.72601136729347
"114" 2 0 -53.79917289 -10.125837543 -11.3909673968917 7.99778406024329 1.01704113993408 -11.4211105457356 -1.30828045982745 -6.5737110147345
"115" 2 0 -69.49917289 -0.425837542999991 -15.2072394780581 2.72620190626307 2.67353572205564 -7.62269406449811 -2.55855555309707 -8.40296276258975
"116" 3 0 -54.59917289 -31.925837543 -7.48383225866047 5.89476389592422 4.20799385801788 -6.85302938984172 -0.558086461130831 -6.60242222032626
"117" 3 0 -69.29917289 -2.12583754299999 -15.340070168807 2.86714642950186 2.40583763723113 -8.12009023827406 -2.10209253919486 -8.05893039915684
"118" 3 0 -44.29917289 -15.625837543 -8.40625325840833 9.26497510851425 0.461866420843584 -8.66456155977499 -1.58663135131135 -7.30426272096565
"119" 1 0 -65.29917289 6.17416245700001 -12.1092745896996 4.26716129284325 -0.698925863048827 -9.52085816442975 1.24918955512471 -6.84717781455208
"120" 2 0 -60.29917289 -21.325837543 -7.75742942421096 10.0004378117325 2.74785497709053 -7.61889507121599 -1.49358482998692 -7.60073322800327
"121" 3 0 -38.09917289 -5.62583754299999 -9.58036627102215 9.91149330922827 -0.925024234815496 -6.61435833431561 -1.46883897820683 -7.44829403033608
"122" 2 0 -44.29917289 -14.825837543 -8.4174117038888 8.8924706463047 0.289279795928434 -8.56754063590348 -1.56336958742128 -7.14551664534672
"123" 1 0 -55.69917289 -11.525837543 -10.3192342328485 8.52585454478474 0.897049227192718 -10.2682430419717 -1.48353662870356 -6.80966550388393
"124" 2 0 -51.89917289 2.47416245700001 -13.1707400960475 5.97233099807114 0.450318603333682 -7.78086132022915 0.880851047548857 -6.61043222798255
"125" 2 0 -70.29917289 -14.625837543 -0.838827490462951 1.65033740893523 -0.772856334545566 -10.1784382729826 -1.27181164705373 -6.97867144251288
"126" 3 0 -57.99917289 -16.825837543 -10.0913470220907 8.75028571385582 1.91954817893949 -8.87123238245486 -2.01030267901677 -6.83832526740821
"127" 1 0 -64.99917289 7.57416245700001 -12.050088204319 8.73762448111864 -0.178759025825417 -7.3068922636369 -0.598656015386895 -7.10671109865524
"128" 2 0 -59.49917289 -3.42583754299999 -13.3241796796851 6.41079595329915 0.819340095049118 -6.51315621908443 -0.864873008236439 -7.03264448273386
"129" 2 0 -53.19917289 -13.725837543 -9.81533343723278 8.45713628497484 0.910218869542299 -9.91595766227598 -1.46233741659748 -6.92353270292155
"130" 2 0 -69.39917289 -15.325837543 -3.06226741767304 1.89282706010613 -1.59974456604102 -7.94783538512549 -1.14589703777094 -5.55202650045243
"131" 1 0 -44.09917289 -10.825837543 -7.96165546990297 9.35126507362493 0.593749541187946 -9.20419015284787 -1.70189464310398 -7.90047687544649
"132" 3 0 -51.99917289 3.77416245700001 -13.7537548532539 5.76142187280617 0.350458749772423 -8.49328395146082 1.4860160828046 -6.60133233850997
"133" 2 0 -39.19917289 -12.525837543 -9.12509978841752 7.18132983158554 1.58777976984932 -4.77296257043217 -1.709883722165 -5.97165765053169
"134" 1 0 -36.29917289 -6.82583754299999 -7.55503821533015 8.78659261195458 -0.767114324241946 -5.665770622584 -1.70687134260253 -6.9595517492944
"135" 1 0 -35.89917289 -9.42583754299999 -10.8623213033491 6.48843627720182 0.330501956625509 -5.99998543052762 0.0328812409418651 -5.7223146211302
"136" 2 0 -57.99917289 -17.325837543 -10.0276345562644 8.73445413749545 1.97329156150536 -8.60069080536557 -2.0148194214765 -6.8689210251652
"137" 3 0 -36.39917289 -9.22583754299999 -8.91916666440101 5.95748671409302 0.0180342540403363 -6.22238724481709 -0.218586174392065 -6.04068520160668
"138" 1 0 -60.99917289 -22.825837543 -7.06461809846275 9.97496656096052 2.92009120094372 -7.85966101982933 -1.32091607899857 -7.58566647517941
"139" 3 0 -41.99917289 -10.125837543 -8.57904843841854 10.3094863388231 0.0259600258482477 -7.46316887191902 -2.34748172254148 -7.98808675105897
"140" 2 0 -56.09917289 -34.825837543 -6.93118398576148 5.31454874554804 4.32782938110756 -5.82063428965544 -0.441120648028873 -5.75855776864945
"141" 2 0 -47.39917289 -6.82583754299999 -10.6068562803606 8.47984357455487 0.270370310913111 -8.1222298266658 -1.23813367406496 -6.62073725762347
"142" 2 0 -68.39917289 -19.425837543 -0.245771657997588 4.83380605400594 -1.49314067940143 -9.40887784874085 -0.966361344198759 -8.56625372137068
"143" 1 0 -63.19917289 -4.82583754299999 -13.3480575241435 5.85493986337317 0.739597909887985 -7.03288649054147 -0.835616714563869 -7.08942633464484
"144" 2 0 -66.69917289 -13.425837543 -10.9860112993611 8.15359506092643 1.15481451860148 -8.22685987364021 -1.57300097918622 -6.76035200451333
"145" 1 0 -50.39917289 -5.02583754299999 -12.3141083600833 7.45485312681869 -0.592442983305797 -7.70543163087178 0.252570474619384 -7.34447918970601
"146" 1 0 -45.29917289 -8.42583754299999 -9.43608552791258 9.16380746291363 -0.0860306846603029 -7.63722230599787 -1.36648476718231 -7.19588235067841
"147" 3 0 -63.49917289 -8.62583754299999 -12.0317524066178 7.30871168761508 0.736135781566774 -8.78208146800317 -1.260967140002 -5.84428035561358
"148" 2 0 -62.19917289 -12.125837543 -9.68502859630187 7.4916154260806 0.463602650744449 -9.02773318208953 -1.14931832530419 -6.5018152569539
"149" 1 0 -63.79917289 -7.82583754299999 -12.0973709266307 7.47158311148133 0.55773109440454 -8.36885379924598 -0.963804254901989 -5.99617375308357
"150" 2 0 -71.29917289 -14.125837543 -1.13507760426355 1.58917457755821 -0.863208508964159 -10.6611218907494 -1.28145086860171 -6.96429404442813
"151" 1 0 -70.99917289 -13.825837543 -0.087187610047716 -0.37478712086627 -1.36350903522945 -10.3036405177863 -1.13871946645673 -6.29878058572259
"152" 3 0 -59.59917289 -3.12583754299999 -13.4703613796037 6.43425165981296 0.837233030664708 -6.55915106683423 -0.851577106185858 -6.98319327287352
"153" 3 0 -68.99917289 -11.225837543 -10.5592289566111 7.42152535515367 1.3602317929197 -8.44325390968106 -1.60707689061286 -6.01941869584496
"154" 1 0 -57.79917289 -0.525837542999993 -13.7435611497662 6.29374992939758 0.80501592380551 -7.45249520577273 -0.555387306417331 -7.26645874401475
"155" 2 0 -44.29917289 -14.725837543 -8.44235696890138 9.05895364366341 0.320989639874653 -8.56147127369183 -1.5734179064822 -7.22387407982308
"156" 1 0 -62.89917289 3.77416245700001 -11.9549418516953 2.75434767636136 0.387968946246514 -8.38378044226151 -0.90121519785087 -7.41912999498679
"157" 1 0 -69.29917289 -3.52583754299999 -13.6578936230514 4.8103700368826 1.82470257231023 -7.37875724109243 -2.57906655666774 -7.15556073118004
"158" 3 0 -63.39917289 -22.525837543 -7.6520390025707 8.85162904966763 2.95318271430521 -9.24020804302027 -1.0511179693317 -6.65121596760315
"159" 1 0 -68.99917289 0.774162457000008 -15.6502365662705 2.4616619213313 2.5618140278127 -7.87206403320016 -1.66001343007906 -8.87793954386354
"160" 2 0 -41.49917289 -8.32583754299999 -8.47026581046311 10.5487124894523 0.0604851748338071 -7.33061620735893 -2.07208929872815 -7.9823759247053
"161" 3 0 -53.19917289 -9.22583754299999 -11.3353720006747 7.99247582720622 0.86470038913399 -10.8545066829936 -1.46648544636403 -6.58228227909828
"162" 3 0 -65.09917289 -9.02583754299999 -11.4938319883568 7.86437305311852 0.487010311686226 -7.91838094822001 -1.47627168653924 -6.24695015347362
"163" 1 0 -65.69917289 2.37416245700001 -14.6993769552373 5.1673410105486 1.26621394989436 -8.23703813286836 -0.806555557570885 -8.4369911461556
"164" 3 0 -69.49917289 -19.925837543 -3.2871910678123 7.57257317457541 0.417259150152755 -5.85012952008263 -1.35237102742669 -7.51194550542949
"165" 2 0 -50.89917289 -11.925837543 -11.1148192795281 9.14610873677074 0.541240713874307 -9.16909217431869 -1.77459767322842 -6.57264639819591
"166" 2 0 -64.19917289 -0.425837542999991 -14.5583319601288 4.78758286707991 1.64078786694378 -7.26063857739106 -1.59939203790091 -8.21668794894781
"167" 1 0 -58.39917289 -32.325837543 -6.93065935474315 6.54957819145286 4.72658447753474 -7.5084685398699 -0.340333830872922 -6.50990125332862
"168" 2 0 -64.39917289 1.37416245700001 -13.1838545231451 4.40152284876209 0.73732482982685 -7.85557490840535 -1.43996944219563 -7.62648418116919
"169" 1 0 -43.39917289 -4.82583754299999 -10.9590351648076 9.65108919109521 -0.122891689287489 -7.89800501056332 -0.325651093559979 -7.24687776901932
"170" 1 0 -55.79917289 -33.525837543 -7.50514454851316 5.45572569239614 4.90775357433951 -6.7810904685259 -0.443943225511168 -6.63082607389648
"171" 2 0 -68.29917289 5.27416245700001 -13.7712070028866 7.43175107586302 0.457741071730617 -7.95397297889943 1.12571825282811 -7.12269062746478
"172" 1 0 -39.69917289 -6.32583754299999 -8.9138152836859 9.19208417820749 -0.500206856834052 -6.64066474376157 -1.20778026477981 -7.09355739000703
"173" 2 0 -69.49917289 -21.725837543 -4.36481514098304 8.13974964250975 0.907558548479897 -4.84701170844088 -1.38709866022689 -6.88590070134595
"174" 3 0 -68.39917289 -10.625837543 -11.3937359461327 7.5396593735241 1.12762000749613 -8.33252455864898 -1.63260264704039 -6.08711124189661
"175" 1 0 -52.89917289 -11.125837543 -10.9518374662833 8.42944176771112 0.945415894624801 -10.8145389915583 -1.36323985551552 -6.72390926464244
"176" 2 0 -72.69917289 -13.325837543 -4.0062696299347 4.0836130288813 -1.158605062031 -9.20430053677321 -1.7395313045933 -7.25359220136482
"177" 2 0 -46.29917289 -6.42583754299999 -9.81030915415075 9.09185817800599 0.223408619799933 -8.04016828923045 -1.27365779961195 -7.05254651341863
"178" 1 0 -46.39917289 -13.525837543 -9.62582579539305 8.81808139886618 -0.113859206554208 -7.68787302988896 -1.38021615409234 -6.52242778570222
"179" 2 0 -54.09917289 -13.625837543 -9.65494584829536 7.90375740347523 0.813179635772418 -10.0319988069519 -1.54256179558709 -6.80172753512964
"180" 1 0 -71.49917289 -15.025837543 -0.303904522279629 0.372794866284169 -1.33322391741043 -10.8351209918134 -1.04798930905015 -6.59136396566374
"181" 2 0 -41.39917289 -12.325837543 -7.95076392444875 6.77693282533444 0.872254685388425 -6.92957912057816 -2.16531695691967 -6.87424078319163
"182" 3 0 -67.19917289 -17.925837543 -0.873745585816024 4.41671209319213 -0.146063037613354 -9.99368360625809 -1.21062361696365 -8.40185890152207
"183" 3 0 -55.99917289 -21.525837543 -9.38567174934764 7.44014771858467 2.7033125916247 -7.9779613953806 -1.68289657216346 -6.54432330403125
"184" 1 0 -41.69917289 -5.02583754299999 -9.86256273537487 9.64117121297049 -0.397800675412648 -7.95686474912698 -0.794735443698244 -7.25382760066541
"185" 1 0 -57.09917289 -30.425837543 -7.75124828492211 6.29506587326872 4.75926208609024 -7.57956273819664 -0.547486443763354 -6.44494472661752
"186" 1 0 -74.49917289 -5.82583754299999 -13.2485585013637 6.24649420056458 1.88206819073498 -7.80558809195995 -2.51322492644921 -7.26777129729684
"187" 3 0 -38.99917289 -6.32583754299999 -9.61382818106533 10.2321827256232 -0.417985780710587 -6.86244310534233 -1.15336077021485 -7.35655356568527
"188" 1 0 -57.99917289 -7.52583754299999 -12.0591447153595 7.57344778709919 1.14330734016098 -9.68296112139357 -0.995088168850301 -5.94688597491657
"189" 1 0 -42.89917289 -16.725837543 -7.61920457377494 7.4019893745368 0.274004999486735 -8.59804913161953 -1.56361883948318 -6.66599916373569
"190" 3 0 -72.89917289 -16.225837543 -3.70320727690775 8.34451019290189 -2.22324760849048 -7.0608156015715 -1.97444472779468 -9.01759999439135
"191" 3 0 -44.29917289 -20.525837543 -8.39956704108895 6.01101914527307 0.741111809561378 -9.75369075538035 -1.40448770389989 -5.89983554791075
"192" 2 0 -58.49917289 -31.325837543 -7.03357282703911 6.49649117185307 4.64459961336239 -7.78272907717006 -0.486681754218144 -6.68427898961492
"193" 1 0 -74.29917289 -7.32583754299999 -12.2966001822189 6.35223984088733 1.68585737823247 -8.19827477887403 -2.35490325215056 -6.99565610805422
"194" 2 0 -51.69917289 -17.825837543 -9.65045476904668 7.02655356258386 0.424012485114646 -8.74939843161344 -1.55142026220782 -6.27594435608317
"195" 1 0 -58.89917289 -33.825837543 -6.1223757248821 6.21485320640366 4.43071137669896 -7.02606735902978 -0.352859481139877 -6.20671790350139
"196" 1 0 -54.69917289 -3.62583754299999 -11.9294547974643 7.04197649264002 0.0623823316915733 -7.12979723352118 -0.332178246676807 -7.15012223716764
"197" 1 0 -60.99917289 -22.325837543 -7.3498537535463 9.98126626554713 2.86347767483236 -7.93975623179628 -1.32843744229058 -7.57856015653556
"198" 2 0 -51.49917289 -12.725837543 -10.5867225543944 8.94386205856074 0.660750720850747 -9.32274123635652 -1.58556553521829 -6.65179650335285
"199" 2 0 -57.69917289 -1.02583754299999 -13.497653664297 6.06429282766787 0.69827648557911 -7.32443272487305 -0.396203007200674 -7.20071438902383
"200" 3 0 -66.89917289 -24.625837543 0.482544030392284 4.26244595819156 -1.0895709878669 -8.26631135466819 -0.84514460020597 -8.1647255237217
"201" 3 0 -56.69917289 -0.425837542999991 -13.8487853106185 5.9263051844046 1.07050105246965 -7.65694925098034 -0.520552668470103 -7.49724243822484
"202" 1 0 -68.39917289 -3.32583754299999 -14.4175288892558 3.94911151157064 2.09510211914895 -7.3554366622883 -2.11935472755483 -7.81718606642486
"203" 1 0 -54.79917289 -34.225837543 -7.09603371654576 4.77826302473913 4.08261710391093 -6.22920782456244 -0.3147355353861 -5.97950590368306
"204" 3 0 -59.89917289 -8.42583754299999 -11.7587799119986 7.66570666229344 0.765964625073331 -9.28627559859475 -0.756016233784007 -6.04219210255325
"205" 1 0 -61.79917289 -17.025837543 -8.84776612001863 8.82174375997374 1.53048534744751 -8.02899055544945 -1.88722938833268 -7.56234566522276
"206" 3 0 -37.09917289 -6.62583754299999 -9.26347322481123 9.76668803398826 -0.639197493849655 -6.71893724761293 -1.66295738215878 -6.95043942493569
"207" 2 0 -52.99917289 -14.725837543 -9.72013171837426 8.3113998116304 1.06039745956004 -10.1800145567958 -1.38309484269148 -6.85932015434689
"208" 2 0 -63.49917289 -16.225837543 -10.6273969396467 7.35868943344863 2.23049435757124 -8.57235095310346 -2.07690149174601 -6.51745241442187
"209" 3 0 -65.89917289 5.87416245700001 -12.1937362167743 5.04675537994671 -0.767062832372575 -9.24311843360648 1.9772272786597 -7.17667235326164
"210" 3 0 -73.89917289 -14.825837543 -3.16274129246855 1.31800859209924 -1.52066824065299 -11.2272057671831 -1.73587743499638 -6.44761487268491
"211" 1 0 -55.19917289 -8.72583754299999 -11.3884656045986 7.02477082412322 0.393996898938036 -10.1590758144476 0.977244551131234 -7.45742338947158
"212" 3 0 -48.19917289 -2.92583754299999 -13.2932678044019 7.13733997228394 -0.814737303570991 -8.15986987150199 0.731240151149334 -7.68180432038608
"213" 1 0 -42.39917289 -7.02583754299999 -9.91855544020012 9.99683186936445 -0.129112460189463 -7.59832378293748 -1.54888994731915 -7.58970356642149
"214" 2 0 -53.39917289 -7.12583754299999 -11.5730180814319 7.12612007574424 0.351789014628588 -9.36216281962344 -0.375686927363591 -7.23205760089053
"215" 1 0 -71.39917289 -0.825837542999992 -14.5810604983022 3.97345956900211 2.39000744921898 -7.24702740027989 -1.69595100297147 -7.76706292774757
"216" 1 0 -69.99917289 -3.42583754299999 -14.0539137996312 4.18055889218994 2.10513510289862 -7.48462886298972 -2.4205220028955 -7.48814817217216
"217" 3 0 -60.59917289 2.47416245700001 -11.8712500522045 8.11279718143386 -0.542699374107741 -7.22209027492292 -0.0363991435373359 -7.39201775696571
"218" 1 0 -72.79917289 -2.92583754299999 -14.6482605857679 3.78940080321715 2.64533007003758 -7.51468150471872 -2.49956360713985 -8.17794028396663
"219" 1 0 -50.09917289 -11.225837543 -11.4907389200243 8.93852931299168 0.352087942411526 -9.43165377131213 -1.47888084993399 -6.4948828322043
"220" 1 0 -46.09917289 -14.725837543 -9.12583473220291 8.04006233499787 0.183482634208315 -8.55839522740831 -1.65316216698671 -6.49658541167434
"221" 2 0 -40.49917289 -18.525837543 -9.40193683724672 7.72770106839249 1.33671569011358 -7.00593865084659 -1.86659560649376 -6.46604050372205
"222" 1 0 -62.69917289 8.57416245700001 -10.2144848343145 8.74373764059048 0.025953104688366 -6.36899762327344 -1.78647288409591 -6.72955863965573
"223" 3 0 -62.99917289 -12.925837543 -10.2646108425825 8.48234519564176 0.749846976403007 -8.88661598870008 -1.61418221520504 -6.65508216119087
"224" 2 0 -69.39917289 -6.02583754299999 -13.0170656796642 5.84245151364498 1.18670255285778 -8.56596982091369 -2.1921846768473 -6.61157884113126
"225" 2 0 -50.19917289 -9.02583754299999 -10.7666244786297 8.77396237113473 0.331955520137225 -8.87000289822162 -1.55469711614149 -6.82806907456087
"226" 3 0 -40.99917289 -8.42583754299999 -7.93971126601146 9.71737716428479 -0.144380187625424 -7.17838011804193 -2.02405930181072 -7.77139120778713
"227" 3 0 -50.09917289 -1.42583754299999 -13.9527470142994 6.16288236869141 0.264829672601104 -7.75617205478869 -0.00298264537481518 -7.54445000510523
"228" 3 0 -57.69917289 -30.625837543 -7.76742832295367 6.20857916898766 4.74268675834378 -7.68196286417821 -0.48144169250023 -6.3553111102997
"229" 1 0 -71.19917289 -16.625837543 -1.80439707941294 5.59587108775937 -2.36994505442818 -8.35366976623866 -1.80620643765385 -8.73210725699435
"230" 2 0 -68.69917289 -16.925837543 -1.51059251755594 3.3767118234226 -0.829401922653168 -9.21196157708922 -1.06797453440987 -7.16931971118983
"231" 2 0 -52.69917289 -18.525837543 -9.62200211275574 6.83843962483058 0.80247555068659 -8.89782741698677 -1.47785627560149 -6.29757344789803
"232" 3 0 -73.19917289 -15.125837543 -2.56916651470502 1.80093019323055 -1.48173192767993 -10.8134282986818 -1.69683975599055 -6.83004342127488
"233" 2 0 -62.29917289 2.67416245700001 -12.3797157016707 6.86597229914436 -0.0374187075489816 -7.44875244633557 -0.967295084682126 -7.65596489227765
"234" 1 0 -59.79917289 -19.825837543 -8.21360937242205 9.54746430645474 2.17689225851922 -7.82520181517657 -1.80845480420773 -7.61781550636215
"235" 3 0 -46.59917289 -14.925837543 -9.51452822231763 8.11826063095117 0.148417426801908 -8.42802347998816 -1.65598843185065 -6.27946966014887
"236" 3 0 -53.29917289 -1.72583754299999 -12.2592913241875 7.88298873164423 -0.159598144660017 -6.53483917873209 -0.536731238748118 -6.71999419782913
"237" 3 0 -57.79917289 -35.425837543 -6.01699770772214 5.58343885851309 4.47658345235766 -6.5891246880846 -0.359353580632468 -5.89773970373971
"238" 1 0 -52.79917289 -24.325837543 -9.1477218048021 5.17090203453598 3.22815892070894 -8.19440222870383 -1.41510762621694 -6.71717208894896
"239" 2 0 -53.59917289 0.274162457000008 -12.919903361739 6.58192988156337 0.406766083134188 -7.21382458013694 -0.390998692720663 -6.75722280534472
"240" 3 0 -66.49917289 -11.925837543 -10.9065504790171 8.36063634782311 1.0378645692687 -8.3154178129789 -1.61372431015614 -6.63787705989053
"241" 2 0 -67.09917289 5.87416245700001 -13.5056306360801 7.39696356434726 0.284478904800159 -8.58590422554786 1.45083175297092 -7.167891475924
"242" 3 0 -72.39917289 -15.525837543 -0.404282231275825 1.64639335858852 -2.02801485457103 -9.99676379845822 -1.15634296765369 -7.15646648852896
"243" 3 0 -60.89917289 -9.42583754299999 -10.9443978876219 8.10983124884121 0.416636799498867 -9.10865557987732 -0.667727007440036 -6.18119567297815
"244" 1 0 -69.59917289 -4.72583754299999 -13.6441282591232 5.11756849874713 1.42699305173416 -8.09917153066412 -2.20736594003828 -7.15752012044851
"245" 1 0 -71.49917289 -2.52583754299999 -14.6072952596146 3.68832376063133 2.44767472252191 -7.42975860533549 -2.25076217606307 -8.03145289471123
"246" 3 0 -43.09917289 -7.32583754299999 -10.097549569636 9.95274397301033 -0.049053050311543 -7.57275167885554 -1.56922633974017 -7.36493284272616
"247" 3 0 -61.49917289 -9.32583754299999 -11.0545749446958 8.00770976233949 0.344410900403956 -9.06027218224098 -0.628724282566576 -6.12763900103691
"248" 2 0 -70.59917289 -3.42583754299999 -14.3530245730153 4.05468678074201 2.14571053330036 -7.58318591467064 -2.24418307445808 -7.70414991970837
"249" 3 0 -37.09917289 -5.02583754299999 -9.56309605762231 10.2911398904399 -1.04395735578185 -6.21279730955093 -1.68125487413375 -7.29868082023112
"250" 2 0 -45.59917289 -23.325837543 -7.8744233932135 4.65853875796751 1.56640011361447 -8.34582573744594 -1.33542789525597 -5.0424024629324
"251" 2 0 -56.09917289 -10.425837543 -10.9349249414398 8.44737990049748 0.698752387991996 -10.0944395626472 -0.936981037717576 -6.80698267548508
"252" 1 0 -67.49917289 -5.12583754299999 -13.1593891997836 5.67574135009098 1.34774971106574 -7.87688509596026 -2.02105430403759 -6.4074800390081
"253" 2 0 -53.99917289 -17.825837543 -9.99503671619425 8.15192784938801 1.27304640961956 -8.93369361917506 -1.41971816573992 -6.58971338066773
"254" 1 0 -50.09917289 -17.925837543 -9.82303380562311 8.01620311597701 0.690926762522732 -8.81692413521782 -1.33589725195547 -6.4373476974189
"255" 2 0 -41.49917289 -7.92583754299999 -9.19400791954153 10.4888738525557 -0.0261006971234248 -7.59994204659445 -1.81424450766161 -7.64452771892523
"256" 1 0 -72.79917289 -2.52583754299999 -14.7871517814325 3.64259693643687 2.76310188583587 -7.25696234462425 -2.56041677186242 -8.44619701367679
"257" 2 0 -61.79917289 -29.925837543 -6.2405624345164 7.9526580203795 3.86943572509967 -8.54150035441567 -0.630078658863174 -6.87047920497132
"258" 1 0 -61.49917289 -9.82583754299999 -10.5733779888973 8.35873540266733 0.23833040125807 -8.96404549741288 -0.636457727781147 -6.29968233044053
"259" 3 0 -45.79917289 -17.325837543 -9.00861494525243 8.04642069812518 0.622140083977206 -9.54351637004976 -1.84061752581626 -6.68393299281291
"260" 2 0 -52.59917289 -28.425837543 -9.08562435507618 4.08103654342828 3.88107324400262 -6.9406469685423 -1.05732242476833 -6.47827522053109
"261" 2 0 -57.59917289 -20.825837543 -9.50410961185292 8.54148532559214 2.73128864099859 -7.81084315338421 -1.7700102802386 -6.83210660239392
"262" 3 0 -66.09917289 -19.125837543 -0.65486684944691 3.97167001316991 -1.00945661940071 -8.96671543386525 -1.01469202220387 -7.75735603988047
"263" 3 0 -60.89917289 -6.62583754299999 -13.3071026477271 6.27641972943819 0.981791792012136 -8.43431079012822 -0.325101655733033 -6.65621464507987
"264" 2 0 -48.69917289 -4.82583754299999 -12.6803906587 7.58369382871631 -0.960579991427831 -7.99023937041778 1.16915044109787 -7.44708639033006
"265" 2 0 -66.79917289 -1.42583754299999 -14.75466901177 3.71068004823312 2.2303855201255 -7.10662365963022 -1.63237248610351 -8.12144003294043
"266" 3 0 -40.29917289 -8.82583754299999 -7.96010003708825 9.76122687391544 0.159261561451661 -7.45786618595394 -2.21456696524604 -7.96940283962288
"267" 2 0 -53.49917289 -4.02583754299999 -11.4476385665786 7.19799318105684 -0.144482121505875 -7.02556403188649 -0.555296678830909 -7.05476997978592
"268" 2 0 -72.69917289 -10.725837543 -11.587954547961 6.94688196217095 1.24092607449402 -8.48449151455982 -2.39747685290185 -6.87760370899573
"269" 3 0 -63.69917289 -19.725837543 -7.20143851773531 8.01961763614193 1.28832610620007 -8.66517222300942 -1.40467482469804 -6.98606014792129
"270" 3 0 -60.79917289 -23.725837543 -6.77575223600352 9.69215422806051 2.98757677908326 -7.85985332047372 -1.19776780428035 -7.61360492300037
"271" 3 0 -57.19917289 -15.625837543 -10.1043892702575 8.19303733427052 1.4899032732096 -8.96185859532736 -2.17670786353626 -6.50221274522435
"272" 3 0 -49.89917289 -12.025837543 -11.1004963223416 9.07539318900714 0.367422159090509 -9.15754309852766 -1.48888156155121 -6.47535662419192
"273" 2 0 -69.29917289 -8.32583754299999 -12.2091979728779 6.52387686910463 0.869142333676966 -9.29406643744002 -1.68698166346419 -6.6264742756361
"274" 3 0 -55.99917289 -13.725837543 -10.6762965706963 7.81410267105447 0.552482151769077 -10.0174108293371 -1.59164265825822 -6.64896041108746
"275" 3 0 -48.79917289 -20.525837543 -9.12663985810543 7.52739951883865 1.29259459046238 -9.3273031706599 -1.94005251544145 -6.48882257876016
"276" 2 0 -59.99917289 -24.725837543 -7.41217710185499 8.96910176910535 3.39026915541081 -8.16665885814044 -1.13255540834737 -7.32047984656679
"277" 1 0 -73.39917289 -2.92583754299999 -15.0266615756583 3.4688945063123 2.9651514539627 -7.59523320507213 -2.7050556644281 -8.59050914479891
"278" 2 0 -49.99917289 -5.52583754299999 -12.2262146644658 7.64725518350785 -0.428531627658536 -7.69324651848614 0.0679046322716064 -7.23868505766736
"279" 1 0 -40.89917289 -18.025837543 -9.10708791776529 7.97531668443129 1.24947670629309 -7.29779080341276 -1.81829590649886 -6.67871740824228
"280" 2 0 -62.19917289 -23.125837543 -6.5295518657524 9.97641981455661 2.79258618201329 -8.0909185447067 -1.14274213106403 -7.68907376002981
"281" 3 0 -44.19917289 -20.625837543 -8.38600664105753 5.84716599981339 0.746885453439143 -9.6881260264864 -1.39900888958216 -5.81825688890515
"282" 1 0 -73.29917289 -2.62583754299999 -15.0957548958691 3.16873606473611 2.90529418405366 -7.49178670772028 -2.64727547759862 -8.69930304911221
"283" 3 0 -55.39917289 -32.225837543 -7.38210712400675 5.82557338300101 4.5605162202597 -6.97113677038531 -0.39685331310838 -6.72633604876801
"284" 1 0 -45.49917289 -4.62583754299999 -10.8287507214964 9.21487054683079 -0.565970669511652 -7.59887775755784 -1.04040143297361 -6.89851639936655
"285" 3 0 -67.69917289 -19.625837543 0.122475169233665 4.32740720792151 -1.44696866747877 -9.42450175462224 -0.912256287082937 -8.40837343940579
"286" 2 0 -46.49917289 -8.12583754299999 -9.96428567036542 9.19710372994181 0.161619416559519 -7.73868999874711 -1.45009454607598 -7.0252156217675
"287" 3 0 -57.79917289 -32.925837543 -7.03569845616919 6.16915024202714 4.87304982701864 -7.30358762465694 -0.423035995884114 -6.47098051969543
"288" 1 0 -59.99917289 -16.525837543 -10.0920979609349 7.7979732450983 1.97040207743141 -9.3830047591732 -1.9472975245383 -6.81323888793705
"289" 3 0 -42.09917289 -14.425837543 -7.83270403243752 8.79853604572457 0.228150802729028 -7.48192257665628 -2.0624451162458 -7.01062852175342
"290" 3 0 -62.39917289 -22.825837543 -6.42381069976003 9.98698994050904 2.76142717498661 -8.05354425853883 -1.09752946945248 -7.63524849684909
"291" 1 0 -65.79917289 -18.825837543 -1.79402030662763 4.27621186687179 -0.827324394609441 -9.2577660506436 -1.1513146548103 -7.57063663806603
"292" 2 0 -41.99917289 -20.225837543 -8.08587734470551 6.76527339748912 1.20501005608001 -8.95366826852282 -1.49829198553299 -6.37349598718272
"293" 3 0 -66.09917289 -17.225837543 -2.56519738279123 2.64110370518428 -1.241858163382 -8.98762863644806 -1.12643490356883 -6.84837458775613
"294" 2 0 -59.39917289 -3.32583754299999 -13.36100667879 6.38611970957542 0.881839552836764 -6.55138379643014 -0.80806610735326 -7.03697758193803
"295" 2 0 -49.89917289 -8.32583754299999 -11.3717335648888 8.40511481213559 0.243691267405555 -8.72080369914112 -0.433926300196339 -7.46070198568596
"296" 1 0 -64.79917289 -11.425837543 -10.9387893506686 8.490638233186 0.772007143409051 -8.49912846207875 -1.57019321954706 -6.33872968380781
"297" 3 0 -45.79917289 -9.92583754299999 -9.49092108550255 9.44322198945498 0.350712195614021 -8.85394729139833 -1.77732512039292 -7.29338862883443
"298" 2 0 -53.29917289 -32.325837543 -7.45875600343592 4.85775275102983 3.82938700880063 -6.36711008154392 -0.45475244872548 -6.04479471661939
"299" 2 0 -40.19917289 -15.325837543 -8.78304820555141 7.97934296466295 1.14433752150161 -5.91419723928045 -1.84767684895391 -6.40665364608288
"300" 2 0 -72.29917289 -6.82583754299999 -12.6891272179245 5.78135608166879 1.53946384938084 -8.20337739057328 -2.16145699940332 -6.43835505108736
"301" 3 0 -58.19917289 5.67416245700001 -13.6623872078982 5.45403454082392 1.52456945063036 -7.01670035485859 -1.33549885415762 -6.7583294360489
"302" 3 0 -68.99917289 -11.125837543 -10.5747785831185 7.51169624720525 1.2983594460648 -8.3894892055911 -1.62859983831497 -5.98534083448888
"303" 1 0 -53.59917289 -22.025837543 -9.69658217479885 7.3120281162207 2.1699138368948 -8.24799539717968 -1.82185161409791 -6.47312415455758
"304" 2 0 -60.19917289 -33.125837543 -6.00293918747659 6.75673534869822 4.076795887036 -7.56868277517411 -0.333726167825376 -6.38137756583876
"305" 3 0 -38.49917289 -9.02583754299999 -7.73841555997959 9.86851479083978 0.450815750856766 -6.19559680383356 -1.88380356373396 -7.40225594377002
"306" 3 0 -63.29917289 5.57416245700001 -15.4965215517521 4.18558752272091 -0.0869571353052185 -10.2279049760897 1.530321219057 -7.39516092954602
"307" 2 0 -62.69917289 -6.62583754299999 -13.0714066875227 6.63950715878114 0.644025978716846 -7.91977283690923 0.062991348205589 -6.82104820861227
"308" 2 0 -61.39917289 -21.225837543 -7.19187577523083 9.87443117754151 2.62782380806096 -7.87758575026499 -1.09134415112739 -7.59796547096219
"309" 1 0 -45.79917289 -18.225837543 -9.25068943103411 7.26274038771045 0.425838967908449 -9.65493285321385 -1.83629699246273 -6.28314251482557
"310" 3 0 -67.39917289 -14.425837543 -11.3481004215105 7.296876486505 1.7366035565183 -8.51777662111012 -1.6858773791121 -6.73050404112492
"311" 3 0 -59.09917289 -28.225837543 -7.4963058187912 7.46743329468024 3.94298346315296 -7.59661415783028 -0.758109143110957 -6.3745899267815
"312" 3 0 -50.19917289 -6.72583754299999 -11.5202911542491 7.67634231684443 0.0899409328157399 -8.11821235217842 -0.603183997633376 -7.25127968554011
"313" 3 0 -56.99917289 -12.525837543 -10.9117997806433 8.34662982239596 0.833258480933122 -10.4577556611722 -1.08648431867004 -6.6230269222381
"314" 1 0 -69.79917289 -16.425837543 -1.6830203826038 1.36299254128241 -1.87096217943108 -9.1041696576489 -1.42153299219754 -6.12150357981203
"315" 2 0 -57.59917289 -35.425837543 -6.01806537941159 5.54469296654017 4.45114539612745 -6.4559558879677 -0.372179128121996 -5.85565275388752
"316" 2 0 -63.69917289 -6.02583754299999 -12.8369581851443 6.62808022239377 0.765906031715075 -7.83494530860931 -1.26089277575378 -6.34730035108105
"317" 3 0 -66.89917289 -4.92583754299999 -13.40989420578 5.63882238924367 1.46040585174769 -7.73735278538903 -2.06034704371945 -6.36306133031395
"318" 3 0 -69.09917289 -21.425837543 -2.16631469601892 7.93818207321939 -1.47500878071769 -7.40358496353535 -0.782550089335968 -8.46349818184036
"319" 1 0 -56.39917289 -23.325837543 -9.26468716084352 6.97479704106362 3.2528584817113 -7.92725188880993 -1.33941631836423 -6.4306242008715
"320" 1 0 -52.29917289 0.0741624570000088 -12.9409055089 6.04713638030263 0.357109533291232 -7.01900224286447 -0.149660689740088 -6.72504975261215
"321" 1 0 -65.19917289 -4.32583754299999 -13.6472154263209 5.66673138107437 1.16830587905618 -7.32260442388887 -1.63729559481047 -6.87237621321717
"322" 3 0 -58.69917289 -3.22583754299999 -12.9073631904599 6.96563626597459 0.0865543195248396 -6.81599377978905 0.0427313824003299 -7.06829611690458
"323" 3 0 -51.89917289 0.174162457000008 -13.1124021782876 6.35888739931265 0.395643345435726 -6.85086423696995 -0.0789015266442508 -6.67709044758606
"324" 1 0 -49.59917289 -14.525837543 -10.6030662135338 8.40534285333004 -0.0867341639414174 -8.39620984205164 -0.69857976957577 -5.95014529374262
"325" 3 0 -37.79917289 -9.52583754299999 -8.27628748078034 9.09553480463033 0.984255375244869 -5.16982847526661 -1.62846925857209 -6.75678946377704
"326" 1 0 -64.59917289 1.57416245700001 -13.3011413359283 4.41887932394516 0.882759099275242 -7.832117190489 -1.55556942278517 -7.69693776066596
"327" 2 0 -67.39917289 3.17416245700001 -14.4234078918787 6.08686149788034 0.577007578477747 -8.665300456272 0.797744949999524 -7.91795969095198
"328" 1 0 -61.99917289 -3.22583754299999 -13.9407097050774 5.53027826235359 1.04005900361145 -7.00646133854082 -0.961291623894512 -7.29816916264017
"329" 1 0 -69.49917289 -13.225837543 -13.8678224626914 4.36343722530243 2.27361188211828 -10.4011684148511 -2.17717589834507 -6.32127897300335
"330" 2 0 -63.79917289 -13.525837543 -10.3846338110313 8.65010798461397 0.872361267561926 -8.55726694965103 -1.70155821565174 -6.76853418618935
"331" 3 0 -50.99917289 -12.125837543 -10.9552894995996 9.1398067171202 0.619508473073246 -9.12128586558142 -1.78378028257979 -6.57933274970117
"332" 3 0 -40.29917289 -5.12583754299999 -8.63710377936689 9.69520147422995 -1.09715573681533 -6.23522311133017 -1.50333143787917 -7.33905637758713
"333" 3 0 -43.59917289 -7.72583754299999 -9.65626693011511 10.1040336419578 0.0907619611743956 -7.40338836667299 -1.84746872516924 -7.56620838062013
"334" 1 0 -73.89917289 -3.22583754299999 -14.8867677932383 3.4423116151518 3.04666836070481 -7.58387294148911 -2.78795048793014 -8.57985548534874
"335" 3 0 -53.89917289 5.47416245700001 -13.3455318961892 5.90938513400362 1.04410813744923 -6.93632642549375 -0.713504149974908 -6.53198012855788
"336" 1 0 -69.09917289 -2.02583754299999 -15.3265230115876 2.86961770724548 2.29517310489339 -7.87140727780323 -1.59439837084585 -8.18872078810891
"337" 1 0 -68.79917289 -22.725837543 -1.06878758840834 7.18823326388383 -2.03051349832759 -8.3451271575797 -0.703253435916064 -8.92301809421208
"338" 2 0 -40.29917289 -15.425837543 -8.65717935577161 8.22478159593039 1.15184098769925 -6.12538731360793 -1.80620489233341 -6.50013294036089
"339" 2 0 -63.49917289 -2.92583754299999 -13.987756348165 5.23006786961142 1.48113925237874 -6.92107012352009 -1.4794566105233 -7.51886408704925
"340" 2 0 -55.69917289 -20.125837543 -10.0654767258001 7.67123735027598 2.20497097679024 -8.78759179765999 -1.95336888271186 -6.53388795675956
"341" 2 0 -73.69917289 -10.825837543 -11.4124735710311 7.3492009201583 1.11188132555065 -7.95162469854486 -2.571882324253 -7.02647134875132
"342" 3 0 -48.59917289 -24.325837543 -7.81351968731432 4.45030174628379 2.73538954793232 -7.98217043970687 -1.12862593581814 -5.35345268191332
"343" 2 0 -45.69917289 -12.625837543 -10.0241762329222 8.25578190618627 -0.284570981801825 -8.50906573670816 -0.999825739384392 -6.43533830670286
"344" 3 0 -65.09917289 -3.02583754299999 -14.6729100509435 4.38713952519607 1.98057510083476 -7.57963429823215 -1.85148179281359 -7.61981652583467
"345" 3 0 -60.99917289 -30.025837543 -6.5797534634547 7.84946706098147 3.96645541960787 -8.29748731487971 -0.632739691582225 -6.7853885793076
"346" 1 0 -67.39917289 -3.72583754299999 -14.0552761833159 4.48549923269272 1.88230386129324 -7.4131520137739 -2.00600075724703 -7.33418110715517
"347" 1 0 -67.49917289 1.27416245700001 -15.7694228351771 3.3014604135693 2.51989496654507 -8.33782772032248 -1.57541649819083 -9.45940155459843
"348" 1 0 -52.19917289 -5.82583754299999 -11.3846915109089 6.85580953260997 -0.0846621321199554 -8.07164775531829 -0.427451950766127 -7.35908165524
"349" 1 0 -55.19917289 -31.325837543 -7.49813901367901 5.52982867142206 4.59733702549981 -7.29765091885743 -0.576920386924443 -6.62494159718361
"350" 1 0 -40.69917289 -7.12583754299999 -8.59777840101319 9.86085604862638 -0.514079642833586 -6.72482320569457 -1.70091299362817 -7.43072258827173
"351" 1 0 -48.29917289 -1.22583754299999 -13.5645457604553 6.51257122130302 -0.191772791392619 -7.14809453298631 0.125505839868989 -7.21998550342804
"352" 3 0 -55.19917289 2.97416245700001 -12.5609499805227 6.61444662685056 0.151716364720788 -7.41446085177699 -0.0757953146916996 -6.55630477629827
"353" 2 0 -72.49917289 -5.52583754299999 -13.1050827342686 5.53782731647429 1.75918157200643 -7.99787872392489 -2.54964330818484 -6.79207150463432
"354" 2 0 -50.29917289 -25.825837543 -7.83183541468027 4.28384364332015 3.35399090514531 -8.08909561441008 -1.20991552716589 -6.31670968900629
"355" 3 0 -56.69917289 -11.025837543 -10.8868295620693 8.26292490553975 0.866313906164713 -10.3223183497134 -1.401342100455 -6.61125597685973
"356" 3 0 -50.69917289 -28.325837543 -8.16504156787753 2.91591428761542 3.50234545252354 -6.79803515017873 -0.959039710314067 -6.0881357362969
"357" 1 0 -62.39917289 -29.625837543 -6.10650205559393 8.42880033687011 3.88503911125531 -8.75848446159736 -0.646758127200791 -7.12772681628412
"358" 2 0 -60.89917289 -12.725837543 -9.87471869434006 7.4429536116711 0.599976208949774 -9.39731059364864 -1.40111655152334 -6.35780526988301
"359" 2 0 -44.29917289 -3.12583754299999 -12.1649506972818 8.13782519242764 -0.57651460169328 -6.80560477925358 0.0734312565627322 -6.97712585705905
"360" 1 0 -62.69917289 -15.525837543 -9.27308399290551 8.47670440291033 1.51681094986323 -8.26485444361212 -2.15676515440871 -7.1957101521549
"361" 2 0 -55.39917289 -23.525837543 -9.45980000892 6.07145063050536 3.38168259049346 -8.06414864123106 -1.4086381643012 -6.47053544174085
"362" 2 0 -53.39917289 -2.22583754299999 -12.3719459388256 7.51138410715022 -0.473108752278871 -6.84964223685082 0.0535620704375557 -6.78585092662715
"363" 2 0 -45.59917289 -6.72583754299999 -9.6211478659038 8.54270185411896 0.145346520514764 -7.67865311062297 -1.24616074538998 -6.961658153413
"364" 1 0 -64.39917289 -9.22583754299999 -11.7078213729846 7.70916263527971 0.652848921167403 -8.12549217343267 -1.27479210535643 -6.20739542405594
"365" 1 0 -56.59917289 -5.62583754299999 -12.8489860689624 6.8999214043791 1.06850440328604 -8.25487562076641 -0.42856725801568 -6.95512501166695
"366" 1 0 -61.49917289 -14.425837543 -9.61819515336473 8.27728352962212 1.01713783421227 -8.93239563491012 -1.50982318015656 -6.93534826852914
"367" 2 0 -66.49917289 -19.825837543 2.00185987127485 2.30824076882344 -1.77772512113682 -9.11353623120506 -0.682915736315807 -8.02788544864332
"368" 1 0 -68.09917289 -16.425837543 -1.32663312159599 1.47651450464629 -1.64889170575986 -8.24334338841485 -1.13701809059529 -6.2944173923942
"369" 3 0 -63.79917289 1.57416245700001 -13.0536646843366 6.71484695123764 0.210820234980374 -7.57371602018797 -1.18877767441498 -7.38562861007483
"370" 2 0 -44.49917289 -10.425837543 -8.57724719401099 9.93966298901511 0.672267868943882 -9.05007301918445 -1.74670490272388 -7.94059781140674
"371" 2 0 -41.59917289 -3.82583754299999 -10.6633773873778 9.45611854486391 -0.579211741511801 -7.7022687691896 -0.446269964753959 -7.57830167326377
"372" 3 0 -53.39917289 4.47416245700001 -13.3684188580998 5.33933356896224 0.892199815339917 -7.22913277083302 -0.205963721540602 -6.60797961062512
"373" 2 0 -72.29917289 -0.825837542999992 -14.2436553929022 4.75449244765928 2.03505642457505 -7.39741594818345 -1.00817465809978 -7.14666128688762
"374" 2 0 -60.99917289 -22.725837543 -7.1119818447729 9.99508222219303 2.89152436369659 -7.87766995023958 -1.33501631928372 -7.59178773330374
"375" 3 0 -57.49917289 -17.425837543 -9.95310933327409 8.78620666283261 1.93309319595022 -8.43664270826901 -2.0044698671843 -6.78079627205099
"376" 1 0 -45.29917289 -5.12583754299999 -10.4612091240802 8.85628438526313 -0.280335950916572 -7.51013314078138 -0.549686601941302 -7.06440360404572
"377" 1 0 -58.89917289 -2.12583754299999 -13.367513837946 6.3240137429855 0.638653409296279 -6.78738473582308 -0.602756072297181 -7.15460133169341
"378" 2 0 -71.99917289 -12.325837543 -5.3395148783416 4.58894454878791 -0.444872251734216 -8.85132705002195 -2.06095050927541 -7.30369161441591
"379" 1 0 -54.89917289 -10.225837543 -11.1529846418623 8.50607967091301 0.839681045030483 -10.5658792271675 -0.819992446660907 -6.87891008649873
"380" 1 0 -56.79917289 -6.82583754299999 -12.4277942292016 7.16042757044857 1.11736762780181 -9.11659433184754 -0.18275595235699 -6.86489631446468
"381" 3 0 -49.59917289 -14.925837543 -10.5450557386522 7.71359339603073 -0.133987250666764 -8.41907815555047 -0.576421737235871 -5.66504200454589
"382" 3 0 -35.99917289 -9.02583754299999 -10.5315123037451 6.4296741451624 0.478680824823003 -6.44444619007028 -0.0769413123220457 -6.15539527989929
"383" 1 0 -66.79917289 -13.625837543 -11.1013390254623 7.93418342546235 1.32468510444877 -8.4784481502311 -1.84164527080914 -6.66058536073722
"384" 1 0 -63.69917289 -10.425837543 -11.7246253271996 7.49991950547048 0.609896845782529 -8.92891773350706 -0.973840867670785 -6.27416049952044
"385" 1 0 -65.59917289 -8.82583754299999 -11.5736772263861 7.73830087445668 0.608345566939575 -8.34232496040224 -1.88455242850319 -6.11276150155784
"386" 3 0 -57.09917289 -5.32583754299999 -12.6271891435718 7.03416057271055 0.817621565995297 -7.62939538695189 -0.221474018444785 -6.96267371661344
"387" 1 0 -72.29917289 -14.425837543 -1.39192367152041 1.427633347057 -1.39158377583952 -10.3801695397177 -1.2730715396592 -6.7305420960242
"388" 1 0 -63.19917289 -21.825837543 -7.2015980750888 9.33006841485587 2.73246400533505 -8.71221344710848 -1.05355016574793 -7.00390632034334
"389" 3 0 -69.89917289 -9.92583754299999 -11.0425901486092 7.34996392178398 0.88405031929331 -9.07802325759234 -2.36631664689803 -6.21912865802866
"390" 2 0 -50.59917289 -15.425837543 -10.5224111524203 8.5564077467704 0.0380446807530473 -8.44273015516671 -0.751838031416717 -6.07270270735865
"391" 2 0 -67.09917289 -7.72583754299999 -12.4513458680661 6.7661823196253 0.915280923815337 -8.79853202909865 -1.90299057969128 -6.35978275958689
"392" 3 0 -60.89917289 -0.225837542999992 -13.272705306293 6.37851881282787 0.784307509112014 -6.86981464341769 -1.28181223219231 -7.71313210789635
"393" 2 0 -68.19917289 -3.32583754299999 -14.2919655518198 4.11664875498259 2.09965266836459 -7.32731147827479 -2.02720992265238 -7.70545954947199
"394" 2 0 -63.59917289 -10.225837543 -11.8029889794488 7.31159630534424 0.595058758402459 -9.06945119120515 -0.837789162416066 -6.14551403875419
"395" 2 0 -40.99917289 -4.32583754299999 -8.34842335532728 8.75988620178947 -1.20055773606007 -6.97845039772433 -1.01301527521706 -7.51604182209081
"396" 3 0 -43.29917289 -8.62583754299999 -8.97214823435672 9.81258579796799 -0.160341542742099 -7.86924845714545 -2.1779282722409 -7.90782626734314
"397" 2 0 -46.89917289 -8.52583754299999 -10.5300045470949 8.87464574299592 0.0583631656767107 -7.89580385833673 -0.638654088100195 -7.32872397214194
"398" 3 0 -55.29917289 -23.825837543 -9.5172212537995 5.89944572126153 3.61414414916849 -8.06608075514983 -1.30375186094323 -6.39483837079952
"399" 1 0 -71.39917289 -3.32583754299999 -14.280974183848 4.1750990036005 2.16739958983888 -7.61560007105854 -2.37333604280989 -7.65299627631528
"400" 1 0 -51.79917289 -20.925837543 -9.11157952386577 7.79208700825198 1.82515859290883 -8.31819326129543 -1.86016969325112 -6.62835122534047
"401" 3 0 -56.09917289 -29.425837543 -8.26785518852306 5.46520534575961 4.7173299679025 -7.61576639552843 -0.526361158162621 -6.61229164600552
"402" 1 0 -52.19917289 -12.625837543 -10.2993686500868 8.63120582425267 0.663776769957144 -9.79023908718005 -1.48883709755207 -6.76536306308038
"403" 2 0 -60.89917289 7.07416245700001 -12.0368040480337 6.93341757131322 1.19005210484242 -6.62736553525377 -2.14725333521925 -6.87590545427383
"404" 2 0 -58.29917289 -22.925837543 -8.81159479482905 8.67536416643336 3.25713778354498 -7.9721862701775 -1.49097689043322 -6.93485138212242
"405" 1 0 -65.19917289 -9.72583754299999 -11.4057897658717 8.06916533310548 0.636643927890845 -8.18324201383814 -1.75921018681262 -6.2350149524381
"406" 3 0 -69.99917289 -2.92583754299999 -14.3026158567459 3.96803635461856 2.21946294489976 -7.44957938116967 -2.42749152003118 -7.64028642820909
"407" 1 0 -54.99917289 -3.42583754299999 -11.9809771965311 7.15321434566633 0.169099952451901 -7.01276141795856 -0.365834145874529 -7.164336119881
"408" 3 0 -48.59917289 -5.72583754299999 -11.7503111393029 8.03467325385696 -0.248794842059264 -7.67271777935404 -0.103973224200906 -7.11540097279273
"409" 1 0 -65.39917289 -20.425837543 -3.31853262141056 6.52584533251006 -0.0455310674658241 -8.8041689626986 -1.44388416406375 -8.07664605591654
"410" 2 0 -55.29917289 -24.025837543 -9.33587940733463 5.56178752893025 3.63845270483791 -8.06373556134215 -1.24380032455289 -6.43576329085084
"411" 2 0 -47.39917289 -6.02583754299999 -10.3831303005419 8.68748284265748 0.572701575393505 -8.49474263915677 -1.38117977964723 -6.85026868737113
"412" 3 0 -58.59917289 -20.225837543 -8.80293332552901 9.42470149467337 2.38800419875252 -7.63458280150114 -1.87450875746115 -7.36068983494837
"413" 2 0 -52.99917289 -25.425837543 -8.84398285880727 4.55273044387758 3.87768680845664 -8.85593913148744 -1.30191185213657 -6.99893518909396
"414" 2 0 -42.49917289 -20.825837543 -7.80869507912085 5.28993399497988 1.10407255559063 -9.26108482180577 -1.37238349614872 -5.83498488395642
"415" 1 0 -55.59917289 -5.42583754299999 -13.2430209892827 6.28239153141617 0.711668248421219 -8.86814848827394 0.127409806790717 -7.03247430123702
"416" 1 0 -68.69917289 -0.325837542999992 -15.58290309407 2.60328766935776 2.59527979774475 -7.54069771804545 -1.49293447145758 -8.78994616466288
"417" 3 0 -55.69917289 -28.425837543 -8.95878016082293 5.61888948002782 4.68746123341681 -7.71407350728181 -0.691901763993225 -6.99863902345253
"418" 2 0 -63.79917289 -10.025837543 -11.8580720326018 7.44229078418408 0.579849067732746 -8.79202065167477 -0.994227986927038 -6.20864962914659
"419" 1 0 -64.59917289 -11.625837543 -10.8140058176717 8.50964984900376 0.701533768580488 -8.51980833547814 -1.6375313358339 -6.43778763740129
"420" 3 0 -71.89917289 -11.825837543 -12.2196698601659 6.18288747663191 1.42688482439251 -9.10364091294814 -2.4870522975463 -6.7887493488759
"421" 3 0 -70.39917289 -17.425837543 -3.42183842929282 8.24270672424959 -1.43553914004618 -7.09070283975625 -1.68256602613846 -8.75512370553037
"422" 2 0 -61.39917289 1.77416245700001 -12.5473740563586 7.61671580665135 -0.146985329145862 -7.25652682769082 -0.534743794862364 -7.59628280889966
"423" 2 0 -56.19917289 -22.425837543 -9.14698256150627 6.96178674797433 2.7015817757267 -7.74965109194074 -1.44563068646364 -6.55679577578941
"424" 2 0 -61.79917289 7.67416245700001 -10.6825299121237 7.98864353911404 0.340001480472012 -6.29927011664713 -2.47549105794767 -6.96080476095513
"425" 1 0 -53.29917289 -5.92583754299999 -11.6533919583615 7.21077508316411 0.112817134369518 -8.43770960094023 -0.460327651714096 -7.15119829491529
"426" 3 0 -61.59917289 -21.925837543 -6.90163726432253 9.91711588420038 2.78246002420326 -7.95911484342496 -1.22840847669531 -7.57640263257343
"427" 3 0 -61.89917289 -6.12583754299999 -13.7864469968382 5.89898926701933 0.784978634943356 -8.02124621609304 0.154473331914045 -6.8890833815898
"428" 3 0 -39.09917289 -11.625837543 -8.21350170340763 7.93740844777469 1.21200599422638 -5.23729418897187 -2.14660572903954 -6.71822046895116
"429" 1 0 -63.59917289 7.87416245700001 -10.5385490322435 9.18246547456927 -0.0744478839125752 -6.57028979941518 -1.96052477812975 -6.77290510652413
"430" 1 0 -48.99917289 -8.32583754299999 -11.4483151182124 8.42442567687997 0.225810469997314 -8.66796221156457 -0.423567114047228 -7.45961348158678
"431" 2 0 -57.29917289 -15.925837543 -9.87082063163896 8.28746744433739 1.56818240542478 -8.98377553837418 -2.08968376149036 -6.63597410318202
"432" 3 0 -38.39917289 -8.72583754299999 -7.79756531140467 9.69347276254846 0.134827809586921 -6.398894233089 -2.01563052696718 -7.20545018969717
"433" 2 0 -62.79917289 -8.02583754299999 -11.7984161833506 7.67622170293792 0.640114741680669 -8.3052004149992 -0.907393002547604 -6.09762265444102
"434" 3 0 -60.59917289 -24.225837543 -7.05018079955021 9.30996444393142 3.14303123184888 -8.05047170052191 -1.1921414032083 -7.44246184657543
"435" 3 0 -68.79917289 -9.92583754299999 -11.0975798163836 7.35684152185173 0.842246481405183 -8.71090278588525 -1.76209316208084 -6.3643872248926
"436" 1 0 -61.19917289 0.774162457000008 -13.0406245197459 7.00836230811631 0.18465178744121 -7.27280052864983 -0.85738476274448 -7.60415984723793
"437" 2 0 -58.29917289 -27.125837543 -8.54214126867244 7.13984324570297 4.04756469071964 -7.43839452523026 -0.720578798450878 -6.00380204185116
"438" 3 0 -56.39917289 -7.82583754299999 -12.0396997727083 7.49852072894446 0.794776814285664 -9.36610265652737 0.628456962737498 -7.18892200620717
"439" 1 0 -59.09917289 -11.825837543 -10.2167694475119 7.5044881654777 0.522674578042085 -10.0981738298221 -1.08290021736613 -6.31668681839743
"440" 2 0 -47.19917289 -23.725837543 -8.46962669107652 3.82769123451906 2.03370257720245 -8.5291039637519 -1.25456516887218 -5.00532710352263
"441" 1 0 -62.59917289 8.17416245700001 -10.3208734516538 8.75585258640009 0.0798574207059169 -6.54409804536671 -1.86091305531539 -6.85282889481578
"442" 3 0 -68.59917289 -19.125837543 2.06600404423656 1.43978502866103 -2.56828488600399 -9.77946016990092 -0.758632119757108 -7.86354916517997
"443" 2 0 -70.89917289 -9.62583754299999 -11.3418990911919 7.2763361613117 0.963439876563322 -8.91745332487888 -2.35909963437046 -6.25607430545794
"444" 1 0 -56.09917289 -4.02583754299999 -13.0322785297954 6.71185466304724 0.471602679380499 -7.30465753647029 -0.204585313006717 -7.30985123878705
"445" 2 0 -52.09917289 -14.925837543 -10.0005299511253 8.69737442738743 0.806528844644405 -9.46987373318384 -1.52453364924317 -6.75970539079667
"446" 3 0 -60.39917289 -29.625837543 -6.84049203073022 7.78462443504137 4.00969970818366 -8.25163303590747 -0.678796848850708 -6.7981401265893
"447" 1 0 -72.09917289 -15.725837543 -2.02777749610148 5.18705594565025 -1.83390909115918 -9.12675591074323 -1.85984337001699 -8.55227403160308
"448" 1 0 -66.29917289 -1.92583754299999 -14.5367830055908 3.91179341792967 2.11595659339019 -7.28125073334201 -1.72957806060968 -8.05847712602214
"449" 3 0 -57.09917289 -29.725837543 -7.93958899526635 6.46166339766975 4.5669086577784 -7.50885804969827 -0.502195797861917 -6.30634177192328
"450" 2 0 -54.19917289 -24.825837543 -9.1867661629089 5.54826198169552 3.90373611360359 -8.39405632089399 -1.16136287117572 -7.0021892380885
"451" 2 0 -45.69917289 -16.125837543 -8.6312815760734 8.83627233257158 0.604452545728749 -9.29953457143231 -1.48400880560938 -7.37659946156817
"452" 3 0 -58.99917289 6.87416245700001 -13.1403497524904 5.58686753751224 1.12570291714683 -6.09233098185614 -1.36012006987373 -6.13560376351788
"453" 2 0 -55.59917289 -4.12583754299999 -12.7432666131103 7.11015382417927 0.700631053116576 -7.11707917808325 -0.678972139420697 -7.33189376856545
"454" 3 0 -63.89917289 1.17416245700001 -12.9572015007286 4.8258432132443 0.427915559947732 -7.83286320397611 -1.24976035062374 -7.44262931282298
"455" 1 0 -71.49917289 -6.62583754299999 -12.8561922498537 5.64733536550042 1.5734332172308 -8.27191557291244 -2.33670396055232 -6.60022504551664
"456" 2 0 -42.69917289 -10.825837543 -8.14497011749983 10.5240955877833 0.310867582873602 -7.8964783337845 -2.01212473287342 -8.30319487352667
"457" 2 0 -71.29917289 -3.22583754299999 -14.3220435972164 4.07585238971288 2.17372012749259 -7.59473263024031 -2.34605958421944 -7.6709546643153
"458" 1 0 -62.69917289 -22.225837543 -6.83810612196408 9.78555491214212 2.7822337014829 -8.3056528846629 -1.10858098106601 -7.32098669939601
"459" 2 0 -50.99917289 -7.12583754299999 -11.1611742095056 7.73812529603144 0.38319982018322 -8.86172987182906 -1.72695829571776 -6.75185265043373
"460" 1 0 -55.29917289 3.97416245700001 -13.1698260416805 6.23994197654859 0.683900785294385 -7.31397089260323 -0.166037720655856 -6.48088591833783
"461" 3 0 -55.79917289 -22.925837543 -9.32717171095846 6.81900482652193 3.02188852387806 -7.99370324540644 -1.519260700246 -6.5523343865119
"462" 1 0 -36.29917289 -7.52583754299999 -7.4854260997668 9.07990280291247 -0.209384192665647 -5.33517571737211 -1.89065739085387 -6.91017920026596
"463" 1 0 -67.39917289 1.27416245700001 -15.7335536153054 3.45136457118298 2.54725355283977 -8.28729685816845 -1.65854908342617 -9.44217246546229
"464" 2 0 -52.49917289 -2.32583754299999 -12.8910696218436 7.25482134342755 -0.0280985082107628 -7.11215939226836 0.00257024357353663 -7.02205137369706
"465" 2 0 -57.59917289 -5.42583754299999 -12.5727953775129 6.97200383590269 0.787491113097672 -7.62709067369457 -0.113595252040625 -6.9437191728275
"466" 3 0 -73.09917289 -7.02583754299999 -12.6841203058081 5.83614868325799 1.65668563496577 -8.27675909976825 -2.05062475835901 -6.54252683499199
"467" 3 0 -72.19917289 -11.925837543 -11.9356198919257 6.39031096737883 1.34154232538945 -9.08033512288349 -2.50496219200696 -6.86019748810461
"468" 3 0 -61.29917289 6.47416245700001 -12.6395355250606 6.5342723049209 1.25414259480363 -7.44932160165665 -2.18726747752085 -7.0027324273777
"469" 1 0 -48.89917289 -26.125837543 -9.81372398102293 4.61080545217895 3.6167449671553 -7.50431802877219 -1.01026809773698 -4.86609756058661
"470" 3 0 -51.49917289 3.77416245700001 -14.2563394765196 5.82309226952555 0.114758806819491 -8.60665235474761 2.11233587761601 -6.64613555000648
"471" 3 0 -70.49917289 -2.12583754299999 -14.8121757220143 3.5314008103517 2.25894923749623 -7.65333860562131 -2.28968823727768 -7.85025197720591
"472" 1 0 -42.79917289 -19.225837543 -8.71661206250628 6.50158685989145 1.06081730388172 -9.43333023460859 -1.22252434024316 -5.75476592405745
"473" 3 0 -71.29917289 -13.825837543 -0.411676257387398 0.163622404059916 -1.22789454387731 -10.3461065354107 -1.15410469608025 -6.39930646020552
"474" 3 0 -51.99917289 3.97416245700001 -14.2391920596214 5.25221939383079 0.446570961136401 -8.53689204958857 1.66117130131938 -6.76445415149395
"475" 1 0 -65.39917289 -9.92583754299999 -11.2096683034556 8.30666663400753 0.590837151548557 -8.17580874340356 -1.76503979939962 -6.19612773537216
"476" 2 0 -56.39917289 -4.12583754299999 -13.137986583027 6.46581942120158 0.576214600972553 -7.29237835584032 -0.300433105000128 -7.37214357616124
"477" 3 0 -45.99917289 -19.525837543 -8.68337082430176 6.4462797112325 0.891566284419676 -9.99774579411632 -1.63334962815813 -6.01083060143481
"478" 1 0 -37.49917289 -8.12583754299999 -8.04953930869067 8.45285126291234 0.451345946082038 -6.451751358647 -1.72730858405091 -6.44650785247981
"479" 3 0 -59.09917289 1.87416245700001 -12.3266843262482 7.2012417716379 -0.00162586558239844 -7.01912212586845 -0.221524683075674 -7.44562711527716
"480" 1 0 -56.79917289 0.674162457000008 -13.0734272556831 6.89032862348572 0.679325597664985 -7.72436365545725 -0.542814777926573 -7.23622213214015
"481" 3 0 -68.89917289 -3.82583754299999 -13.6678201073531 4.8545036657018 1.63019431190235 -7.3468839335959 -2.23957356550149 -7.30578131042682
"482" 2 0 -69.59917289 2.87416245700001 -14.2449032864292 5.50844805062684 1.02100256031613 -8.00343954897709 0.484209095722919 -7.23637785644094
"483" 1 0 -64.99917289 -23.725837543 -4.61733773833279 6.69118171691436 1.46561014718581 -9.38255429121228 -0.982965369996289 -7.07705343211679
"484" 2 0 -73.59917289 -8.92583754299999 -11.5985898082969 7.31627484251261 1.28414411683599 -8.02942176440826 -2.50641251818272 -6.64675382601738
"485" 1 0 -47.59917289 -9.52583754299999 -10.7619837382385 9.105968097569 0.149467447032247 -8.7028735785321 -1.22373944331967 -6.72422650995595
"486" 2 0 -46.69917289 -20.825837543 -8.54478442040711 5.85470334958576 0.894209574207315 -9.23195202759196 -1.58469053887711 -5.68807676924039
"487" 1 0 -63.19917289 -11.225837543 -10.9170015476859 7.83970598294959 0.61705842384814 -8.93225432896749 -1.11779684786188 -6.54169792453881
"488" 3 0 -61.49917289 -20.625837543 -7.14565344377646 10.0692038215974 2.28973211115898 -7.35333716511903 -1.42536283274327 -7.75089736186036
"489" 3 0 -44.49917289 -15.325837543 -8.43739085618834 8.72384903415677 0.254957013763904 -8.79678819851164 -1.41466405331641 -7.074629581029
"490" 1 0 -53.29917289 -14.325837543 -9.69945006940194 8.09670966956713 0.838841952130288 -10.1434849832009 -1.46768806357259 -6.8290222741034
"491" 3 0 -67.09917289 -21.225837543 -0.0066392443094212 5.75945338530289 -0.77286613921422 -9.05506135066277 -0.678851027296282 -8.88177352554933
"492" 1 0 -64.99917289 -11.725837543 -10.8779037525168 8.68988770646754 0.785202531666738 -8.47781247681447 -1.59384550745747 -6.45312160724314
"493" 1 0 -55.89917289 5.87416245700001 -13.2138233091084 6.23484863895825 1.25104615530526 -6.60520559538647 -1.29624461121636 -6.42345389710554
"494" 3 0 -55.49917289 -11.725837543 -10.3308031425551 8.61474379724651 0.892686308789812 -10.3511650731575 -1.4420133973 -6.85920518396551
"495" 1 0 -46.59917289 -7.62583754299999 -10.4086594343348 8.90579871158912 0.20544593036952 -7.57008659157695 -0.734856390862515 -7.29226744993059
"496" 3 0 -59.09917289 -18.125837543 -9.52062720537787 8.36867635123915 2.07423241477901 -8.37587678571904 -2.02409425714908 -7.10198763857119
"497" 3 0 -42.49917289 -4.42583754299999 -11.31094665263 9.13766721945095 -0.224674176153545 -8.20219894292974 0.683250780026525 -7.69698994594564
"498" 3 0 -51.49917289 -19.425837543 -9.72241098440591 7.3822014065203 1.01077022435002 -8.84052310310595 -1.32708039703551 -6.52058529146839
"499" 1 0 -67.69917289 5.97416245700001 -13.180663392033 8.01883502108576 0.313839105420269 -8.06335540691969 0.921898023343494 -7.04130150049605
"500" 2 0 -59.49917289 4.87416245700001 -12.6558430893073 5.40261362205937 0.353575459613578 -7.47743653102378 -0.742645058410978 -6.39974542731226
"501" 3 0 -49.09917289 -28.225837543 -8.71428611180801 4.14798456486675 3.53620458879228 -7.06468151363027 -0.992418238031127 -5.27726109775616
"502" 1 0 -53.09917289 -5.82583754299999 -11.6505067944331 7.21956968819158 0.072303438632715 -8.34870118380441 -0.450293138811252 -7.18614522442093
"503" 2 0 -74.29917289 -5.42583754299999 -13.3784599721678 6.00569204012251 2.09066971335319 -7.54913188237601 -2.62148627995615 -7.411251546461
"504" 3 0 -52.09917289 -22.625837543 -8.71998805868548 7.20880031910471 2.50676167750856 -7.95327835053721 -1.74154317076557 -6.93177994792796
"505" 2 0 -64.69917289 0.474162457000007 -14.6606026411692 4.72630065250503 1.51019337108011 -7.60367660326259 -1.53960343746573 -8.21575810892963
"506" 2 0 -54.89917289 -27.025837543 -8.53255656902438 4.74156594810843 4.07920576812876 -7.77545124483351 -0.987899353911432 -7.09106617367741
"507" 3 0 -63.99917289 -2.42583754299999 -14.6401502918814 4.49426045569222 1.7593592352401 -7.18263864568689 -1.48471474213271 -7.99219118584858
"508" 3 0 -44.19917289 -10.125837543 -8.78963955458528 10.0780778119987 0.43572915800877 -8.56605171605262 -1.89448968231475 -7.97313173923852
"509" 3 0 -60.09917289 -15.825837543 -9.5088043451333 8.44246119730793 1.33495190462336 -9.00127244531602 -1.32297520011985 -7.13216175580478
"510" 3 0 -56.59917289 -29.025837543 -8.27118056591745 6.15646867088327 4.59035232373818 -7.61461708866541 -0.532246369860123 -6.49740598775205
"511" 1 0 -68.99917289 -4.62583754299999 -13.5379150371467 5.05358551920717 1.43610936886209 -7.98322636459184 -2.07488508305815 -7.0238869896892
"512" 3 0 -51.49917289 -18.725837543 -10.2185113197367 7.37822323702484 1.04493371843221 -9.27211908983566 -2.12191607263365 -6.30836110709851
"513" 3 0 -69.99917289 2.07416245700001 -14.3981085419082 4.87198204629357 1.35110524986535 -7.8909945815281 0.055662554620423 -7.43243954259626
"514" 3 0 -53.69917289 -1.52583754299999 -12.0400904823534 7.68654407083597 -0.0510920396474275 -6.4602034568861 -0.74375790482052 -6.68323935207031
"515" 1 0 -65.09917289 -13.125837543 -10.6825182651905 8.91611084540467 1.06631542089419 -8.56060070935773 -1.7001647019931 -6.77007282149659
"516" 2 0 -54.79917289 -4.32583754299999 -11.7774124485074 6.78410491893887 0.072967034527563 -7.48118027221403 -0.411747877410467 -7.10240559824891
"517" 3 0 -71.49917289 -4.42583754299999 -13.6679827194744 4.87268550314672 2.03941692004054 -7.4593013142235 -2.62789372533802 -7.38618715487482
"518" 2 0 -59.49917289 5.37416245700001 -13.823641515517 4.11751770554849 0.929556595558054 -8.01246133915114 -0.574856361644026 -6.65257961414873
"519" 1 0 -63.59917289 4.87416245700001 -15.6070559837708 3.47858362046246 1.14372446978234 -10.0382364701001 -0.117445407605342 -7.81491749336396
"520" 1 0 -69.19917289 -18.225837543 1.34061907469026 1.47181944827689 -2.34971242101411 -9.87042321382136 -0.945081276684338 -7.74245115936973
