"group.all" "pa" "lon" "lat" "layer.1" "layer.2" "layer.3" "layer.4" "layer.5" "layer.6"
"1" 2 1 -44.468333 -20.208333 -8.40377939195427 6.37055075262604 0.669545414227458 -9.87623243396928 -1.48514595613188 -6.09090962087606
"2" 1 1 -51.783333 -17.2 -9.66111648356952 7.12429487888394 0.396786184756485 -9.00975055493811 -1.4293828204043 -6.15694642271367
"3" 3 1 -45.0025 -15.352778 -8.57141723438621 8.85035007492103 0.342343531853648 -9.24469795096858 -1.37920013834444 -7.27382658825848
"4" 5 1 -50.366667 -22.583333 -8.57546123949868 6.24559698535972 2.36270270300792 -8.63921402344393 -1.61776228475344 -6.5332253972474
"5" 4 1 -28.3575 -55.0275 NA NA NA NA NA NA
"6" 3 0 -65.69917289 -35.825837543 -3.70103108512969 8.08006121023237 4.36995921435167 -8.8921326410034 -0.167563026134791 -7.94725651610697
"7" 4 0 -35.59917289 -7.425837543 -9.19476352688434 8.79333397883808 0.551763346599664 -5.72924144251151 -1.75634859099095 -6.88266089171431
"8" 3 0 -55.49917289 -22.825837543 -9.2084661469458 6.28973751707035 2.89045223568498 -8.16827573538649 -1.52942173151032 -6.45969920469634
"9" 2 0 -50.59917289 -11.525837543 -11.5802937372008 8.96021121146017 0.300399774398412 -9.45292154492997 -1.47745654915596 -6.5071636565119
"10" 2 0 -58.39917289 1.674162457 -12.3419711048374 6.63365618855172 0.049146461836734 -7.31746470072598 0.0227492128927487 -7.3242685277152
"11" 1 0 -66.59917289 -3.625837543 -14.2700586705537 4.41256586374396 1.86239293088945 -7.65858806251843 -1.90425448440985 -7.31568703301254
"12" 4 0 -58.49917289 -36.225837543 -5.6106061776924 5.80125231377016 4.46249826132242 -7.25989896108307 -0.38333499937274 -6.38969491520181
"13" 4 0 -57.79917289 -13.425837543 -10.3994008411468 7.71103376741851 0.584881505323146 -10.3436081272359 -1.26995865706165 -6.64423173033035
"14" 2 0 -51.69917289 -16.225837543 -10.3280318736142 8.51774777219236 0.445210569692891 -9.02173780562145 -1.22398342877507 -6.41519455449139
"15" 3 0 -57.99917289 -36.925837543 -5.12251644226605 5.78421465170189 4.42752505017609 -6.86637224826521 -0.299901648465981 -6.24071515436792
"16" 2 0 -49.29917289 -13.125837543 -10.6658357233721 8.85602068189662 0.148489059104238 -8.54803649385237 -0.92501417390408 -6.36748595033059
"17" 4 0 -39.49917289 -4.125837543 -9.48213989119011 9.59587901028152 -1.10782131690731 -6.31408512708464 -1.3737816121586 -6.96019641527848
"18" 3 0 -70.59917289 -14.725837543 -0.768820392622511 2.0376364299026 -0.488878089964764 -10.8608627308446 -1.21614489365092 -7.41308043070708
"19" 3 0 -57.89917289 -3.425837543 -13.2803658940538 6.37550646346724 1.08717201161317 -6.52590624188631 -1.07011012869496 -7.17982908055138
"20" 4 0 -75.39917289 3.674162457 -12.647964755634 7.0843588365235 0.633153338201877 -7.65631899958937 -0.86325666359211 -7.42867346785694
"21" 2 0 -58.29917289 -30.825837543 -7.30412125927885 6.50643311139812 4.6080328559647 -7.70882564521421 -0.485223854449718 -6.53244032615446
"22" 2 0 -74.29917289 -4.225837543 -13.8354426424247 4.98063930154113 2.39163771763009 -7.56901806529632 -2.89022928192994 -7.56513787997424
"23" 2 0 -70.59917289 8.974162457 -4.27400924726338 3.27886768002276 -1.57816253258134 -6.85787184910896 -2.14804741922455 -6.18010793122952
"24" 1 0 -73.29917289 2.574162457 -13.1604103872917 6.85604989597633 0.863785400839735 -7.65980658168541 0.243596294084333 -6.8283103307149
"25" 2 0 -53.79917289 -3.825837543 -11.7821905286865 7.13274760100878 0.0523327010354441 -7.07100423828093 -0.442049967566768 -7.13914501270173
"26" 3 0 -51.29917289 0.774162457000001 -12.8429591392631 6.83726556851571 -0.0406003862824911 -6.67183474182734 0.188764319566497 -6.38345908896746
"27" 2 0 -73.39917289 -15.025837543 -2.44267791520263 1.07742294596437 -1.58334711229245 -10.9900382007507 -1.63353871871012 -6.53962611426192
"28" 2 0 -50.99917289 1.974162457 -13.8411129010303 6.10644289095382 -0.166261869720386 -7.74131177265072 1.94847099453689 -6.59115681950833
"29" 1 0 -47.39917289 -13.525837543 -10.0433699412812 8.63915484997935 0.0113267864330847 -8.07149865060296 -1.06464999167937 -6.19536089248549
"30" 1 0 -36.19917289 -9.225837543 -10.3827277488937 6.53608764669331 0.605641635727647 -6.5074196462961 -0.173559141722652 -6.1210622585983
"31" 1 0 -68.99917289 6.474162457 -12.8235375394374 8.00735535600843 0.225920540286006 -8.02949779594441 1.4232616352335 -6.67516931814129
"32" 3 0 -68.89917289 -2.025837543 -15.4806531972811 2.60575868850122 2.74997014775796 -7.94035864019335 -2.12704002979604 -8.29424733327421
"33" 2 0 -70.99917289 -0.525837543 -14.6839180431133 3.74315421985829 2.46087293861466 -7.15672482975029 -1.89195668167489 -7.9838957229615
"34" 3 0 -65.99917289 9.274162457 -10.0758365107848 9.70228296902837 -0.333252205274723 -6.92077916763313 -1.18458870792059 -7.63319228341323
"35" 1 0 -71.59917289 -34.225837543 -4.87542532903412 7.23637087055721 1.32899224049924 -6.90881639660012 1.14230724275663 -6.51566248417387
"36" 2 0 -44.59917289 -12.325837543 -8.37857227130191 8.95989013942438 0.466214183933137 -8.85958349638275 -1.86690862829295 -7.50386647194083
"37" 5 0 -63.69917289 -19.825837543 -6.76984620124334 7.26186033450678 0.961745738006678 -8.81781286309255 -1.37191403592532 -6.80273972824682
"38" 1 0 -67.09917289 -24.825837543 0.818477174407949 3.53384520076817 -1.16056889539263 -7.97602489812251 -0.922989781298262 -7.93250262966108
"39" 3 0 -67.29917289 -31.525837543 -3.88443079250965 9.49193241516586 3.8037980633111 -8.09785861584799 -0.109524275106875 -7.88181636167687
"40" 4 0 -77.69917289 0.674162457 -6.11825924939825 1.76207402560324 -0.934183279209504 -6.16846543695394 -2.54431589364978 -6.02053716000587
"41" 5 0 -49.69917289 -13.025837543 -10.833158578554 8.65698148190882 0.378650334616403 -9.01413870435555 -1.39108804812277 -6.26479668576018
"42" 5 0 -64.29917289 -33.725837543 -5.09611716235772 7.55554680864861 3.77483320889869 -8.47981491236994 -0.329601301548484 -6.82233114191395
"43" 1 0 -74.59917289 -5.125837543 -13.4686638263829 5.80923601787998 1.92709145124955 -7.68693930232182 -2.79819985367339 -7.38618241064079
"44" 3 0 -44.49917289 -3.425837543 -11.8534457954735 8.35050919754308 -0.399622434608998 -6.96168065001228 -0.526481668268805 -7.02744620979028
"45" 5 0 -48.69917289 -9.125837543 -11.207525406872 8.36117048393377 -0.00805660606982522 -9.34807526015279 -1.01645089182378 -6.51029608102387
"46" 2 0 -71.39917289 4.074162457 -12.4909624306222 7.65038276933464 0.27635736912373 -7.38711876748934 0.837394746797674 -6.46689209694573
"47" 1 0 -67.29917289 -9.125837543 -11.8751498465154 7.28732022807647 0.684303090126389 -8.65828594848629 -1.6233126133117 -6.44192516064075
"48" 1 0 -60.29917289 -32.725837543 -6.35991616216657 7.01408713103442 4.1109695401302 -7.66479359807461 -0.384653423707718 -6.37077865938804
"49" 3 0 -71.89917289 -11.825837543 -12.2196698601659 6.18288747663191 1.42688482439251 -9.10364091294814 -2.4870522975463 -6.7887493488759
"50" 3 0 -75.19917289 2.174162457 -10.4408700031228 3.16934716280087 0.288057324932073 -6.28831156597437 -2.27651934205699 -6.64425505721966
"51" 3 0 -45.99917289 -15.725837543 -8.92149998309162 8.61942142404538 0.374459965312975 -9.18055729912704 -1.46014371297954 -7.01090107150649
"52" 4 0 -49.09917289 -15.725837543 -9.92499846718912 7.31965565212999 -0.0587948674652126 -7.64970139979806 -0.956379268483232 -5.43818120514067
"53" 5 0 -58.79917289 -28.525837543 -7.42165527421711 7.39513208315785 3.95675669937422 -7.43973968126422 -0.717544733176518 -6.40867836419881
"54" 3 0 -50.09917289 -11.025837543 -11.5368209885995 8.91790347153995 0.368596528580418 -9.44237939492723 -1.5038905428618 -6.48206914467154
"55" 1 0 -51.39917289 -20.025837543 -9.78746801410596 7.45986915017798 1.55893453130713 -9.33259384076584 -1.84068447164181 -6.50436061216245
"56" 1 0 -46.79917289 -6.425837543 -9.89324950345354 8.6183646899886 0.340172838387293 -8.10432489563141 -1.2624709628633 -6.98803386411196
"57" 2 0 -47.79917289 -15.425837543 -9.10546057149418 7.2676034651554 -0.100822412275467 -7.84517985988279 -1.04403061801911 -5.81439410403878
"58" 3 0 -64.49917289 -0.725837542999999 -14.4697282904261 4.72081036310221 1.65498180431634 -7.1295753152791 -1.76442797495017 -8.128983116434
"59" 3 0 -71.59917289 3.474162457 -12.8461618908022 7.27190393373923 0.458417889877234 -7.51635095562057 0.962129246582968 -6.5657981770925
"60" 5 0 -55.99917289 -28.825837543 -8.54205323797985 5.68064156814789 4.65721794091818 -7.69784109722949 -0.585630312931398 -6.79581711987996
"61" 4 0 -67.79917289 -19.425837543 -0.665298444002522 4.94882794386459 -1.14966100986503 -9.40739303317006 -1.01764755286383 -8.41829902323401
"62" 5 0 -38.59917289 -10.225837543 -7.93225986238406 7.78924693452192 1.15747708098511 -5.85816115766343 -1.90449731842832 -7.0654940832639
"63" 5 0 -76.19917289 0.574162457 -15.7017655570718 2.23197947906172 2.54625120830515 -8.35805818685197 -1.30498649485652 -8.6765836911072
"64" 2 0 -51.69917289 -12.825837543 -10.4651305786882 8.91199962384798 0.640771427739627 -9.41408039766249 -1.52894557756071 -6.70823104157253
"65" 2 0 -70.69917289 5.674162457 -12.4425914851024 7.6153535685474 0.374932712491836 -7.61039821620274 0.125070939440282 -6.48361925843235
"66" 4 0 -51.49917289 -22.225837543 -8.46337137804252 7.22979144322287 2.35802475954488 -8.28793506368071 -1.73102989613945 -6.78033996674062
"67" 1 0 -78.39917289 -1.125837543 -4.73285676289379 -0.568828805543576 -1.31460661146066 -5.61123282487928 -2.04370238748889 -5.10676585414095
"68" 4 0 -55.09917289 -7.225837543 -12.0746909610626 7.15438783386584 0.533799424182799 -9.66806028736798 0.249104370125571 -7.1444759689447
"69" 2 0 -75.79917289 -3.425837543 -13.3082650440026 5.0412192503201 2.10863333144259 -6.88756283172053 -2.67127943312154 -7.66466627449874
"70" 1 0 -52.89917289 -22.925837543 -8.45998668964152 6.66070885610407 2.52236583200542 -8.00480326989529 -1.65438005030797 -6.95404739531345
"71" 4 0 -37.99917289 -6.425837543 -9.39672062629908 9.26045688644134 -0.667552657882051 -7.05550934370647 -1.18298959415222 -7.05146595611304
"72" 5 0 -69.09917289 -28.625837543 0.13395011231797 2.25069762387761 -0.72540015739875 -6.08674347894713 -1.19243916416604 -6.51446298315701
"73" 1 0 -65.69917289 -34.525837543 -3.86294407058692 8.24974201869573 4.09096266224488 -8.83173846155367 -0.320237387400254 -7.95734171877165
"74" 3 0 -54.19917289 -27.725837543 -9.17544964681451 4.48909262048657 4.44429520373237 -7.60777925966855 -0.930696951231435 -7.27452745187532
"75" 3 0 -57.59917289 3.474162457 -12.4750135113784 7.56822561170456 0.259925105390767 -7.39833154499554 -0.460813711676621 -6.46342950855836
"76" 1 0 -66.69917289 -3.625837543 -14.2446731572154 4.39923258724106 1.86459775103515 -7.61974126845805 -1.921923558817 -7.33420761713229
"77" 5 0 -58.79917289 -27.125837543 -8.33067761212 7.30931623056285 3.94488058157765 -7.89772653026816 -0.81531496881688 -6.12914300996868
"78" 2 0 -57.79917289 2.274162457 -12.4691560080648 7.39167430964333 0.111274271850907 -7.27799389870722 0.153770716371633 -7.23069063918904
"79" 5 0 -52.69917289 -22.725837543 -8.63530523288678 7.08899832271977 2.54856813862827 -7.92474835860903 -1.74600125540089 -6.98042629739412
"80" 5 0 -67.19917289 -31.525837543 -4.11594703229736 9.61582826677886 3.85506639714612 -8.06448639744722 -0.130379819547596 -7.84858822679616
"81" 3 0 -59.29917289 -1.925837543 -13.5660493593981 6.13781321959443 0.58630882991075 -7.03892407299983 -0.446767864802694 -7.11604149370048
"82" 2 0 -55.19917289 0.774162457000001 -12.2979678468588 6.80981520829767 0.230348178912946 -7.65243067346412 -0.33188106026592 -6.8446139347776
"83" 3 0 -39.19917289 -8.025837543 -8.06419516012721 9.34328053878135 0.0153261027715285 -6.85249609352064 -1.64516362959653 -7.12124471061723
"84" 4 0 -53.49917289 -32.525837543 -7.41277734694227 5.09951164065233 3.97347876954325 -6.32775580069471 -0.390015056914238 -6.12947845850874
"85" 2 0 -61.39917289 -17.925837543 -8.49331969290247 9.28886408522364 1.6764116244907 -7.78316559838542 -1.79582298313583 -7.59751783644299
"86" 1 0 -69.39917289 -14.725837543 -0.939737822881855 1.03769700578408 -1.56111914401844 -8.46256831718629 -1.09051464151706 -6.10261878911436
"87" 2 0 -62.19917289 -3.925837543 -13.9042027601709 5.69748793586405 0.744425220041565 -7.27949563692755 -0.570271559905983 -7.02681184795159
"88" 5 0 -73.99917289 8.874162457 -13.1312352511044 8.07988313190635 -0.031481968759479 -7.90800590608441 -0.137841166252573 -7.08478790774683
"89" 4 0 -60.49917289 -11.325837543 -10.2718454789264 7.64463370201371 0.410443008670479 -9.45176410170385 -0.697031749937489 -6.34618266753845
"90" 1 0 -60.99917289 -23.825837543 -6.80845827729876 9.64884481934775 3.00225307222964 -7.98100575892293 -1.17754195362185 -7.60139827498281
"91" 3 0 -61.89917289 -30.825837543 -6.07489567772957 7.54976030180938 3.81124405824803 -8.37493658674849 -0.526658940834922 -6.68537094425521
"92" 2 0 -47.89917289 -18.425837543 -9.40562824873514 7.04485839841894 0.791281289878633 -9.60349580585885 -2.06004019326545 -5.85134097790273
"93" 2 0 -43.29917289 -2.825837543 -11.949358167342 8.25801769785287 -1.03862608876247 -6.83162712658525 0.73963243959667 -6.93015065298953
"94" 2 0 -66.59917289 1.874162457 -15.312120825642 4.41552461207605 1.88327262592748 -8.82759580997436 -1.14964679100587 -9.21762998950083
"95" 5 0 -45.99917289 -2.025837543 -13.4504924808831 6.56200686109538 -0.0379567677389934 -7.27601034020744 0.545856788802786 -6.60563428480423
"96" 4 0 -72.69917289 2.074162457 -13.1492212996534 7.09263627589768 0.977187526472211 -7.43082834211855 0.363965912213194 -6.71642187909372
"97" 4 0 -73.79917289 2.974162457 -13.429151377117 6.33135594550143 0.72994801216423 -8.11742564929631 0.0767681063656969 -6.86625645919298
"98" 3 0 -77.09917289 1.574162457 -9.08001687260509 2.19851871707432 -1.46589482627516 -7.72553284495939 -1.15434796611173 -5.83010600814729
"99" 2 0 -39.29917289 -9.625837543 -7.36101456756432 9.03434561387449 0.66870697346274 -6.50910764954376 -2.13119610680778 -7.45850600700249
"100" 4 0 -56.29917289 0.374162457000001 -13.1257877779245 6.71501610976381 0.740544194830356 -7.66537471507601 -0.512821228501317 -7.28202007912667
"101" 5 0 -57.89917289 -35.325837543 -6.04829821285128 5.58603764362502 4.46960678869965 -6.63919775982811 -0.346556303411406 -5.87226116583775
"102" 5 0 -59.69917289 -2.025837543 -14.1442780416267 5.44113255689726 1.00635891720377 -7.2711880676505 -0.670895780317636 -7.24705736926402
"103" 5 0 -48.69917289 -15.725837543 -9.44756041748574 6.91507967024374 -0.236217205258032 -7.64155744468795 -1.05086151854386 -5.55246712480939
"104" 1 0 -38.29917289 -6.125837543 -9.73309903924172 9.59854029884294 -0.827258898346576 -6.880320615341 -1.04807287716031 -7.20046091075395
"105" 3 0 -64.09917289 -23.225837543 -7.14333392998593 9.29483357849324 2.69768054563854 -8.72162535637311 -1.01856972752704 -6.81990943479137
"106" 4 0 -54.99917289 -5.525837543 -12.2989817568091 6.91976567920268 0.378731882535178 -8.51989927238366 -0.143163149524089 -6.96082779725893
"107" 4 0 -54.19917289 -14.725837543 -9.55077610544209 6.88070696359067 0.756200512173198 -10.4495898820053 -1.21366895618519 -6.40011596773094
"108" 1 0 -47.79917289 -10.925837543 -10.0138256468052 8.65525756720285 0.325108568463775 -8.7819837070776 -1.055442691291 -6.62216539599446
"109" 3 0 -59.09917289 -2.425837543 -13.4208790471365 6.19459321269441 0.800649934306131 -6.75956244401059 -0.64980513910618 -7.11924900258549
"110" 3 0 -70.59917289 -14.525837543 -1.21239223663335 3.05614720028753 -0.212240929385062 -10.8017486047037 -1.33545957318453 -7.80656009033612
"111" 5 0 -44.69917289 -17.325837543 -8.23268736294079 8.59558056377316 0.974032933423292 -9.23658521848593 -1.71583614643423 -7.12016003135358
"112" 1 0 -56.39917289 -7.425837543 -12.0128218254927 7.33487554736192 0.776432266694155 -9.16866451877976 0.445624847261892 -7.11592884157945
"113" 3 0 -51.69917289 3.374162457 -13.6449668495179 5.99437767811075 0.237866396139103 -8.37695286681612 1.64195863862971 -6.64794669360415
"114" 2 0 -53.99917289 -13.425837543 -9.89612359747145 8.15807447106883 0.822947115536012 -10.2216938936339 -1.37777380453454 -6.83701661922012
"115" 3 0 -55.29917289 -15.425837543 -9.64347029906301 6.78426827577292 1.17336579002549 -9.80420712098222 -2.11443080534498 -6.03066547917605
"116" 2 0 -62.69917289 10.274162457 -11.88338741914 7.4656496353627 0.629022542304736 -7.11908888858443 -2.37960042166371 -5.78201527500913
"117" 4 0 -54.89917289 -3.725837543 -11.8530069783402 6.93579313030138 0.162741870101301 -7.12878894200677 -0.407862733885982 -7.13047872028775
"118" 3 0 -42.89917289 -12.025837543 -8.50188287075189 10.0659791301933 0.283391716475006 -8.13287385413473 -2.01669161749814 -7.96895805166781
"119" 1 0 -46.59917289 -6.725837543 -9.8950704214985 8.75353707267874 0.235366213965537 -7.92945990958314 -1.37879010140992 -6.95701077569525
"120" 1 0 -41.09917289 -9.025837543 -8.0769541848013 10.3757364759589 -0.042154168949471 -7.44806222809246 -2.21468835996196 -8.37275241615701
"121" 2 0 -62.89917289 -17.925837543 -9.00144022700005 8.45953393000709 2.06489022356081 -7.45305653670999 -2.0449361860506 -7.24158370490633
"122" 4 0 -54.19917289 -8.825837543 -11.7964056438169 7.65213182397638 0.592863882018464 -10.1428467838412 0.782162228832298 -7.58241593307632
"123" 1 0 -54.59917289 -25.625837543 -9.33591488794811 5.76428656011046 4.49674108178992 -8.27902970752194 -1.07036752994437 -7.22096217239566
"124" 5 0 -67.29917289 9.674162457 -10.160948264662 9.24821104620363 0.0378182243710608 -7.79790472130651 -1.57658954536489 -6.84176881605754
"125" 4 0 -58.59917289 -37.025837543 -5.17505874997767 5.72068330921772 4.39557065559721 -7.25146350704026 -0.310044373351859 -6.33543936684479
"126" 4 0 -46.39917289 -6.725837543 -9.7694783157778 8.86275334696202 0.19298995874791 -7.88662831660691 -1.39422181099163 -6.98285263540879
"127" 2 0 -62.79917289 -20.725837543 -6.89038435363483 9.83065017262968 2.20600611099697 -8.0000173811902 -1.36369101455544 -7.5811523566159
"128" 2 0 -72.29917289 -4.725837543 -13.5771961231693 5.14162321214648 1.88808629546112 -7.78486673941742 -2.55583440498667 -7.12546125830381
"129" 2 0 -48.59917289 -13.125837543 -10.213789050965 8.68207355040541 0.063971728069988 -8.51069543425892 -0.860875258854182 -6.37039284797598
"130" 1 0 -58.29917289 -5.025837543 -13.0106546375677 6.71093792063575 0.789802720718385 -7.53473076090876 -0.134071343105855 -6.96541652465744
"131" 1 0 -67.79917289 8.174162457 -11.4834219182969 8.98158453866067 -0.117346501005818 -7.21737187042267 0.477398946592116 -6.90070481889773
"132" 5 0 -73.09917289 8.374162457 -11.9049705214999 5.41685175289769 0.821897107977017 -7.9946790306583 -2.12891202685732 -6.81436005610034
"133" 3 0 -76.69917289 -11.525837543 -3.28011929228968 6.03901091369307 -2.09187624160481 -7.73817996089806 -1.9197912593986 -7.92821889131439
"134" 1 0 -77.29917289 -7.725837543 -4.70316309522714 2.37858357502119 -1.17210009720012 -8.93521377936501 -2.17662604995513 -6.58476433048157
"135" 4 0 -44.69917289 -13.925837543 -8.21256293074363 8.63833623301781 -0.0112263709996163 -8.3533704635858 -1.55863888384484 -7.11340541970455
"136" 1 0 -48.49917289 -13.625837543 -10.5746315037343 7.99271000855073 0.0426269115495187 -8.72721227683551 -0.730152380958585 -5.93662532356139
"137" 4 0 -73.19917289 -3.025837543 -14.8051079710364 3.77480979929163 2.76816126823956 -7.58283042296547 -2.66111389952516 -8.35948791299865
"138" 4 0 -72.19917289 -10.625837543 -11.545551263882 6.83922916804177 1.31759338987228 -8.80722178244492 -2.58786808017529 -6.65283631154973
"139" 2 0 -58.39917289 0.474162457 -13.2642314677291 6.77330744237255 0.392982013847369 -7.45961725165084 -0.228764113819334 -7.33186509630749
"140" 3 0 -45.89917289 -14.625837543 -9.02963317257776 7.62771207358495 0.0953920689835037 -8.80442425329367 -1.56421484998165 -6.39046241474796
"141" 2 0 -66.39917289 -3.725837543 -14.3152095388627 4.53926821384359 1.76283667573187 -7.78508762146898 -1.8436614044566 -7.226017777283
"142" 2 0 -74.79917289 3.474162457 -10.6911732867729 3.2868499790751 0.0297199502066015 -6.38579263090669 -1.69252020096501 -6.26042862420262
"143" 5 0 -61.99917289 -25.125837543 -6.56244401676992 9.62776106910265 3.22564875820613 -8.46843811618086 -1.02178082740618 -7.60974505564183
"144" 1 0 -71.39917289 -0.725837542999999 -14.5767683714776 4.12071121929766 2.40317993618104 -7.24485138915088 -1.62805333357247 -7.71081154101513
"145" 3 0 -80.89917289 8.074162457 -12.5491193551312 7.71121601322539 0.366862886715856 -8.96236942494896 0.119751038354452 -6.32839573766693
"146" 5 0 -61.29917289 8.874162457 -12.6806707154211 6.15824683501181 1.05094458019421 -6.71439305807013 -1.79911110250139 -6.05642088692267
"147" 4 0 -52.39917289 -8.725837543 -11.2018131866885 8.05984924394403 0.692732919674736 -10.280749002581 -1.6222806401391 -6.63394599208763
"148" 2 0 -74.19917289 -2.325837543 -15.315889563082 3.14352472528608 2.75193722579785 -7.61946174070026 -2.27671819701837 -8.76044052794793
"149" 5 0 -55.29917289 -21.425837543 -9.40581037118619 6.99113753066524 2.2725742009983 -8.0456028084629 -1.75280294282855 -6.46382016253413
"150" 3 0 -70.99917289 -11.325837543 -11.8728173469053 6.20509447114762 1.43149830406949 -9.21866614720811 -2.3360474762031 -6.47732365546608
"151" 3 0 -64.19917289 0.374162457000001 -14.7464777211413 4.91615446928956 1.20096044848009 -7.78875911921721 -1.08808763886317 -8.13870206534676
"152" 2 0 -67.49917289 -35.625837543 -3.13014062938113 8.42564966357471 4.09819843825535 -8.18202579910133 -0.236640698312451 -8.22369651887637
"153" 3 0 -73.79917289 -1.325837543 -14.2498245486271 4.33744480180304 2.15839146776637 -7.05542462406109 -1.68456996730953 -7.82178458281237
"154" 1 0 -71.59917289 4.774162457 -12.0720071981194 7.78847874832509 0.529596585707049 -7.35554910823341 -0.265339804978475 -6.43109362475992
"155" 2 0 -62.19917289 -36.425837543 -4.89129516863727 6.8177866755539 4.42145505928683 -7.93311126355817 -0.0503727297291632 -6.5418102155208
"156" 3 0 -54.09917289 -5.225837543 -11.6564646425654 7.24351472703683 0.0811181978721954 -7.96162290751286 -0.410451049361611 -6.97334854422161
"157" 1 0 -65.29917289 -6.225837543 -13.715729149366 5.6719225032661 1.14268123385461 -8.6391195770421 -1.51623624368346 -6.44728691877491
"158" 3 0 -52.79917289 -23.925837543 -8.92242716271798 5.87595679890907 3.23477347438057 -7.58989006354914 -1.50727828029642 -6.86869097117112
"159" 5 0 -39.79917289 -10.125837543 -7.83596306556695 9.04193118791184 0.915546521242295 -6.33400583595612 -2.24125356941822 -7.45523843911347
"160" 1 0 -45.59917289 -10.525837543 -8.50886657005423 8.70583343132925 0.374602314548739 -9.02865525827485 -1.7351227949749 -7.27821655803683
"161" 4 0 -50.49917289 -13.025837543 -10.9556874473212 8.90508179846302 0.448905054463909 -9.06529031349453 -1.53287399538053 -6.46182533165091
"162" 4 0 -76.69917289 -6.325837543 -9.31269547851341 5.67413732845377 0.94183638206228 -6.35701156849019 -2.46725498170321 -6.86428654471905
"163" 1 0 -67.69917289 -13.125837543 -11.4585507712171 7.44261699572397 1.50179766109182 -8.55866569115874 -1.87786933597684 -6.53313980578872
"164" 3 0 -45.39917289 -13.325837543 -8.99735144228312 8.45885512941143 -0.0642962909653819 -8.4371963771716 -1.59662892857034 -6.73114600326723
"165" 1 0 -68.69917289 -15.025837543 -6.55897182540923 4.10323375362717 -0.876488657216407 -8.49312740261129 -1.51472991950014 -5.89492815684916
"166" 3 0 -66.99917289 -11.725837543 -11.0372233501746 8.08651669777205 1.16844140438794 -8.27743356361677 -1.67657791502128 -6.53508466079583
"167" 5 0 -43.89917289 -18.825837543 -8.54668200098701 7.29626421339163 0.929663089319864 -9.48980155845706 -1.49980663805403 -6.25497982000833
"168" 4 0 -56.49917289 -23.525837543 -9.22547464054551 6.97939042742082 3.34977112028057 -7.84760749413527 -1.2877902884085 -6.41164369238416
"169" 1 0 -48.29917289 -4.925837543 -12.2379770711057 7.7060717659708 -0.870097006450036 -8.0694263806933 0.831646580501191 -7.47042574374491
"170" 1 0 -53.69917289 -34.025837543 -7.13486437538804 4.36598217808561 3.73619567239356 -5.74853899244459 -0.505397810921777 -5.61461186453507
"171" 2 0 -58.99917289 -5.825837543 -12.7952823340534 6.80038568828948 0.973599342041366 -7.69914288914272 -0.262968507088867 -6.820792846128
"172" 5 0 -40.49917289 -6.225837543 -8.60049482662836 9.59664463381118 -0.907596796712273 -6.38841560833114 -1.53490536420276 -7.31097573905171
"173" 1 0 -77.89917289 7.374162457 -14.4694520953493 4.44279658758566 -0.780571483711249 -8.57285638612487 2.86187030600636 -6.13010587582193
"174" 1 0 -53.49917289 -17.125837543 -9.32093199374031 7.05375931207962 0.892228705035033 -9.50234848919869 -1.32744139387837 -6.38366866705976
"175" 4 0 -72.59917289 -16.525837543 -5.27192916921066 7.86835073544132 0.571657017135045 -4.5214488764802 -2.45288268710479 -7.27958693797901
"176" 5 0 -46.99917289 -22.125837543 -8.40846921132799 6.34309433349545 1.50417221872114 -9.11980623662078 -1.56992376025507 -5.96888237439799
"177" 3 0 -55.29917289 -34.725837543 -6.9116258859858 4.4478126737551 3.91551477198755 -5.57912716767647 -0.24955113705115 -5.35354552677255
"178" 1 0 -62.49917289 -7.225837543 -12.642209104996 7.02439208637577 0.684685077913709 -8.01651502160169 0.123720293906409 -6.77117650243255
"179" 3 0 -43.29917289 -18.625837543 -8.78931597816113 6.58512774427302 0.926331186258272 -9.80456201887364 -1.10372020367124 -5.78134702655916
"180" 2 0 -66.79917289 -36.625837543 -3.30853294948435 8.06997759719284 4.26541570538109 -8.65804510002679 -0.121752459888906 -8.08010665451221
"181" 2 0 -58.29917289 3.574162457 -12.3247805301385 7.76897590210391 0.0757606778129248 -7.24735443900624 -0.79867868397504 -6.54861889884522
"182" 2 0 -52.09917289 -24.825837543 -8.8804621106004 3.77800977924129 3.12027688562089 -8.09529340944101 -1.30783911624084 -6.50086333868594
"183" 2 0 -71.99917289 -12.225837543 -10.0670296314605 5.61517385872788 0.629614065983713 -9.52382726769816 -2.0086850898961 -7.27682220881985
"184" 3 0 -56.29917289 0.974162457 -12.6165574025931 6.88503052060224 0.474382831462165 -7.84809283270991 -0.376172063488857 -7.11354183500044
"185" 5 0 -51.39917289 -28.125837543 -8.55054029466977 2.93143101599925 3.55931086908277 -6.9501920256108 -0.820924651262481 -6.36461846650983
"186" 4 0 -77.29917289 -0.425837543 -14.7981764756769 2.37049597070713 2.37165256004685 -8.05845041063105 -2.00105661254625 -8.6741260343737
"187" 1 0 -64.39917289 -3.225837543 -13.8944725147766 5.49708961113513 1.4816772696922 -6.94085810846458 -1.59405340536102 -7.32156782945322
"188" 1 0 -58.79917289 -36.825837543 -5.26329141046229 5.77554944450545 4.39820512485979 -7.41075724048644 -0.327595543305481 -6.40484069803073
"189" 5 0 -52.79917289 -8.225837543 -11.1926667439078 7.79313698683595 0.593889464289369 -10.2920134718949 -1.63482743804674 -6.55720444735855
"190" 2 0 -70.69917289 -17.525837543 -4.47838391672135 8.38330994780698 0.331976218649737 -5.51028747603743 -1.76381455167034 -7.65791066854991
"191" 5 0 -47.59917289 -6.525837543 -10.4463342148262 8.31080919075642 0.335686600764246 -8.26849653684937 -1.15412165737371 -6.68912502930192
"192" 2 0 -56.29917289 -14.625837543 -10.4100689913181 7.67646956272696 0.926204739077962 -9.19766522099343 -2.49306906218776 -6.37043430497924
"193" 4 0 -60.09917289 -16.525837543 -9.97475103703484 7.68457295334299 2.01993383532136 -9.57144805863844 -2.12075284606226 -6.81856617881387
"194" 5 0 -35.49917289 -5.825837543 -9.88685364202249 8.86960469973618 0.145615496041044 -6.35465490435646 -1.67235149538442 -6.79807920359717
"195" 5 0 -57.79917289 -14.825837543 -10.8257429607182 8.29796002009904 0.816789795418036 -9.74994229653591 -1.17305274327782 -6.60894848783166
"196" 1 0 -74.19917289 -8.425837543 -11.763059311628 7.34652909753074 1.42518976418842 -7.87809841914608 -2.51548822313671 -6.83491981700116
"197" 5 0 -62.69917289 2.874162457 -12.4902521523178 6.51655062372533 0.243318650472577 -7.39521116048364 -1.3332063308391 -7.75221530570182
"198" 1 0 -35.09917289 -6.925837543 -10.5676688352049 7.69884414028075 0.535526830411917 -6.50359025230591 -1.03835337549483 -6.2923657708642
"199" 3 0 -75.59917289 6.974162457 -10.4889674201613 2.25477470535753 -0.114980712691005 -8.73216021106139 -1.18973248773495 -6.24660143621988
"200" 2 0 -77.19917289 0.774162457000001 -7.71468559320293 0.40078438382916 -0.802290052059219 -6.55150786725709 -1.51343927252628 -6.20467088669104
"201" 1 0 -59.19917289 3.374162457 -11.495464630502 7.37525817719202 -0.611565725306883 -6.95263940731463 -0.0279543245490064 -7.12708465880577
"202" 5 0 -75.39917289 -2.425837543 -14.2177174991517 3.95998287905764 2.43238934992977 -7.16242843343806 -2.26901926208513 -8.27035990456392
"203" 2 0 -62.49917289 2.874162457 -12.4643630305774 6.64834446074807 0.1252881389024 -7.44473708041534 -1.16119147736928 -7.73576345357896
"204" 1 0 -38.09917289 -10.625837543 -8.25734024891343 7.78384873015972 0.893005787603863 -5.52161220282458 -1.58590318673623 -6.59595994219426
"205" 1 0 -47.49917289 -14.625837543 -9.53345443473595 7.06991449090154 -0.262667572458637 -8.06089493177666 -0.889834808024814 -5.59421144667644
"206" 2 0 -40.19917289 -19.625837543 -9.80627933242525 7.5931312761787 1.73445234911851 -6.74982935764662 -1.52786491127038 -5.91633415070171
"207" 2 0 -45.29917289 -8.325837543 -9.4264991622899 9.1417597878071 -0.0924743674162666 -7.62261653299397 -1.36207350631958 -7.18537913937422
"208" 5 0 -43.29917289 -12.525837543 -8.49672088679379 10.055998083 0.268918632251816 -8.03102135349248 -2.03497923727508 -7.96519694268125
"209" 3 0 -63.89917289 -5.925837543 -12.9560897058706 6.58134856299631 0.797997206585791 -7.71786546523819 -1.43856775292872 -6.4280078553494
"210" 3 0 -66.79917289 8.674162457 -10.9865594141415 9.00469636144219 -0.301900191561486 -7.24121151731926 -0.56106080171637 -7.09781172221288
"211" 5 0 -78.39917289 -8.125837543 -2.99142126900279 3.09037303175055 -1.60832502021881 -8.27385643750487 -2.18190091110187 -7.19291441015949
"212" 5 0 -70.59917289 1.374162457 -14.4323403333633 4.68234075395771 1.51340472356796 -7.7074079370385 -0.168056716800498 -7.41074279638227
"213" 5 0 -68.49917289 -34.125837543 -2.45078818933391 7.23547057178466 3.5994216341378 -8.31886838542333 -0.258906298031646 -7.91346325569981
"214" 1 0 -46.09917289 -17.125837543 -8.9980563060095 8.14858983634586 0.597996880992076 -9.34914181068483 -1.9535968293032 -6.70568461446655
"215" 3 0 -70.69917289 -17.425837543 -3.3999171113914 8.43017814584205 -1.87819682074008 -7.1740423567293 -1.62453074563907 -8.88518806845484
"216" 3 0 -47.19917289 -19.525837543 -9.08500449267579 5.58072492818713 0.789529736583213 -9.7238516395793 -1.90757740581477 -5.42632734917381
"217" 4 0 -42.09917289 -15.225837543 -7.18146575371553 7.43726009061677 -0.0784601564484006 -7.38576479023461 -1.74380945490516 -6.65809413516459
"218" 3 0 -69.69917289 -2.625837543 -14.6242316119516 3.52058847556145 2.31154944841553 -7.60222663802145 -2.38452412118227 -7.79850085675655
"219" 2 0 -59.29917289 -21.225837543 -8.21329123082634 9.69877324918227 2.67393415099302 -7.49455059494672 -1.67453424166763 -7.42741314569757
"220" 5 0 -52.69917289 -14.825837543 -9.6728029721011 8.4111697230442 0.953511743688289 -9.99012056755857 -1.45097334664078 -6.92250250923594
"221" 4 0 -50.79917289 1.674162457 -13.5361954828375 6.59679070071235 -0.26072470901265 -7.38013472532184 1.69245218397044 -6.41011564885843
"222" 4 0 -69.29917289 -37.025837543 -2.21728999623277 6.98755593388471 3.35118168657714 -7.09537368056479 -0.0696767488801548 -7.78456432469485
"223" 2 0 -63.49917289 -27.625837543 -5.71390858167734 9.70752914613594 3.58198806866215 -8.88362800384297 -0.639842719978184 -7.79174456161773
"224" 3 0 -67.79917289 0.274162457000001 -15.2240396925874 3.32876510683117 2.59451126758788 -7.41442526244794 -1.88722656585081 -8.61840671966307
"225" 4 0 -75.09917289 -11.325837543 -4.14785901756673 2.79401510745926 -1.28831120501091 -8.50063287207412 -1.90736524487386 -6.63907094002083
"226" 3 0 -52.99917289 -5.825837543 -11.5839241359106 7.24592043193041 -0.0481030562848521 -8.11703650175701 -0.224999669821771 -7.28957440785502
"227" 5 0 -39.59917289 -15.625837543 -9.35200710382511 6.94153892571301 1.59061810490167 -5.17388489159846 -1.86345769092388 -6.1423903348496
"228" 5 0 -75.89917289 -9.025837543 -8.05238216736261 6.37381262539872 0.300628585618884 -8.34699895568149 -2.74376224535494 -7.85423358259133
"229" 2 0 -65.79917289 -4.725837543 -13.7673801199666 5.42488490792326 1.28284707544592 -7.88713504109972 -1.73109774724693 -6.64047843709969
"230" 1 0 -45.69917289 -2.425837543 -13.4382252916762 6.94082299251031 -0.484880189838539 -7.30251540809681 0.864153972987915 -6.86171102387441
"231" 4 0 -67.79917289 7.174162457 -12.1562770435601 8.74115308952131 -0.230371207354303 -7.60226975983877 1.28326023471567 -6.84586098375571
"232" 4 0 -35.79917289 -9.025837543 -10.4491080332968 6.30295767158634 0.377380327492031 -5.99988607874455 -0.31757149311554 -5.87158374504634
"233" 2 0 -75.29917289 3.374162457 -11.8468255572761 6.74833727731787 0.0311408033617673 -7.41007260639387 -0.761658121496603 -7.20499423780551
"234" 4 0 -79.69917289 -4.925837543 -7.3681095780916 6.658166949097 -1.65639508753573 -8.11548834774968 -2.41298330764658 -7.35461112579459
"235" 3 0 -50.69917289 -26.225837543 -7.78815605850246 4.35707231222744 3.87685566521337 -8.01788154395475 -1.1623693006517 -6.68221721611861
"236" 4 0 -76.09917289 -9.925837543 -4.60509826175582 2.79443180155447 -0.901934731781237 -8.59209943217795 -2.06986428274335 -6.66781625209663
"237" 1 0 -79.49917289 -5.025837543 -4.66090482414398 2.55300453349153 -1.70653919851781 -6.73968843159299 -2.66943300791815 -6.81737612922496
"238" 3 0 -45.39917289 -18.625837543 -9.01712546086608 7.99967673656879 0.722735182012844 -9.51012697837479 -1.76133593295845 -6.60884063088267
"239" 1 0 -52.99917289 -18.725837543 -9.67805900271417 6.95353999262368 0.883179029862166 -8.81381890252812 -1.49725073180924 -6.34834130280177
"240" 4 0 -76.09917289 -7.725837543 -10.5140875797475 5.20237935184294 1.15107472661771 -8.42571242722646 -2.87252530841617 -7.74150258494222
"241" 1 0 -68.49917289 2.474162457 -15.0966284595148 4.48776095262062 1.50602770483773 -8.52051724837524 -0.169496895793964 -8.26215573491944
"242" 4 0 -54.89917289 -33.525837543 -7.12998716416976 4.87321983977445 4.34902136459988 -6.77473118315931 -0.362253559430105 -6.56760820845369
"243" 1 0 -74.89917289 9.374162457 -10.5369493483242 9.59061083484824 0.221744889414081 -6.59315374060812 -1.64580871012796 -7.20801745736262
"244" 5 0 -48.89917289 -17.925837543 -9.09986959826735 8.33025951013698 0.690443460052028 -9.04060442953767 -1.40499033485854 -6.8351331650184
"245" 4 0 -57.79917289 -32.025837543 -7.22475217741025 6.13009338387432 4.86238468041232 -7.65479571368649 -0.47671504219054 -6.55538773060921
"246" 3 0 -51.19917289 -22.525837543 -8.87006805084492 7.10459203236425 2.43190089126679 -8.55784342771915 -1.71184071122649 -6.68256362851289
"247" 4 0 -61.89917289 -20.325837543 -7.05498959776912 10.172416432276 2.02646403040545 -7.23375510923442 -1.54894748161526 -7.83570847555789
"248" 4 0 -76.99917289 -6.525837543 -8.82958011124967 6.02342118532578 0.637615319992914 -6.44407076967442 -2.50536796701685 -6.85351699413997
"249" 3 0 -54.89917289 4.774162457 -13.2250505570748 6.49668137562266 0.859617924343691 -7.11721433203004 -0.592379723762605 -6.32639129842399
"250" 3 0 -53.29917289 1.374162457 -12.6515990537863 6.15033252339159 0.44584047392625 -7.38043923293075 -0.183823246196558 -6.66250917124582
"251" 4 0 -35.69917289 -8.525837543 -8.60078642592003 6.0098640655367 -0.0427622066185367 -5.84477625451965 -0.855934972351752 -5.84706104062783
"252" 3 0 -57.29917289 3.974162457 -12.8284331119685 6.99800288633915 0.469019997576883 -7.43918999975262 -0.374209072969724 -6.42982934624546
"253" 2 0 -44.49917289 -10.225837543 -8.66579389226778 9.94383867005862 0.586333757633423 -8.78041937058184 -1.81738344534138 -7.90631636694744
"254" 4 0 -56.69917289 -21.125837543 -9.0916262046185 6.85177788941133 2.42014160222023 -8.12432932335778 -1.72927496361721 -6.50872240921787
"255" 5 0 -56.39917289 -26.925837543 -9.49990296956961 6.14654009789585 4.57134607804554 -8.05240894278671 -0.543253056445111 -6.63280927641565
"256" 5 0 -62.79917289 -15.725837543 -9.11316944588434 8.62026635624746 1.42533837415701 -7.82121602675331 -1.84395008868373 -7.28064692609297
"257" 5 0 -58.29917289 -11.425837543 -10.4649037063712 8.17770549641548 0.592044885854781 -10.0083558311611 -1.10209029694185 -6.52003958418821
"258" 4 0 -44.79917289 -8.125837543 -9.50317651346639 9.52848619657363 -0.0299912191813491 -7.42277656330329 -1.44340432849566 -7.32681130404074
"259" 4 0 -57.39917289 -13.425837543 -10.5687229668214 8.16312763955038 0.379805620566938 -10.3128977001871 -1.15438542362247 -6.76310490784248
"260" 4 0 -52.49917289 -22.125837543 -8.84479651515567 7.61142639853804 2.40190121878691 -8.00285794011225 -1.8440099728812 -6.86722063827654
"261" 3 0 -53.09917289 -28.125837543 -9.31902063228697 4.18024700554137 3.99078586867789 -7.08055581170261 -1.0314774753861 -6.72727268088908
"262" 1 0 -57.59917289 2.874162457 -12.1593627335571 7.54795839137102 0.142168359148006 -7.46294156491253 -0.487038075605949 -6.55632269727187
"263" 3 0 -35.69917289 -5.425837543 -9.09939070256069 8.84083573807532 -0.0796320667825852 -5.71510083560403 -1.79558471355971 -6.60337732171549
"264" 1 0 -53.29917289 -18.825837543 -9.87144169072301 7.36743516291111 1.0911143464939 -8.71909599640061 -1.48409279350259 -6.4431138827868
"265" 2 0 -68.59917289 -26.025837543 1.59790562602954 0.890563872749248 -1.89729325695037 -6.54683017261981 -1.2913480004836 -6.77824349474379
"266" 4 0 -58.09917289 -22.225837543 -9.37842670067842 8.30559917507843 3.24443683465647 -7.73682220645464 -1.53284357743361 -6.72494556367083
"267" 1 0 -45.89917289 -2.525837543 -13.2368287795583 6.95063023770981 -0.317456682357374 -7.28731891781245 0.405575191287477 -6.86637889841736
"268" 5 0 -66.89917289 -35.525837543 -3.248945806324 8.39798213788815 4.10717022925325 -8.54102108859236 -0.215692440236399 -8.22518872381865
"269" 1 0 -59.09917289 4.574162457 -12.7357546652491 6.97514428928 0.403011447771479 -7.11668442163099 -0.950823061386093 -6.49111035188996
"270" 4 0 -52.49917289 -21.025837543 -9.33687029160432 7.49978106573649 1.78224516782316 -8.38334883724992 -2.02317534995992 -6.55427646980464
"271" 3 0 -59.59917289 7.974162457 -14.0969689269137 4.77861530681528 1.53536589707838 -7.36146557390067 -1.46394184344677 -6.1334583684641
"272" 4 0 -72.69917289 -36.025837543 -5.06353928274164 4.46748261669229 0.283110803638631 -6.65678308522114 1.48148001998481 -5.55950039815957
"273" 2 0 -51.79917289 -16.925837543 -9.85339234777185 7.408991213979 0.401321606992058 -9.22806747238683 -1.36943808307119 -6.17544654419115
"274" 5 0 -59.89917289 -14.225837543 -9.97768102558415 7.85406188965042 0.871897654183991 -9.4261101062215 -1.35363028144655 -6.70691488374578
"275" 5 0 -57.79917289 -25.625837543 -8.97486350783207 7.4694789401955 3.92840806080136 -8.03779586954871 -1.24665910376834 -6.54253895008459
"276" 1 0 -62.69917289 -19.925837543 -7.33338909743866 9.8256862999729 1.90047390666884 -7.78971959569729 -1.70277276439131 -7.73046425740351
"277" 2 0 -52.49917289 -21.825837543 -8.83096045099918 7.29667406519516 2.21655005961191 -8.09103477179457 -1.90196477405446 -6.73111633512441
"278" 4 0 -65.19917289 -17.825837543 -4.88514185967297 7.39760220156249 0.305252027861791 -9.51635652020105 -1.36329458843111 -8.22095493131921
"279" 3 0 -55.99917289 3.274162457 -12.473448686462 6.45445321967703 0.101012801874772 -7.51065867065592 0.114377869288862 -6.31126532134835
"280" 2 0 -66.09917289 -8.125837543 -12.1019556421548 7.20785695737745 0.639486824207977 -8.63673608756489 -1.78887892461553 -6.15065325056054
"281" 1 0 -56.19917289 -10.825837543 -10.8343198935068 8.32663949211125 0.890700608390749 -10.3835909502092 -1.48132924416272 -6.7446189558717
"282" 5 0 -70.09917289 -9.425837543 -11.3728476162408 7.12253652284758 0.87943470628953 -9.28242305020327 -2.27947889068884 -6.25786453600189
"283" 4 0 -60.99917289 -35.625837543 -5.65286128412546 6.21713239190356 4.43234095398525 -8.1509012308023 -0.203111852618836 -6.35913472455509
"284" 3 0 -55.99917289 -15.325837543 -9.96811471750821 7.85645059106524 1.47529355194758 -8.43474237195024 -2.19143689369517 -6.12393733917344
"285" 2 0 -42.99917289 -6.725837543 -10.5408745518376 9.77520578090169 0.012878318475027 -6.94325807352892 -0.556527576075729 -7.38126879456667
"286" 5 0 -35.79917289 -5.625837543 -9.02098260997689 9.07083898092159 0.0183440893428361 -5.76516961120518 -1.84731195706951 -6.69015607435396
"287" 4 0 -61.09917289 10.574162457 -13.5358861426018 5.30720618041196 1.33883611679197 -7.64138719699837 -1.3377100640618 -6.37685494170049
"288" 2 0 -47.89917289 -24.225837543 -10.1643532227465 5.82943995520834 3.28915454640447 -8.4242869809099 -1.29878363537272 -5.31832682022631
"289" 3 0 -63.09917289 -36.225837543 -4.49265007314106 7.42031229553684 4.45284687038255 -8.07866281658001 -0.027297990667084 -7.01595823084634
"290" 5 0 -67.29917289 8.674162457 -11.1553620811237 9.19031592365126 0.0583880598900706 -7.35517722088686 -0.542215219349506 -6.94901205709535
"291" 4 0 -54.69917289 -5.525837543 -12.0489034074331 7.09720473065803 0.339316824805036 -8.34723765388406 -0.268951270901659 -6.94544967395515
"292" 2 0 -76.09917289 -6.525837543 -11.649844375115 6.7768624418582 1.63072854953528 -7.87352475422604 -2.84065687546686 -8.02993925447798
"293" 2 0 -54.99917289 -23.125837543 -9.57805365752152 6.22928273818084 2.94619305302674 -8.17752945234379 -1.51701528643274 -6.41316807081103
"294" 1 0 -44.69917289 -19.125837543 -8.63089238733797 7.77757986238083 0.836682991292907 -9.39277120887059 -1.64824980983447 -6.67969194294772
"295" 5 0 -51.39917289 -14.325837543 -10.4462706706208 8.77320823375587 0.60338557801217 -9.13748291693575 -1.60318012391128 -6.53660234260321
"296" 4 0 -53.59917289 -31.925837543 -7.3799885744436 4.91786446954655 3.69292407306818 -6.52532801331533 -0.440069705093768 -6.22040637164012
"297" 5 0 -73.29917289 -6.625837543 -12.9619895370472 5.87669495556005 1.7976751743823 -8.12726863637512 -2.20066525129254 -6.80942000671376
"298" 5 0 -51.79917289 -12.025837543 -10.5467933455619 8.68922441670401 0.706553262417052 -9.54925978379567 -1.62721833623308 -6.62270652430439
"299" 2 0 -57.49917289 -16.825837543 -10.0095426587723 8.84747717542429 1.81711177517665 -8.69846174947903 -2.03975566993838 -6.81814848168223
"300" 3 0 -61.69917289 -37.025837543 -4.87580746017372 6.37072928572152 4.39465278252475 -7.84584404964779 -0.0541595958754714 -6.30694396257011
"301" 3 0 -80.29917289 -6.025837543 -5.92486702946975 11.430928759082 -1.12899429636817 -6.73613193110856 -1.26281443627934 -8.62452650755858
"302" 5 0 -42.49917289 -4.925837543 -10.8864865008607 9.45812646453969 -0.0539709904808594 -8.27493068370907 -0.0426422478290231 -7.32385421955771
"303" 5 0 -64.09917289 -23.425837543 -7.01754107313027 9.21375991403031 2.76873408304312 -8.75925585564598 -0.978406056320896 -6.84701990303188
"304" 1 0 -59.49917289 -26.325837543 -7.52805315385842 8.33904060040549 3.77731807436035 -8.34820339028055 -0.959794202922958 -6.93167948697626
"305" 2 0 -74.19917289 0.0741624569999999 -13.9368536812121 5.06333109271976 1.27680804581404 -7.61853857308479 -0.38295346192225 -6.98165857197005
"306" 2 0 -57.29917289 -4.325837543 -13.1843121659565 6.51226141000788 0.772394119061308 -7.15995970478599 -0.299537369226333 -7.30210084052415
"307" 4 0 -56.49917289 -3.225837543 -13.2615729453762 6.63803677228252 0.544771389376706 -6.92043764409861 -0.318507802269747 -7.23600510591313
"308" 5 0 -77.69917289 0.174162457 -10.0541546745306 3.39751744423783 0.695840141477974 -6.90601322913107 -2.75803196301263 -7.51226897011636
"309" 1 0 -63.79917289 -14.425837543 -10.5597252440271 8.14582442014343 1.49481592760209 -8.84530687609979 -1.85161932869822 -6.60408454679036
"310" 5 0 -36.39917289 -9.125837543 -9.35285908676343 6.55876898855263 0.247441572123192 -6.25050591441859 -0.175028048207794 -6.24641632253804
"311" 1 0 -49.19917289 -1.525837543 -14.0960933322841 6.48965951907541 -0.67393317244424 -8.07339267221283 1.03976972413164 -7.1460185633876
"312" 4 0 -50.79917289 -3.125837543 -13.0439761123254 7.01558357707266 -0.377174732852712 -7.73436754318675 0.651065353346959 -7.20328394227171
"313" 2 0 -71.59917289 3.174162457 -13.0475032489283 7.24940170980556 0.64992493971548 -7.49912865099712 0.841790512512034 -6.61999968439576
"314" 2 0 -74.49917289 -12.825837543 -4.27272389674083 5.34003664615982 -0.802836225718812 -8.47739394896388 -1.82666460674479 -7.74358872399705
"315" 3 0 -52.09917289 -13.225837543 -10.0688643941006 8.65136352939115 0.598586245832359 -9.5884417473007 -1.50511240595149 -6.77800042626686
"316" 4 0 -65.09917289 -11.525837543 -10.9184744093796 8.59019070889729 0.779528347294477 -8.46828519170073 -1.55434963329389 -6.35384608078546
"317" 4 0 -40.89917289 -5.125837543 -8.94192440713287 8.39560651120178 -1.05028749793217 -7.15735632663192 -0.522281071862269 -7.17271657158571
"318" 4 0 -71.19917289 -7.525837543 -12.210022580429 6.49592279439838 1.16524436162294 -7.9662419659502 -2.15484099299022 -6.5661399634477
"319" 1 0 -66.89917289 -3.125837543 -14.3310963858669 4.06277198694701 2.13001943833099 -7.41508749260746 -2.03246944539222 -7.6930380989609
"320" 5 0 -46.59917289 -5.425837543 -9.81407315257407 9.08255234769961 0.0476842197221179 -7.98523029055071 -1.23180439009379 -7.09689857958519
"321" 2 0 -73.79917289 1.974162457 -12.6965292253938 6.5178289507685 0.768999305280012 -7.51056167362428 -0.34580725967197 -6.86559607493248
"322" 1 0 -53.09917289 -25.525837543 -9.14518768350555 4.72697567105454 4.20022890095216 -9.08232015550381 -1.24620236296855 -7.07073208151204
"323" 3 0 -67.59917289 -15.525837543 -9.31463147417368 5.85533299983219 0.65207413000884 -8.23359600693428 -1.94222534300676 -6.05459387180024
"324" 4 0 -79.59917289 -2.825837543 -10.2735615694035 7.54867095305702 -0.12918127126707 -7.61915777274456 -2.23671252687771 -6.10307215425202
"325" 3 0 -52.19917289 -21.625837543 -8.85676075917692 7.59263929208892 2.22210408851369 -8.13112108925387 -1.90274347398988 -6.79391674919422
"326" 3 0 -44.09917289 -10.325837543 -8.41172000408256 9.86851922649824 0.475486354189404 -8.73721978769685 -1.86459934553844 -7.99722253293787
"327" 5 0 -58.79917289 -27.625837543 -8.00635361884554 7.30516580748399 4.0326507182372 -7.60043809527639 -0.754519473935036 -6.13040569014523
"328" 3 0 -45.09917289 -12.125837543 -8.99227571778175 9.44398224786299 0.145925882435117 -8.67432104579782 -1.30516116335661 -7.49962411724875
"329" 5 0 -61.29917289 2.974162457 -12.2726903164007 7.75223326836064 -0.401758084628863 -7.5120701523174 -0.195469966318215 -7.55738864534217
"330" 5 0 -68.39917289 -33.625837543 -2.62346610803441 7.88645342079841 3.57888847111552 -8.32548614942524 -0.207354550533388 -8.00435749441632
"331" 1 0 -41.79917289 -3.725837543 -11.4065794704194 9.03669484408202 -0.572929322599993 -7.42760951973075 -0.000240370533649337 -7.59679690285698
"332" 1 0 -66.59917289 -1.225837543 -14.6425692999147 3.83380926463309 2.1421289140535 -7.05784249408118 -1.62441635597324 -8.03509179843817
"333" 1 0 -41.89917289 -5.825837543 -10.192573192842 9.68559398817801 -0.118013006776817 -7.76481871082553 -0.702639112918902 -7.30766732270996
"334" 1 0 -68.09917289 -34.725837543 -3.23496317333644 8.27652567812782 4.03982146360102 -8.02931955589521 -0.29474868480772 -7.97854552583342
"335" 1 0 -67.59917289 -7.025837543 -12.8737120248931 6.20393177030047 0.879427179344087 -8.9047863999583 -1.5706461451401 -6.50172221271611
"336" 1 0 -73.99917289 1.174162457 -13.0938244141254 5.99966587989404 0.948500980454138 -7.40104467315363 -0.404188045077047 -6.81932890120318
"337" 5 0 -54.59917289 -2.925837543 -12.106672510245 7.02901289313808 -0.121736572006931 -7.50094997750471 -0.158799125769258 -6.54594732444578
"338" 2 0 -38.19917289 -5.525837543 -9.88012184080734 10.2334065266676 -0.830412642986925 -6.67246898114611 -1.52512600175649 -7.50384794380492
"339" 4 0 -63.19917289 -29.425837543 -5.89985383167887 8.78674995109207 3.84224379608429 -8.87007109422186 -0.627699679087952 -7.36239341800543
"340" 5 0 -59.79917289 -10.425837543 -10.496678358842 8.12247876236227 0.43898264637142 -9.29075106976441 -0.721429639781925 -6.44543722776112
"341" 5 0 -64.59917289 -31.925837543 -4.41471918230863 7.17893884267136 3.10688719123595 -8.27874940125525 -0.465855842622318 -6.86847035664685
"342" 2 0 -56.29917289 -33.325837543 -7.58599711758319 5.59373111658603 5.05023868867885 -6.94914305014205 -0.498953417810842 -6.62170417194199
"343" 4 0 -68.39917289 -12.225837543 -11.2553835540852 7.37895990617829 1.39711166688963 -8.53119450823985 -1.5665992418076 -6.34805710689097
"344" 3 0 -79.89917289 -3.125837543 -9.04162552252547 8.94090821440695 0.312039115160553 -5.62204979116112 -2.1413600757592 -6.26149890040452
"345" 1 0 -61.99917289 -15.625837543 -9.05204491744286 8.31845998754865 1.52955892794144 -8.74116847611075 -2.13445332508519 -7.21717927378737
"346" 3 0 -54.49917289 -26.625837543 -8.46682503163937 4.88015777136489 4.1305407452783 -8.22764741381643 -1.05942001816809 -7.13787705184761
"347" 3 0 -63.79917289 2.174162457 -12.3579345071013 5.18355993878611 0.455822476418915 -7.4438781089865 -1.64857007656862 -7.52052976602989
"348" 3 0 -50.59917289 -6.625837543 -11.5382776807164 7.35704300984182 0.143587935253918 -8.22475052257535 -0.712401131925186 -7.2222775595287
"349" 1 0 -78.09917289 8.874162457 -12.0516349542959 6.94627459253604 -0.484343961703926 -6.36399090557206 -0.716211435425369 -5.69612511193407
"350" 1 0 -80.09917289 -5.525837543 -6.53894507475088 11.1338383441271 -1.16484491147279 -7.29475521849384 -1.7010086714995 -8.79011305838037
"351" 2 0 -40.29917289 -14.325837543 -7.92317970815775 7.3631686754104 0.64339808716804 -5.56532544749696 -1.86576820124472 -5.98858506050978
"352" 3 0 -67.69917289 -21.225837543 1.16883047348762 4.33746440426536 -1.64857404802858 -9.07057989311241 -0.626740794722977 -8.70287136717642
"353" 2 0 -55.49917289 -16.825837543 -10.0409704172884 8.58845768214525 1.69991246808444 -8.94090558904723 -1.99818404199777 -6.45720797717719
"354" 4 0 -52.89917289 -1.525837543 -12.3037701266346 7.60654297136825 0.060110105195309 -6.61772096811495 -0.729711471103616 -6.79500503623844
"355" 3 0 -43.39917289 -9.925837543 -8.46503389856105 10.2820035898524 -0.25990603834316 -7.91033149772203 -2.21316645555837 -8.35891801752458
"356" 4 0 -68.99917289 3.774162457 -14.1923296314865 6.12856056059961 0.744174042163991 -8.00856682494875 0.843398069208595 -7.11819974980649
"357" 5 0 -56.29917289 -4.425837543 -13.071633780181 6.93286357443443 0.747651790420943 -7.19025710114877 -0.585154066204689 -7.361250508064
"358" 2 0 -76.89917289 0.774162457000001 -15.3637011130471 1.38737878953377 2.36064874167673 -8.25704324527717 -1.51464529550673 -9.29483004542861
"359" 3 0 -63.19917289 -25.425837543 -6.25609718911105 9.66351988281536 3.07447854131697 -8.7188873503675 -0.884531770865263 -7.59202994250162
"360" 5 0 -69.89917289 -18.025837543 -1.21583720135481 5.78562420787832 -1.99220830825808 -8.84335748693394 -1.34033211025934 -8.84857885490441
"361" 1 0 -56.39917289 5.074162457 -13.3497162852682 6.48163771162752 0.999439297339979 -7.06143958175567 -0.775796834676676 -6.50312254707912
"362" 2 0 -62.49917289 -2.025837543 -14.6187808386624 4.64267809525003 1.81327012109517 -7.13074757484918 -1.49471164511031 -8.02043128603939
"363" 3 0 -64.19917289 -11.825837543 -10.7184529599807 8.48912538282228 0.669736500671483 -8.59051692987206 -1.67750429505458 -6.54374503153246
"364" 2 0 -61.49917289 -9.725837543 -10.6852605769875 8.30130201842513 0.249744426670556 -9.00517104128887 -0.608166079281144 -6.25605746570274
"365" 2 0 -50.79917289 -6.725837543 -11.522442980684 7.26008901550387 0.235681168939099 -8.38385791035162 -0.770905350722675 -7.26178429293689
"366" 5 0 -67.69917289 -14.825837543 -11.1745770475819 6.10784694673003 2.0046516132806 -8.66876337904555 -2.33017129149844 -6.25893924902386
"367" 4 0 -64.19917289 8.674162457 -10.1112472112894 9.48602171378047 -0.163291916713988 -7.04459824778533 -1.88359543646558 -7.03801278957655
"368" 1 0 -64.19917289 -13.325837543 -10.4155563281423 8.80055489507327 0.920041782935482 -8.52794629381467 -1.69952218495588 -6.78164990807165
"369" 1 0 -52.49917289 -9.925837543 -11.2190914708598 8.37507080328843 0.805603616997404 -10.5052373194377 -1.54078826820385 -6.63061109905085
"370" 2 0 -73.49917289 -8.525837543 -11.6838316853933 7.17316729101577 1.15957875660497 -7.9636162109506 -2.13655191339336 -6.60545251588969
"371" 5 0 -44.69917289 -5.325837543 -10.6428298887479 9.30799093565018 -0.0444836615623226 -7.45434115229063 -0.595285777877433 -7.05659795338601
"372" 1 0 -60.69917289 -14.325837543 -9.07661068100781 7.02482954180516 0.665315628106044 -9.33042117196155 -1.40385979214496 -6.65693389917648
"373" 1 0 -56.79917289 -24.025837543 -9.17953430990366 7.11217632995496 3.44105901952122 -7.49289320556608 -1.32997869815213 -6.25883612053265
"374" 5 0 -40.99917289 -9.525837543 -7.53252520905258 10.0428095742246 -0.133399103592609 -7.43883448139456 -2.35002520778188 -8.34968581828309
"375" 3 0 -71.89917289 -15.425837543 0.336646019089207 -0.0952712465908399 -1.92188497914329 -10.4335495081458 -0.966890640126146 -6.52234789833978
"376" 4 0 -40.39917289 -7.625837543 -8.46808380602656 9.02941766034791 -0.423694451829376 -7.18285513359981 -1.64530537307683 -7.19988320837102
"377" 4 0 -76.29917289 -0.225837542999999 -14.8253516426244 3.09607815765378 2.49522785114806 -7.7730969841061 -1.97442868017261 -8.37419345679404
"378" 3 0 -63.39917289 -3.225837543 -13.6760675864407 5.56412060109543 1.27122905781666 -6.80801126927144 -1.48509958369041 -7.27694746872047
"379" 3 0 -74.59917289 -9.725837543 -11.6281797976373 6.19817416282648 1.13285039942294 -8.82529445553684 -2.50110613575024 -7.08101329991907
"380" 2 0 -62.89917289 4.274162457 -14.3316134604837 3.9979509160625 1.59737628800491 -8.54779388530583 -1.36809730815793 -8.14525595514144
"381" 4 0 -75.69917289 -8.325837543 -14.6914040746352 4.45062114156223 2.48897354014289 -10.3655916729441 -2.82506187721309 -7.75087858226554
"382" 4 0 -65.19917289 -8.225837543 -11.7628728342865 7.61747656316369 0.481023213524184 -8.05365619393767 -1.47056000130219 -6.21979625416336
"383" 5 0 -57.19917289 -27.025837543 -8.77053837608837 7.31179027492108 4.17468489662402 -7.75257331836542 -0.988684647395204 -6.2560102850618
"384" 2 0 -56.69917289 3.274162457 -12.3559055102416 7.393776517986 0.123338855815745 -7.46537130234981 -0.125254685953685 -6.34834838709145
"385" 2 0 -65.09917289 -22.625837543 -1.24121853835849 6.17048083439319 0.842842420234512 -9.97576909284222 -0.866575990964215 -8.81101373230875
"386" 5 0 -67.69917289 -33.025837543 -3.36878265845295 9.11155072907052 3.97182287820987 -8.19234144255005 -0.130686380851521 -8.08821666608595
"387" 1 0 -52.79917289 -12.125837543 -10.6024657492931 8.50953949776145 0.983674443227527 -10.6481983480587 -1.29147497988955 -6.79088599819452
"388" 3 0 -54.39917289 -6.925837543 -11.6519611562117 7.03675925352788 0.207735379823423 -9.17183430826759 0.401477183557033 -7.17740363565036
"389" 4 0 -64.09917289 -25.725837543 -6.02891074650624 9.24499414306367 2.9532362318871 -8.85787022176555 -0.792709413305985 -7.31051096401672
"390" 1 0 -43.59917289 -9.325837543 -8.45048120517469 9.48713930802011 -0.272480397463793 -7.81425980360852 -2.15679657336567 -7.83291860336256
"391" 5 0 -54.59917289 2.874162457 -12.6925549698406 6.64045959698416 0.236886455882683 -7.42675300811407 0.0307897876243304 -6.58274557032301
"392" 2 0 -57.09917289 3.374162457 -12.4727206911074 7.30890171906498 0.315315655157524 -7.43123132393135 -0.31674977438761 -6.44093142167762
"393" 4 0 -77.29917289 -5.625837543 -9.77986107200369 4.50673585473164 1.24020624350239 -6.19923875745639 -2.42080455273194 -6.3795285907074
"394" 2 0 -47.69917289 -22.025837543 -8.51685081713036 5.76655286389965 1.28986119831123 -8.7549002997601 -1.5464454922551 -5.57191492134218
"395" 4 0 -69.39917289 -27.225837543 0.605089795007986 1.46738045630852 -1.65801733598407 -5.70607539862556 -1.40931960275449 -6.34960461269467
"396" 3 0 -75.19917289 5.974162457 -14.7735340444426 1.10901644239717 1.40567445524094 -9.4620090557768 -0.666288531906684 -8.30708983683436
"397" 4 0 -64.89917289 -21.725837543 -3.49810735066885 7.15785432247157 0.980217815674099 -9.82049614696338 -1.26816613392777 -8.35696899135279
"398" 3 0 -60.39917289 -28.925837543 -7.13912644654803 7.82940820140632 4.0400715554622 -8.52028563662432 -0.735370616441585 -6.73579886039198
"399" 4 0 -45.29917289 -22.525837543 -7.73206367152583 3.71746621316094 1.17053358694567 -10.2484948101007 -1.28431828353769 -5.25046161611368
"400" 2 0 -57.99917289 5.374162457 -13.4233590122571 6.20892341514321 1.33074326263882 -7.19067656590495 -1.2610390077471 -6.78838245604084
"401" 2 0 -65.69917289 -0.325837543 -14.6472748255181 4.45010603390551 1.89964448427776 -7.05045163872697 -1.95612367802355 -8.11587870104744
"402" 4 0 -69.49917289 -32.025837543 -0.511685113792122 3.60643530538626 0.960346327280747 -6.46839479485524 -0.277591948108291 -6.69138288614265
"403" 3 0 -63.39917289 9.574162457 -10.4756547356767 8.81535656640801 0.127650660308368 -6.89817739446023 -2.26956259270422 -6.8957988609217
"404" 1 0 -65.99917289 -11.025837543 -11.0453702451642 8.51123880686433 0.890827222120153 -8.51963693164047 -1.55525503367736 -6.4436286095344
"405" 4 0 -70.49917289 11.274162457 -9.23973816607029 10.5815217940793 -0.0376579125408382 -5.57751553265972 -2.31155646620249 -7.09358010417326
"406" 5 0 -60.59917289 -18.125837543 -8.58565527750974 8.72836436944791 1.68580679834984 -7.95244142673337 -1.72965976743771 -7.3443372322199
"407" 3 0 -75.39917289 -1.725837543 -13.9269966019842 4.28296800978982 1.98740823542654 -7.10199332147362 -1.86579944887941 -7.96463718377584
"408" 2 0 -60.49917289 -24.925837543 -7.30564449262991 8.92652074518817 3.30336184226858 -8.3622078809148 -1.09417304375612 -7.22067064925937
"409" 2 0 -50.09917289 -7.525837543 -11.4546209561779 7.80695744991456 0.203197345720777 -8.58429231176364 -0.472584493240749 -7.36127598401819
"410" 2 0 -75.59917289 -5.825837543 -13.026524294908 6.20858184300109 1.72893414890967 -7.68965296386953 -2.66694795142619 -7.35134600883551
"411" 4 0 -50.79917289 -24.125837543 -8.35155167816094 5.26633398635744 3.19270590468245 -8.19886393023116 -1.51202159551758 -6.84443560895264
"412" 4 0 -45.89917289 -6.025837543 -9.88786801775997 9.24800278463197 0.287251574995832 -8.16278585047905 -1.46864335112359 -7.05439012475722
"413" 5 0 -73.69917289 10.974162457 -9.37410357438845 1.55726246276751 -0.924872226209044 -9.32913599068926 -0.726545068295433 -5.12120254156915
"414" 1 0 -61.59917289 -7.725837543 -12.0734508200268 7.35947595381097 0.658419635344995 -8.79818505965105 -0.745129040971591 -5.9266560059106
"415" 2 0 -59.29917289 8.074162457 -14.0925444044722 4.74942368927879 1.45424863089963 -7.11045568677237 -1.38832050610589 -6.21626403096915
"416" 4 0 -56.19917289 -16.125837543 -9.95620808561596 8.7816858594815 1.70911603503361 -8.54310247740381 -2.09505559555798 -6.47283794513293
"417" 5 0 -45.29917289 -8.425837543 -9.43608552791258 9.16380746291363 -0.0860306846603029 -7.63722230599787 -1.36648476718231 -7.19588235067841
"418" 3 0 -47.69917289 -7.825837543 -11.3441811604809 8.66474618100944 -0.0154422981748296 -7.86620934071391 0.0508926852673355 -7.13596158869569
"419" 4 0 -66.69917289 -27.525837543 -2.22724279231151 7.46823589814931 1.58175960130668 -8.06282453068732 -0.476033584665135 -7.9987503658636
"420" 5 0 -37.89917289 -9.525837543 -8.4037602380524 9.50374280558961 1.062270751882 -5.23017319529202 -1.84089077003113 -6.96755033959505
"421" 1 0 -73.49917289 -0.725837542999999 -13.9988302114251 4.7878101484778 1.62324577947325 -7.22270077750894 -0.981695580021892 -7.28918141096772
"422" 3 0 -65.79917289 -30.725837543 -5.19472396140464 9.4534382633905 3.58112295520774 -8.07850435685206 -0.407638877474859 -7.37952093906681
"423" 5 0 -54.69917289 -7.625837543 -12.2392550140249 7.40918780741422 0.570942945710906 -9.95483403359255 0.388739447192465 -7.30505967542448
"424" 1 0 -59.99917289 -11.225837543 -10.2773321778285 7.79775813515135 0.415771644561736 -9.43499996765776 -0.656933610006262 -6.37706717515574
"425" 3 0 -63.29917289 -26.825837543 -6.0178893974676 9.68993838748529 3.36929074951367 -8.79041639836345 -0.769936756948293 -7.68580887308247
"426" 2 0 -65.19917289 7.974162457 -11.4260354856719 9.0708511083369 -0.301476835104838 -7.07019776548896 -0.750308765230652 -7.18460487547284
"427" 5 0 -46.69917289 -20.325837543 -8.39612522810966 5.35235323672149 0.57656133152149 -9.27960485906034 -1.50736253357097 -5.52751995016366
"428" 4 0 -77.09917289 -9.225837543 -2.33191675427017 0.841243696231684 -1.81590171698849 -8.80591583107425 -1.90083755273 -5.98801842241949
"429" 1 0 -61.99917289 3.974162457 -12.9043079518849 6.43820121247227 0.600499434075074 -7.75857237588478 -1.23612965788389 -7.84206371376745
"430" 3 0 -48.09917289 -14.925837543 -9.13128654911424 6.33659678047623 -0.398215749154451 -7.89942917931818 -0.70848046146399 -5.5746635994029
"431" 5 0 -53.19917289 -33.225837543 -7.33112863524339 4.3152061203357 3.88846541524313 -5.74051050915777 -0.51753589791586 -5.63919689406567
"432" 2 0 -59.49917289 -15.925837543 -9.5826528376475 7.91725854086136 1.17931324982354 -9.01185283136608 -1.28736209139407 -6.9036385365879
"433" 1 0 -62.69917289 1.874162457 -12.4255333062611 7.18694624090007 0.0279186606242292 -7.19405609531537 -1.10284760888427 -7.54657609530431
"434" 5 0 -66.29917289 -33.325837543 -4.08854775358436 7.71226634083446 3.50285427609292 -8.75336584091815 -0.281290363526436 -7.29194542774782
"435" 3 0 -64.79917289 -28.225837543 -5.14082506251169 8.50823659569482 3.31508487701336 -8.72939642960571 -0.467943878546125 -7.18356423141088
"436" 3 0 -63.09917289 -16.325837543 -9.76831472218692 8.11176385767893 1.84353562980916 -7.9094410358182 -2.01289936369362 -6.89531397362889
"437" 5 0 -75.89917289 6.774162457 -10.8229217682668 6.47329670519109 0.14145786757945 -7.24958134496822 -1.52111399167097 -6.88382689147573
"438" 3 0 -72.39917289 4.074162457 -12.6936238721796 7.59698673405224 0.294496788193175 -7.66903537081771 1.06063149654811 -6.60388623359457
"439" 5 0 -72.99917289 -1.125837543 -14.1472833503933 4.7108600044532 2.08429647412907 -7.11655360564346 -1.48705679056326 -7.45726532116903
"440" 1 0 -57.79917289 6.574162457 -12.7028294161649 6.58534340831763 0.369258699014857 -5.71946121714303 -1.23317808752925 -5.65084335034777
"441" 3 0 -51.99917289 -10.225837543 -11.04123820792 8.48730996946126 0.603491752585426 -10.0940393998843 -1.60654541496322 -6.65983846160105
"442" 3 0 -65.19917289 -3.125837543 -14.6060520557722 4.62436068533947 1.83566180467949 -7.47954435770729 -1.90878683106717 -7.50725444772456
"443" 1 0 -63.99917289 -24.625837543 -6.46851859185821 9.04716345071356 2.76342379772847 -9.10523309988981 -0.858941370531216 -7.11686137893016
"444" 2 0 -42.19917289 -7.025837543 -9.5311152167593 10.0702517985212 -0.074883830518909 -7.64391623220222 -1.67837151168374 -7.51360857885652
"445" 1 0 -70.09917289 -3.925837543 -14.0624739347974 4.28306877765314 2.09039784246586 -7.71384978149262 -2.30415054501633 -7.40331435339041
"446" 5 0 -59.59917289 -25.725837543 -7.46154255883938 8.63666817178337 3.60902143106576 -8.29584426471976 -1.04488626249692 -7.13238224913449
"447" 2 0 -70.09917289 7.374162457 -12.013092676262 8.23793397354483 0.148079906920374 -7.29126823753885 0.421097027069905 -6.46876992620995
"448" 1 0 -59.39917289 -1.225837543 -13.7966630775601 5.78766869018634 0.591405419606207 -7.32970633389269 -0.403674981950719 -7.34608510986286
"449" 3 0 -61.99917289 -2.225837543 -14.479715352455 5.00171773003761 1.47106524066774 -7.2011223496673 -1.28542930946819 -7.7147923625893
"450" 4 0 -60.09917289 5.374162457 -11.3279675089049 4.62897077667297 0.298858716600219 -7.23522516236453 -1.38750453999757 -6.61058088280354
"451" 4 0 -45.59917289 -6.925837543 -10.0348449681751 9.31715668796479 0.187683533866915 -7.68950159346907 -1.25915896710854 -7.10586272377021
"452" 4 0 -38.09917289 -11.425837543 -9.1057635721594 8.17876805359992 1.20486378059221 -5.6508818942903 -1.7042295305254 -6.91575400908737
"453" 5 0 -57.89917289 6.374162457 -12.0708054431846 6.92782294672012 0.623967809538889 -5.35669047258055 -1.73280867018147 -5.92803031399605
"454" 1 0 -68.09917289 -29.625837543 -2.91511252064727 9.16344672971169 3.02264800496536 -8.52533130321577 -0.236712933442642 -8.58310169184113
"455" 5 0 -49.39917289 -3.725837543 -13.4414689983387 7.47032752489676 -0.890990490293091 -8.2373894459992 1.1756778153063 -7.58452999762691
"456" 5 0 -66.99917289 -2.025837543 -14.8150724245406 3.47957482939349 2.31929011339312 -7.24755861812597 -1.7788072201458 -8.21994157431191
"457" 2 0 -69.19917289 -20.325837543 -1.62709660948049 6.71768649902093 -0.827428641619537 -7.41852049811701 -1.07753563935197 -8.30102919509049
"458" 5 0 -48.99917289 -13.625837543 -10.3728456689037 7.65978210075984 -0.0599561792342782 -8.75287866425556 -0.592518088856809 -5.85045734603097
"459" 4 0 -40.59917289 -3.925837543 -10.3836597381462 9.93316122881231 -1.00756516275057 -7.52033269832324 -0.245016338301522 -8.10024611899713
"460" 2 0 -64.89917289 9.474162457 -10.3210853241934 9.63258468554563 -0.189008131241562 -7.25485477257029 -1.79206457743301 -7.35798965790597
"461" 4 0 -76.09917289 4.074162457 -10.7183699793515 4.77464276398922 -0.0321706241949589 -6.95625770562671 -2.10225872421641 -7.30866639487335
"462" 5 0 -41.09917289 -20.825837543 -9.21924341426949 8.12478045810141 1.83216666967155 -7.09360806779092 -1.49491033244134 -6.32726728534122
"463" 2 0 -72.79917289 -7.925837543 -12.1598310370198 6.40009567059593 1.40565628157594 -8.47661121602164 -2.10452502940716 -6.09156680483229
"464" 5 0 -51.69917289 1.774162457 -13.1736261119058 6.02373314789082 0.410744599547959 -7.40448232858394 0.633805216719948 -6.59987065533238
"465" 1 0 -60.09917289 -0.625837542999999 -13.4375575329248 6.07272978217742 0.643731263524301 -7.06481114916375 -0.658802859620768 -7.37785771829897
"466" 5 0 -76.99917289 3.774162457 -19.9364615615851 -0.348471460963748 1.62417470579674 -10.2573151100293 2.71285742599021 -9.36237235376107
"467" 3 0 -67.19917289 -2.825837543 -14.5232440144414 3.83428159809641 2.25654483149212 -7.32761596464817 -2.0479368585347 -7.90483681053254
"468" 1 0 -63.69917289 -26.925837543 -5.94384266078569 9.60646059259352 3.35555041292659 -8.90031632328398 -0.693801497846573 -7.58540274859208
"469" 3 0 -74.39917289 -8.625837543 -11.775145847517 7.39786283765308 1.44338997597175 -7.8292815535018 -2.63680973583457 -6.93235379856372
"470" 2 0 -45.59917289 -9.125837543 -9.67985926608921 8.81304457576176 -0.089801490944555 -8.35049484432812 -0.972458454153158 -7.09485787313079
"471" 4 0 -51.09917289 -22.525837543 -8.86936489568619 6.88102554693637 2.36805401143574 -8.63897141577053 -1.73198750453244 -6.63524427333447
"472" 1 0 -60.29917289 -10.625837543 -10.4258569941739 8.06867410704823 0.469244975832134 -9.31051001758049 -0.678974951341541 -6.37306905747924
"473" 5 0 -49.49917289 -22.325837543 -8.34261732483872 6.546222689592 1.9345052655407 -8.97007998588034 -1.75891446390569 -6.48910416956472
"474" 4 0 -59.99917289 -15.325837543 -9.60382516188597 8.50418211056656 1.10828107721738 -9.01158986501129 -1.3482908562572 -7.03199737701727
"475" 1 0 -62.59917289 -14.125837543 -9.98740612136621 8.36887357336754 1.15576954931805 -8.9266266721658 -1.95258251952953 -6.78451643379841
"476" 5 0 -63.49917289 -23.125837543 -7.34336416883506 9.26694792958115 3.02729276834252 -9.0726796799557 -1.01675696383951 -6.87564403844843
"477" 1 0 -68.09917289 -11.125837543 -11.1273620392434 7.61690358165458 1.28044680731793 -8.29102618941402 -1.62633223214471 -6.12555183540836
"478" 2 0 -65.99917289 -5.825837543 -13.4384040310525 5.82381198191456 1.0563579124005 -8.32199024597855 -1.62433405914435 -6.41330809471787
"479" 5 0 -51.89917289 -11.125837543 -10.7877322832228 9.04435141091855 0.596922414040545 -9.65268104404841 -1.60882465216481 -6.8062322752443
"480" 1 0 -70.79917289 7.474162457 -11.8137770329347 8.24870497285848 0.0152832517278738 -7.20880026433431 -0.134850455641124 -6.65848648742566
"481" 5 0 -52.09917289 -19.025837543 -9.89793446209962 7.38328752261634 0.943619003733771 -8.7426323987233 -1.46374352375659 -6.47039749157482
"482" 5 0 -45.79917289 -4.425837543 -11.1904105330463 8.90829996574796 -0.456382923585565 -7.53975766518229 -1.02408777132424 -6.86952700038509
"483" 5 0 -67.49917289 -20.625837543 -0.121626391371048 5.60970708178113 -0.967789403975086 -8.98834945027076 -0.680175287546304 -8.69075254190174
"484" 2 0 -38.09917289 -5.925837543 -9.66863107490878 9.94340015465 -0.947242080426729 -6.67017386363121 -1.24790149717116 -7.40086313947424
"485" 3 0 -37.79917289 -4.825837543 -10.0424146326187 10.2354207173017 -0.925477851883197 -6.69247709636199 -1.44589076844405 -7.18892340203891
"486" 4 0 -63.09917289 -31.825837543 -5.36570179630873 7.34109097017533 3.5981252835076 -8.37974761820484 -0.453805906978269 -6.5843642235104
"487" 1 0 -66.39917289 -5.725837543 -13.2389106857487 5.92666173516751 1.03206001412316 -8.27158228312503 -1.83565346043116 -6.24973550827388
"488" 4 0 -75.49917289 5.374162457 -11.3595683943485 2.82567834496988 0.700893798731627 -7.45183263284361 -2.2612941247564 -7.0905345468911
"489" 4 0 -49.09917289 -25.325837543 -8.40853541151684 3.52603789186077 2.92529805934328 -7.62430495211571 -1.19492672581686 -5.41668546223026
"490" 3 0 -52.29917289 0.474162457 -13.1337074007037 5.99591754425988 0.629528180820687 -6.97853302375138 -0.292318882821285 -6.78902233935649
"491" 3 0 -61.19917289 -30.625837543 -6.39579765950602 7.63433831999634 3.92673377544922 -8.21956519017195 -0.544668717560609 -6.66099353948892
"492" 4 0 -64.69917289 -2.325837543 -15.5885078778377 3.38745808633662 2.29674143956299 -7.61306029550959 -1.389610483116 -8.61441198216577
"493" 4 0 -64.49917289 9.674162457 -9.78016166339363 9.16259020560248 -0.41995538045691 -6.55989970437135 -2.29339112579604 -7.15112579452648
"494" 5 0 -48.99917289 -16.025837543 -9.72785476928182 7.37854993444173 -0.0575317648650503 -7.73650324418069 -1.01451125530582 -5.61060600223577
"495" 4 0 -70.89917289 -32.625837543 -3.10663946289979 6.54536627822993 0.249967326429862 -7.53548575618215 0.161234557028896 -7.69425384202347
"496" 2 0 -49.39917289 -4.625837543 -12.9747729629979 7.68238138776748 -0.95883114215745 -7.81180523066719 0.926926134621523 -7.50487384715033
"497" 5 0 -46.89917289 -19.725837543 -8.84870359962142 5.05826419376632 0.632164381033393 -9.40843333398523 -1.85644205567058 -5.29980429317628
"498" 4 0 -53.09917289 -2.025837543 -12.4315848080934 7.70449700544379 -0.279409021096145 -6.78216611732462 -0.224396879027175 -6.81137640917288
"499" 4 0 -73.89917289 1.474162457 -12.904837351583 6.29190852823924 0.903650517144982 -7.40419172022713 -0.449278992429664 -6.86256266444645
"500" 2 0 -63.29917289 -12.725837543 -10.3168088855157 8.45868864207083 0.688423753063455 -8.81229012964216 -1.65795657568068 -6.65354881716151
"501" 2 0 -68.39917289 4.274162457 -14.2256096810465 6.35530730157592 0.692764585300709 -8.06522648051886 1.0453634045191 -7.20562968070687
"502" 5 0 -75.09917289 4.374162457 -11.4829140588858 6.44606001842048 0.430702408287757 -6.8079206874463 -1.82945759903825 -7.16343133770759
"503" 3 0 -56.29917289 -5.325837543 -13.1285130967838 6.66614833677393 1.01897668688428 -8.2061942093633 -0.445362974408398 -7.11957674318274
"504" 1 0 -67.69917289 -4.825837543 -13.4308575381973 5.34010404964994 1.3719381054969 -7.73370710449371 -1.96733611913242 -6.72105295130147
"505" 1 0 -44.69917289 -19.225837543 -8.6584381946191 7.57734531009987 0.78280439912861 -9.46276912914792 -1.6992224801503 -6.64022443479168
