"group.all" "pa" "lon" "lat" "wc2.0_bio_10m_04" "wc2.0_bio_10m_05" "wc2.0_bio_10m_13" "wc2.0_bio_10m_14"
"1" 2 1 -43.4661111 -22.5752778 224.895367340786 29.5942497253418 264 50
"2" 1 1 -40.5527778 -19.9088889 198.71825799419 28.324499130249 202 50
"3" 2 1 -42.3461111 -22.5322223 224.37537142215 31.5580005645752 169 26
"5" 3 1 -40.525 -20.2677778 201.95813180513 28.7824993133545 199 53
"6" 1 1 -43.2 -22.9 208.661170152281 30.5919399261475 183 42
"10" 1 1 -43.1236111 -22.5705556 223.962871608933 29.9217491149902 228 44
"11" 3 1 -43.2666667 -22.55 226.691885748327 30.3344993591309 258 51
"15" 3 1 -41.2458333 -20.3736111 214.785518628205 29.2537498474121 204 31
"16" 2 1 -39.3911111 -15.1972222 150.076105422685 28.3457508087158 148 89
"21" 3 1 -43 -22.4483333 230.480802557151 27.2337493896484 276 37
"22" 2 1 -43.0130556 -22.4636111 223.031153298619 25.5939998626709 296 43
"23" 1 1 -42.3513732910156 -20.9185908757245 237.684554204412 29.8465003967285 242 19
"24" 2 1 -42.5668492301758 -22.2893773330512 242.955123828067 26.0037498474121 264 30
"1239" 1 0 -45.25 -23.9166666666667 250.919964799936 29.1146545410156 308 91
"2100" 3 0 -40.75 -20.9166666666667 206.210123899847 31.7269840240479 172 38
"3100" 1 0 -39.75 -13.75 146.803610855177 27.3320007324219 160 111
"4" 2 0 -39.0833333333333 -14.25 130.823149058451 28.9467506408691 223 130
"5100" 2 0 -44.75 -22.25 243.176812908376 26.0025005340576 327 25
"6100" 2 0 -42.4166666666667 -19.25 191.737891800946 32.6609992980957 241 12
"7" 3 0 -42.9166666666667 -22.0833333333333 232.556249102492 28.599250793457 276 24
"8" 2 0 -42.75 -20.4166666666667 232.149536224712 30.8867492675781 251 17
"9" 1 0 -45.25 -22.75 222.904615958623 29.9790000915527 255 22
"10100" 3 0 -42.5833333333333 -20.5833333333333 236.268658786674 29.5844993591309 246 17
"11100" 3 0 -42.25 -22.9166666666667 213.967518732785 29.2265625 154 29
"12" 1 0 -44.5833333333333 -21.4166666666667 221.927793079421 28.7562503814697 319 18
"13" 1 0 -40.75 -20.25 206.260326281008 28.6725006103516 200 47
"14" 1 0 -42.25 -20.9166666666667 236.307758549382 29.4340000152588 239 22
"1510" 2 0 -42.4166666666667 -18.9166666666667 210.630576877809 30.5604991912842 260 16
"1610" 2 0 -42.25 -22.25 240.698231003815 26.607250213623 234 30
"17" 1 0 -40.0833333333333 -19.0833333333333 191.112777952337 31.0762500762939 179 40
"18" 3 0 -40.25 -19.5833333333333 197.130100543069 31.3964996337891 191 40
"19" 1 0 -43.25 -23.0833333333333 198.438594688945 30.9599990844727 159 41
"20" 3 0 -41.0833333333333 -19.75 198.389277204655 31.351749420166 199 29
"2110" 2 0 -41.5833333333333 -15.4166666666667 168.491793228635 28.4680004119873 188 7
"2210" 1 0 -45.25 -23.4166666666667 253.524477245173 26.8874683380127 284 49
"2310" 2 0 -43.0833333333333 -20.75 233.022223312666 29.6474990844727 257 19
"2410" 2 0 -41.25 -18.25 185.952284172365 31.6242504119873 184 21
"25" 1 0 -41.25 -16.4166666666667 182.82192334073 30.9722499847412 172 9
"26" 3 0 -40.0833333333333 -19.4166666666667 196.379878606082 31.2950000762939 186 38
"27" 1 0 -38.9166666666667 -14.0833333333333 128.814473966804 29.2579536437988 250 144
"28" 2 0 -44.25 -22.9166666666667 225.79050339855 29.4820518493652 256 40
"29" 3 0 -42.4166666666667 -22.4166666666667 238.465462305837 27.4512500762939 222 27
"30" 3 0 -39.75 -13.4166666666667 150.562728612639 25.5429992675781 117 73
"31" 1 0 -41.25 -19.25 190.62885560707 32.0314979553223 194 23
"32" 1 0 -39.9166666666667 -18.4166666666667 179.096128925182 31.0874996185303 170 55
"33" 3 0 -45.5833333333333 -23.0833333333333 244.386531694172 28.5594997406006 218 23
"34" 1 0 -43.5833333333333 -19.25 204.75001535497 27.1979999542236 313 12
"35" 1 0 -41.25 -19.9166666666667 205.908361829353 29.7942504882812 208 32
"36" 2 0 -44.75 -20.75 210.436822964215 28.3827495574951 340 17
"37" 3 0 -40.0833333333333 -17.75 175.676424798272 31.41575050354 155 43
"38" 2 0 -39.4166666666667 -17.9166666666667 165.726722703922 30.4427356719971 178 85
"39" 1 0 -41.75 -22.0833333333333 218.634917578072 31.986499786377 196 30
"40" 3 0 -40.0833333333333 -15.75 172.734610034006 30.6919994354248 135 31
"41" 1 0 -42.5833333333333 -21.4166666666667 233.670743148432 31.8657493591309 232 16
"42" 1 0 -41.0833333333333 -15.0833333333333 161.984246763207 27.8134994506836 178 14
"43" 2 0 -40.5833333333333 -16.9166666666667 180.946421179052 31.1272506713867 161 33
"44" 3 0 -40.0833333333333 -17.25 171.606461782357 31.1557502746582 149 48
"45" 3 0 -40.4166666666667 -13.4166666666667 151.140557737601 24.6490001678467 115 23
"46" 1 0 -40.9166666666667 -14.75 154.00465699459 26.94700050354 139 11
"47" 1 0 -40.4166666666667 -17.9166666666667 181.210757661777 31.8442497253418 168 35
"48" 1 0 -39.75 -14.75 150.934413660677 28.0892505645752 134 55
"49" 3 0 -40.75 -20.4166666666667 207.037472186652 28.4169998168945 197 48
"50" 3 0 -42.5833333333333 -19.4166666666667 198.955433898811 31.0235004425049 264 13
"51" 3 0 -45.25 -22.5833333333333 270.136740851199 27.28125 294 28
"52" 1 0 -44.5833333333333 -20.25 199.127796021147 29.0042495727539 322 15
"53" 1 0 -39.4166666666667 -15.4166666666667 154.663929829357 28.8519992828369 148 91
"54" 3 0 -43.0833333333333 -20.5833333333333 232.183827315176 29.919750213623 262 18
"55" 3 0 -40.25 -14.0833333333333 148.316983656686 27.0567493438721 119 19
"56" 3 0 -41.9166666666667 -21.0833333333333 234.602249865556 31.8582496643066 218 16
"57" 1 0 -40.9166666666667 -20.75 209.639174800473 29.4750003814697 187 41
"58" 3 0 -38.9166666666667 -13.75 127.507440702062 29.236665725708 239 134
"59" 1 0 -44.75 -20.4166666666667 209.40884591599 29.6075000762939 306 15
"60" 1 0 -41.75 -15.25 164.182476531163 27.9342498779297 161 5
"61" 2 0 -41.4166666666667 -18.25 188.390951770244 31.7880001068115 187 18
"62" 1 0 -41.5833333333333 -14.5833333333333 152.607093788281 28.7189998626709 87 2
"63" 1 0 -43.5833333333333 -22.25 230.948538897244 29.1504993438721 232 27
"64" 2 0 -40.75 -18.5833333333333 185.440569068582 31.6637496948242 181 29
"65" 1 0 -39.4166666666667 -14.4166666666667 139.649312432293 28.5982494354248 154 80
"66" 2 0 -40.9166666666667 -20.0833333333333 205.703444910216 27.794750213623 206 45
"67" 3 0 -43.5833333333333 -20.4166666666667 204.487935587301 26.0667495727539 304 15
"68" 1 0 -43.9166666666667 -20.75 205.987125762617 28.1650009155273 285 14
"69" 1 0 -45.0833333333333 -22.25 277.505827920314 29.7862491607666 283 21
"70" 2 0 -41.9166666666667 -19.9166666666667 220.771729324981 29.6647491455078 224 20
"71" 3 0 -41.0833333333333 -16.5833333333333 182.207132887024 30.6075000762939 167 15
"72" 3 0 -40.0833333333333 -19.25 193.911606113284 31.28125 184 40
"73" 2 0 -39.9166666666667 -16.4166666666667 164.26407652823 30.4204998016357 116 40
"74" 1 0 -39.75 -19.0833333333333 190.221762220926 31.1419467926025 174 50
"75" 3 0 -41.4166666666667 -16.25 180.787151770739 29.8759994506836 177 8
"76" 3 0 -40.0833333333333 -16.75 165.206033709756 29.6377506256104 123 50
"77" 1 0 -43.25 -20.0833333333333 220.05560036707 29.7124996185303 300 14
"78" 3 0 -45.0833333333333 -21.25 233.007163055369 29.6062507629395 296 22
"79" 1 0 -40.9166666666667 -21.0833333333333 206.527868695411 31.5105266571045 166 34
"80" 3 0 -39.5833333333333 -17.4166666666667 164.61154502989 30.8519992828369 140 63
"81" 2 0 -40.9166666666667 -18.25 182.905155585987 31.4969997406006 180 27
"82" 2 0 -42.0833333333333 -20.0833333333333 224.310029863452 28.0734996795654 239 21
"83" 2 0 -39.75 -15.5833333333333 166.366633641269 30.2527503967285 130 42
"84" 3 0 -42.4166666666667 -18.5833333333333 220.204725335159 29.0667495727539 271 16
"85" 2 0 -39.25 -16.25 156.402123199351 29.5659999847412 153 80
"86" 3 0 -40.9166666666667 -16.5833333333333 177.234024542156 29.74049949646 158 23
"87" 2 0 -40.9166666666667 -20.4166666666667 208.633533433421 27.3117504119873 201 44
"88" 3 0 -44.0833333333333 -20.4166666666667 197.85148934218 28.894250869751 301 11
"89" 1 0 -45.75 -23.25 248.798999592948 27.5497493743896 227 26
"90" 3 0 -45.0833333333333 -23.75 248.708844898378 29.2307682037354 301 88
"91" 3 0 -40.0833333333333 -14.5833333333333 157.214681028019 27.2609996795654 133 37
"92" 3 0 -39.75 -14.0833333333333 145.685913489531 28.2032508850098 142 84
"93" 2 0 -42.75 -19.5833333333333 211.833720147187 30.4147491455078 278 12
"94" 3 0 -40.25 -13.0833333333333 150.624134467074 25.7522506713867 106 22
"95" 2 0 -40.75 -15.5833333333333 163.787898795646 27.4780006408691 163 28
"96" 1 0 -42.75 -21.4166666666667 228.409292547206 31.5709991455078 240 13
"97" 2 0 -42.9166666666667 -19.4166666666667 222.213756559229 28.5284996032715 314 14
"98" 1 0 -45.75 -23.0833333333333 244.880580043823 28.5267505645752 225 26
"99" 2 0 -44.9166666666667 -23.4166666666667 236.627685587874 30.9214286804199 326 98
"100" 3 0 -43.25 -21.9166666666667 222.315387990146 28.9069995880127 251 21
"101" 3 0 -38.9166666666667 -15.25 151.183528722011 29.9153842926025 178 113
"102" 3 0 -43.4166666666667 -20.5833333333333 219.502285582413 28.6585006713867 278 16
"103" 3 0 -40.4166666666667 -15.75 168.136841091134 29.2689990997314 146 35
"104" 3 0 -40.0833333333333 -17.0833333333333 167.885736546511 29.9307498931885 145 55
"105" 3 0 -39.4166666666667 -16.9166666666667 155.555742750384 30.1720008850098 148 72
"106" 2 0 -40.0833333333333 -18.5833333333333 182.978098665511 31.3659992218018 171 43
"107" 2 0 -43.5833333333333 -21.25 202.759631900136 27.6389999389648 282 20
"108" 3 0 -44.5833333333333 -20.75 207.015425409275 28.1422500610352 338 16
"109" 1 0 -38.9166666666667 -16.25 155.89281710962 29.92799949646 194 74
"110" 2 0 -45.75 -21.9166666666667 250.909109605373 30.3369998931885 285 26
"111" 1 0 -40.4166666666667 -13.75 148.473477034645 26.3307495117188 122 15
"112" 2 0 -43.75 -21.5833333333333 210.307838854483 28.0160007476807 280 17
"113" 3 0 -42.5833333333333 -22.9166666666667 214.593578164833 30.4172840118408 175 25
"114" 2 0 -40.4166666666667 -19.4166666666667 194.576818554903 30.6805000305176 190 39
"115" 3 0 -39.9166666666667 -17.4166666666667 169.877960293932 31.1962490081787 137 51
"116" 2 0 -44.25 -19.75 188.797470229588 30.1800003051758 305 13
"117" 1 0 -44.9166666666667 -21.9166666666667 257.795785245979 30.0405006408691 292 17
"118" 3 0 -40.25 -19.9166666666667 197.853499431759 31.222843170166 194 50
"119" 3 0 -40.9166666666667 -19.75 199.197033238402 30.3355007171631 200 35
"120" 3 0 -39.5833333333333 -15.9166666666667 161.820829838958 29.4972496032715 147 54
"121" 3 0 -45.5833333333333 -23.25 251.964998012226 26.9287490844727 241 26
"122" 2 0 -39.4166666666667 -14.9166666666667 146.695408047779 29.4260005950928 140 81
"123" 2 0 -45.4166666666667 -23.9166666666667 253.134091569881 28.072078704834 314 98
"124" 3 0 -41.25 -18.5833333333333 185.660035221488 30.8649997711182 191 22
"125" 3 0 -41.9166666666667 -21.5833333333333 239.956805629055 31.5399990081787 207 18
"126" 3 0 -41.75 -20.4166666666667 216.206206940486 25.0195007324219 236 27
"127" 3 0 -44.9166666666667 -22.9166666666667 251.705028194751 28.0424995422363 237 22
"128" 2 0 -39.25 -15.5833333333333 157.547545262482 29.5562496185303 157 93
"129" 1 0 -39.0833333333333 -13.5833333333333 126.587529162018 28.6415386199951 228 134
"130" 1 0 -43.5833333333333 -19.5833333333333 198.12363897294 27.8365001678467 326 12
"131" 1 0 -44.5833333333333 -22.0833333333333 234.537997031995 26.9979991912842 314 24
"132" 2 0 -40.5833333333333 -18.4166666666667 184.769313983945 31.8285007476807 177 32
"133" 3 0 -42.25 -22.75 220.220046177863 31.3857498168945 157 31
"134" 1 0 -42.75 -21.75 233.738320242025 30.2337493896484 264 19
"135" 3 0 -40.4166666666667 -19.5833333333333 195.443876854987 31.5362491607666 192 38
"136" 2 0 -40.5833333333333 -17.0833333333333 182.679124776391 31.6712493896484 168 34
"137" 1 0 -40.25 -15.0833333333333 166.873045920844 29.1690006256104 129 35
"138" 3 0 -41.75 -19.4166666666667 199.849211736493 30.1159992218018 217 20
"139" 2 0 -43.75 -23.0833333333333 202.808018448587 31 185 46
"140" 1 0 -44.4166666666667 -21.75 231.648038832271 28.9297504425049 294 19
"141" 2 0 -39.75 -13.25 152.122988561464 25.9804992675781 109 57
"142" 3 0 -41.75 -18.75 182.222277458054 32.7075004577637 201 20
"143" 2 0 -42.4166666666667 -21.9166666666667 245.832020093409 29.7817497253418 257 21
"144" 2 0 -44.0833333333333 -20.5833333333333 203.556135158774 28.525749206543 294 15
"145" 3 0 -40.5833333333333 -14.9166666666667 164.817908068055 26.6377506256104 124 29
"146" 1 0 -42.75 -22.5833333333333 225.582326700791 31.72825050354 184 26
"147" 1 0 -39.4166666666667 -15.5833333333333 158.53691752217 29.3157501220703 142 74
"148" 1 0 -44.75 -22.75 255.628472534439 26.4419994354248 275 28
"149" 2 0 -44.0833333333333 -21.0833333333333 213.42854758606 28.2612495422363 289 14
"150" 3 0 -39.75 -18.75 183.795665221338 31.169116973877 167 50
"151" 3 0 -44.0833333333333 -21.25 214.785060912897 28.3899993896484 288 14
"152" 2 0 -42.0833333333333 -22.5833333333333 218.891255358859 31.3414993286133 175 34
"153" 1 0 -40.25 -16.9166666666667 170.299239378091 29.746000289917 138 50
"154" 2 0 -40.25 -19.0833333333333 192.297496788418 31.3134994506836 182 38
"155" 2 0 -40.4166666666667 -19.25 192.423880013295 30.7280006408691 188 38
"156" 3 0 -42.9166666666667 -19.25 223.880339590913 29.793249130249 299 12
"157" 2 0 -39.9166666666667 -16.75 160.665729381838 29.8907508850098 129 53
"158" 2 0 -40.0833333333333 -20.0833333333333 195.452862554374 31.0833339691162 192 52
"159" 1 0 -39.9166666666667 -19.75 197.32300076419 31.2549285888672 188 49
"160" 1 0 -43.4166666666667 -23.0833333333333 203.515458622326 32.1304359436035 165 46
"161" 1 0 -40.4166666666667 -20.25 201.287162441032 31.0830326080322 198 55
"162" 1 0 -43.5833333333333 -21.4166666666667 204.930866125526 27.7972507476807 298 18
"163" 1 0 -40.25 -13.25 153.864769838435 25.7175006866455 110 24
"164" 2 0 -44.5833333333333 -21.5833333333333 222.039451478865 28.3682498931885 312 19
"165" 3 0 -43.9166666666667 -20.5833333333333 206.389308801457 28.6402492523193 286 13
"166" 3 0 -40.0833333333333 -19.75 196.662922586559 31.1103076934814 190 47
"167" 3 0 -39.5833333333333 -14.5833333333333 144.918481254058 28.1132507324219 132 72
"168" 2 0 -45.75 -22.75 269.994875955327 27.9029998779297 300 32
"169" 2 0 -39.75 -17.9166666666667 171.970497227211 30.9422492980957 164 73
"170" 3 0 -40.75 -15.0833333333333 166.885835766776 28.1009998321533 150 27
"171" 2 0 -45.25 -23.5833333333333 246.647062277562 29.8293743133545 303 82
"172" 2 0 -45.4166666666667 -23.5833333333333 251.956698386159 28.221700668335 286 64
"173" 2 0 -41.9166666666667 -19.75 214.821260286675 29.9597492218018 221 19
"174" 1 0 -40.4166666666667 -15.0833333333333 168.790020117715 29.3277492523193 126 36
"175" 2 0 -42.25 -22.5833333333333 222.494579820247 31.6639995574951 172 29
"176" 1 0 -40.4166666666667 -20.0833333333333 200.929119881336 31.2000007629395 197 53
"177" 1 0 -39.0833333333333 -15.0833333333333 141.680149441395 29.5527496337891 175 121
"178" 1 0 -42.9166666666667 -18.75 236.617734552324 28.892749786377 300 13
"179" 2 0 -41.75 -20.0833333333333 217.635494511083 30.2477493286133 215 21
"180" 1 0 -39.5833333333333 -14.0833333333333 142.518770226744 27.7727508544922 140 97
"181" 3 0 -41.9166666666667 -18.4166666666667 192.217673892434 32.3552513122559 210 16
"182" 1 0 -39.9166666666667 -18.25 178.473552604404 31.2822494506836 171 60
"183" 3 0 -44.5833333333333 -21.0833333333333 222.186889736976 29.1027507781982 350 17
"184" 3 0 -39.0833333333333 -14.9166666666667 137.598200556724 29.6292819976807 186 126
"185" 2 0 -41.25 -16.5833333333333 179.304507559697 29.8312492370605 167 13
"186" 3 0 -39.4166666666667 -16.4166666666667 157.104149392578 29.8117504119873 149 71
"187" 3 0 -43.4166666666667 -20.25 214.930584678293 28.9375 296 14
"188" 1 0 -39.75 -16.9166666666667 160.256127231687 30.742000579834 140 56
"189" 1 0 -39.9166666666667 -19.4166666666667 194.394287488748 30.9852504730225 185 45
"190" 2 0 -40.4166666666667 -19.0833333333333 191.803815286934 31.3255004882812 184 36
"191" 3 0 -40.5833333333333 -19.25 191.959600487842 30.7887496948242 189 37
"192" 3 0 -41.0833333333333 -18.0833333333333 186.454997423017 31.7622489929199 180 24
"193" 3 0 -43.4166666666667 -21.5833333333333 211.220073174135 28.683500289917 278 17
"194" 3 0 -44.4166666666667 -21.4166666666667 224.579193540614 28.9792499542236 308 16
"195" 3 0 -43.0833333333333 -21.0833333333333 226.177043746355 29.4977493286133 254 18
"196" 3 0 -39.75 -17.75 170.264610150743 31.0189990997314 153 65
"197" 2 0 -41.4166666666667 -15.25 164.877377406627 28.3652496337891 181 7
"198" 3 0 -43.75 -21.0833333333333 199.800031944084 26.9362506866455 279 19
"199" 1 0 -42.75 -20.5833333333333 237.216646613954 30.1327495574951 249 19
"200" 2 0 -40.25 -15.25 169.7992992513 30.2849998474121 130 27
"201" 2 0 -41.5833333333333 -14.9166666666667 158.768522065941 29.4902496337891 128 2
"202" 1 0 -40.25 -18.25 181.840589589678 31.8662490844727 170 41
"203" 1 0 -41.5833333333333 -18.0833333333333 190.396128636497 30.835750579834 194 19
"204" 2 0 -45.9166666666667 -22.9166666666667 258.041090967528 26.6337509155273 286 33
"205" 1 0 -41.5833333333333 -14.4166666666667 146.531580712599 29.8080005645752 104 3
"206" 3 0 -43.5833333333333 -22.9166666666667 214.175787836214 32.243968963623 195 45
"207" 3 0 -40.75 -20.0833333333333 203.823666449682 28.4985008239746 203 48
"208" 1 0 -40.5833333333333 -16.4166666666667 175.33724469064 31.0612506866455 145 28
"209" 1 0 -40.75 -14.9166666666667 162.629430277602 26.976749420166 140 24
"210" 1 0 -41.4166666666667 -18.9166666666667 183.987461583708 31.8867492675781 195 21
"211" 3 0 -42.5833333333333 -20.9166666666667 235.463069094235 28.5157508850098 246 20
"212" 3 0 -39.4166666666667 -17.25 160.265625346016 30.628999710083 150 69
"213" 2 0 -43.9166666666667 -21.75 212.204339697165 26.9095001220703 283 19
"214" 1 0 -40.75 -16.5833333333333 173.135065125277 29.214750289917 147 30
"215" 2 0 -44.25 -22.25 240.308520085739 28.7169990539551 259 18
"216" 3 0 -42.25 -21.75 244.583186682445 31.8537502288818 237 19
"217" 1 0 -45.5833333333333 -23.4166666666667 251.407124838307 26.9519996643066 244 35
"218" 2 0 -40.75 -19.9166666666667 199.679056178456 29.2040004730225 202 45
"219" 2 0 -45.25 -23.0833333333333 254.363802387144 27.6742496490479 245 23
"220" 2 0 -43.0833333333333 -19.25 229.870157361385 30.5149993896484 300 11
"221" 3 0 -39.25 -16.5833333333333 155.18409649999 29.9249992370605 149 88
"222" 3 0 -42.0833333333333 -18.4166666666667 199.445670129276 32.4942512512207 219 14
"223" 1 0 -39.0833333333333 -15.75 158.591666040472 29.7197494506836 158 106
"224" 2 0 -44.0833333333333 -21.5833333333333 215.713107344545 27.8187503814697 290 17
"225" 1 0 -40.75 -19.75 196.896692509875 30.6509990692139 198 39
"226" 1 0 -40.75 -13.75 138.773139088325 29.8442497253418 116 4
"227" 2 0 -39.5833333333333 -13.25 146.449570007433 26.419750213623 116 67
"228" 3 0 -41.9166666666667 -22.9166666666667 206.281211375464 28.8173904418945 146 33
"229" 3 0 -43.0833333333333 -22.25 226.546988201059 27.8525009155273 281 34
"230" 2 0 -40.4166666666667 -20.4166666666667 202.729269883659 31.3872451782227 194 53
"231" 2 0 -41.9166666666667 -21.9166666666667 232.669399330876 28.4669990539551 220 28
"232" 2 0 -42.25 -19.4166666666667 196.95153041273 31.3652496337891 236 17
"233" 1 0 -38.75 -13.0833333333333 119.238605614702 28.9073295593262 276 81
"234" 2 0 -41.5833333333333 -22.25 211.005980243189 31.5722770690918 177 37
"235" 3 0 -39.75 -14.9166666666667 155.686759824065 28.8470001220703 129 50
"236" 1 0 -45.9166666666667 -22.5833333333333 259.569273332951 28.2912502288818 291 31
"237" 2 0 -41.75 -14.9166666666667 158.904115951075 29.1637496948242 128 2
"238" 1 0 -39.25 -13.75 132.713566105441 27.6539993286133 197 128
"239" 2 0 -41.5833333333333 -19.0833333333333 185.141070046807 32.7467498779297 198 18
"240" 2 0 -41.9166666666667 -18.9166666666667 183.497392506521 32.7845001220703 210 17
"241" 2 0 -42.75 -22.25 235.745007584374 25.8352508544922 281 30
"242" 1 0 -40.25 -15.5833333333333 169.248049343606 30.0100002288818 138 29
"243" 3 0 -42.0833333333333 -19.0833333333333 189.010672028529 32.9555015563965 220 17
"244" 1 0 -40.5833333333333 -16.5833333333333 173.12457383758 30.4220008850098 142 32
"245" 2 0 -40.0833333333333 -16.5833333333333 165.642760630552 30.0690002441406 113 43
"246" 1 0 -40.4166666666667 -16.25 175.265294970446 31.3122501373291 139 26
"247" 3 0 -41.5833333333333 -21.4166666666667 221.287153518514 32.0332489013672 193 22
"248" 3 0 -45.0833333333333 -23.5833333333333 244.53742592936 30.1416664123535 312 95
"249" 3 0 -39.0833333333333 -16.0833333333333 156.612086795269 29.5170001983643 170 88
"250" 1 0 -43.0833333333333 -23.0833333333333 191.398362041906 29.5 158 37
"251" 1 0 -39.0833333333333 -13.4166666666667 128.34699063741 28.5679893493652 231 126
"252" 2 0 -41.25 -17.75 187.49832930919 31.5707492828369 177 22
"253" 3 0 -39.25 -13.9166666666667 133.545630797961 27.6485004425049 203 132
"254" 2 0 -43.0833333333333 -22.0833333333333 231.86883018303 30.130500793457 260 25
"255" 2 0 -41.75 -15.0833333333333 160.172305467942 27.6302509307861 150 4
"256" 3 0 -42.4166666666667 -19.5833333333333 197.937053504395 31.9702491760254 239 12
"257" 3 0 -42.4166666666667 -22.75 221.585810244845 31.6410007476807 165 28
"258" 2 0 -39.0833333333333 -16.75 156.734321584449 30.1468086242676 152 87
"259" 1 0 -39.4166666666667 -13.4166666666667 139.385294656337 27.3862495422363 163 99
"260" 1 0 -40.75 -19.4166666666667 194.459389673853 31.1569995880127 192 32
"261" 1 0 -44.5833333333333 -22.9166666666667 237.495865944757 27.7224998474121 263 35
"262" 1 0 -44.0833333333333 -20.25 196.149510097763 29.5799999237061 307 13
"263" 2 0 -41.5833333333333 -21.0833333333333 223.927834816686 31.224250793457 202 23
"264" 2 0 -40.9166666666667 -16.0833333333333 168.417533767296 28.6240005493164 146 21
"265" 2 0 -39.75 -18.4166666666667 176.776132908161 30.8052139282227 172 63
"266" 3 0 -41.4166666666667 -20.0833333333333 211.662856802138 29.6429996490479 211 29
"267" 1 0 -40.0833333333333 -17.4166666666667 173.546138078663 31.4885005950928 143 41
"268" 1 0 -45.75 -21.75 251.342477860598 30.4575004577637 286 26
"269" 1 0 -40.4166666666667 -18.4166666666667 183.386977999938 31.644250869751 174 36
"270" 1 0 -40.4166666666667 -18.25 182.001698527792 31.8309993743896 172 38
"271" 3 0 -45.4166666666667 -23.4166666666667 254.016347583938 26.6319999694824 259 38
"272" 3 0 -41.4166666666667 -17.75 188.352903508422 30.9564990997314 180 20
"273" 2 0 -41.4166666666667 -19.0833333333333 186.446072000801 31.4330005645752 199 22
"274" 3 0 -38.9166666666667 -13.9166666666667 128.051709028046 29.141429901123 250 145
"275" 3 0 -42.0833333333333 -19.75 219.472771262076 29.4122505187988 233 18
"276" 3 0 -41.75 -20.5833333333333 227.359766658714 28.0832500457764 224 24
"277" 1 0 -40.4166666666667 -18.9166666666667 188.533699452758 31.2490005493164 181 37
"278" 1 0 -40.0833333333333 -15.5833333333333 168.138497896198 29.9847507476807 134 32
"279" 2 0 -42.9166666666667 -20.5833333333333 236.638058551355 30.02174949646 255 19
"280" 1 0 -39.5833333333333 -14.75 147.249360802401 27.5109996795654 137 78
"281" 2 0 -45.5833333333333 -21.75 254.584785914341 30.1735000610352 287 23
"282" 2 0 -45.5833333333333 -22.25 261.82426983433 29.6709995269775 277 24
"283" 2 0 -41.4166666666667 -18.5833333333333 186.325022195583 30.6247501373291 197 21
"284" 3 0 -43.75 -20.9166666666667 207.01347498578 28.2285003662109 278 18
"285" 2 0 -45.5833333333333 -22.75 297.153299712722 26.5667495727539 314 34
"286" 1 0 -43.0833333333333 -21.25 226.140713490818 30.793249130249 248 13
"287" 3 0 -43.9166666666667 -20.0833333333333 184.550766123388 27.6267509460449 325 15
"288" 3 0 -43.0833333333333 -19.4166666666667 226.165732638049 30.0314998626709 315 12
"289" 1 0 -39.5833333333333 -16.5833333333333 157.864722329306 30.2367496490479 143 62
"290" 3 0 -45.5833333333333 -23.75 249.741454665879 28.859691619873 302 90
"291" 1 0 -41.75 -18.0833333333333 191.542837460155 31.1324996948242 201 16
"292" 3 0 -43.4166666666667 -19.9166666666667 212.569916332102 29.6817493438721 316 15
"293" 3 0 -40.9166666666667 -13.5833333333333 134.867359504886 28.9282493591309 129 8
"294" 1 0 -41.25 -14.25 145.540441348483 30.3167495727539 120 5
"295" 3 0 -41.9166666666667 -19.5833333333333 208.577134867405 30.5809993743896 221 18
"296" 2 0 -40.9166666666667 -15.9166666666667 167.651133336216 28.6979999542236 142 21
"297" 3 0 -41.5833333333333 -18.25 189.365822330437 31.3152503967285 196 18
"298" 2 0 -41.4166666666667 -21.9166666666667 202.845759112643 32.1092491149902 165 28
"299" 3 0 -45.25 -23.25 256.896457964274 27.0454998016357 259 31
"300" 3 0 -42.75 -22.75 219.192363274589 31.429500579834 187 24
"301" 1 0 -42.0833333333333 -21.75 245.032744165707 32.2014999389648 218 17
"302" 1 0 -40.5833333333333 -17.75 181.079853925027 32.0164985656738 169 31
"303" 3 0 -42.25 -20.25 228.950125917562 29.7057495117188 238 18
"304" 3 0 -41.5833333333333 -15.5833333333333 169.977822865082 28.5872497558594 191 6
"305" 1 0 -45.0833333333333 -23.4166666666667 244.080558542274 29.5547695159912 318 83
"306" 2 0 -40.9166666666667 -18.75 186.647068270498 31.58424949646 186 26
"307" 3 0 -42.75 -18.75 236.294012449287 29.1579990386963 297 13
"308" 3 0 -39.0833333333333 -16.25 155.655559862744 29.6962375640869 188 78
"309" 1 0 -39.4166666666667 -14.0833333333333 138.701016814014 27.9290008544922 165 109
"310" 2 0 -43.9166666666667 -19.4166666666667 208.43823039123 31.1585006713867 278 9
"311" 1 0 -43.25 -21.5833333333333 218.46299485827 29.5944995880127 268 17
"312" 2 0 -39.25 -14.4166666666667 134.686358945561 28.7047500610352 186 97
"313" 2 0 -38.9166666666667 -15.75 159.937231731317 29.8303031921387 176 113
"314" 2 0 -39.75 -16.25 163.388597525532 30.0025005340576 140 40
"315" 3 0 -41.4166666666667 -14.5833333333333 153.100833434574 28.804500579834 106 3
"316" 2 0 -41.4166666666667 -14.9166666666667 158.727694443285 29.6347503662109 140 3
"317" 2 0 -43.25 -21.75 215.249042249172 28.5419998168945 269 18
"318" 1 0 -45.0833333333333 -21.0833333333333 229.388686062684 29.5060005187988 308 22
"319" 3 0 -45.9166666666667 -23.0833333333333 244.96007114377 27.7759990692139 234 29
"320" 2 0 -40.25 -14.25 150.23648419313 26.6025009155273 121 20
"321" 3 0 -40.75 -20.5833333333333 206.725012453856 29.6667499542236 190 46
"322" 1 0 -39.0833333333333 -13.25 130.31461963338 28.35325050354 218 108
"323" 2 0 -39.4166666666667 -15.0833333333333 147.706540291896 28.7644996643066 143 84
"324" 2 0 -40.9166666666667 -19.9166666666667 199.63571570416 30.2687492370605 201 39
"325" 2 0 -39.5833333333333 -13.4166666666667 145.640960403619 25.7784996032715 139 89
"326" 1 0 -41.0833333333333 -16.0833333333333 169.645353673114 28.5034999847412 154 15
"327" 2 0 -39.5833333333333 -15.0833333333333 152.440336460651 29.4222507476807 131 59
"328" 1 0 -41.5833333333333 -15.25 166.250947808977 28.3632507324219 172 6
"329" 1 0 -43.75 -21.75 216.986476267916 28.39674949646 262 18
"330" 2 0 -39.0833333333333 -16.4166666666667 155.173474436224 29.8707065582275 179 88
"331" 3 0 -44.75 -21.25 225.789759014843 29.3015003204346 334 20
"332" 1 0 -40.75 -15.75 168.38993948011 28.6762504577637 156 35
"333" 3 0 -39.25 -17.4166666666667 160.984812388505 30.3886070251465 160 73
"334" 2 0 -40.25 -18.75 186.847933120768 31.456750869751 175 39
"335" 1 0 -41.75 -18.9166666666667 181.739962747802 32.9202499389648 201 19
"336" 3 0 -40.25 -13.4166666666667 153.932356863583 25.4699993133545 113 24
"337" 3 0 -41.0833333333333 -15.25 164.249149053331 27.7679996490479 171 15
"338" 2 0 -39.5833333333333 -14.25 143.495353554738 28.6212501525879 135 77
"339" 3 0 -41.5833333333333 -16.0833333333333 176.502160892032 28.7427501678467 179 7
"340" 1 0 -41.0833333333333 -19.9166666666667 202.374918754058 30.9384994506836 202 32
"341" 3 0 -40.75 -16.0833333333333 175.456798763589 30.6227493286133 154 23
"342" 2 0 -41.9166666666667 -18.25 194.144005470691 31.6509990692139 211 15
"343" 2 0 -40.5833333333333 -15.4166666666667 166.233980627262 28.5562496185303 148 27
"344" 1 0 -43.0833333333333 -19.5833333333333 223.206681396004 28.9457492828369 328 12
"345" 1 0 -43.4166666666667 -22.75 222.013055598437 31.9347496032715 229 54
"346" 2 0 -42.9166666666667 -20.4166666666667 231.383149309663 30.8542499542236 257 16
"347" 1 0 -42.0833333333333 -19.25 191.208112473924 31.9745006561279 225 17
"348" 3 0 -39.9166666666667 -15.25 162.506837192744 29.8409996032715 130 31
"349" 3 0 -39.75 -14.4166666666667 147.67260072546 28.6717491149902 143 62
"350" 2 0 -41.25 -21.9166666666667 197.323209757836 32.0929985046387 150 29
"351" 1 0 -42.9166666666667 -22.5833333333333 224.785468985507 31.861499786377 197 32
"352" 1 0 -41.5833333333333 -21.75 214.965689521956 31.6205005645752 188 25
"353" 1 0 -41.25 -13.9166666666667 138.418585808977 28.3715000152588 121 9
"354" 1 0 -42.4166666666667 -20.5833333333333 229.523678135329 27.1357498168945 253 21
"355" 2 0 -42.75 -20.9166666666667 235.433836695172 30.398250579834 243 17
"356" 1 0 -42.25 -18.5833333333333 208.087272045797 30.1257495880127 248 17
"357" 1 0 -39.9166666666667 -13.0833333333333 153.210990900157 25.5650005340576 104 31
"358" 2 0 -39.9166666666667 -13.75 152.758631741327 25.9017505645752 127 74
"359" 1 0 -43.4166666666667 -22.9166666666667 210.869890256667 31.5764999389648 187 48
"360" 1 0 -39.25 -15.75 159.258104113647 29.4842491149902 155 89
"361" 2 0 -43.75 -20.75 207.162957865797 28.1862506866455 281 15
"362" 2 0 -44.25 -22.4166666666667 240.215501552445 30.3857498168945 253 18
"363" 1 0 -43.75 -20.25 199.121937508679 28.3107490539551 304 11
"364" 3 0 -42.0833333333333 -20.9166666666667 235.658411054765 30.894250869751 229 17
"365" 3 0 -40.4166666666667 -20.75 201.858793839832 31 183 45
"366" 1 0 -43.4166666666667 -20.4166666666667 216.998171243878 28.3729991912842 290 17
"367" 2 0 -39.75 -15.0833333333333 158.579040896889 29.5445003509521 129 41
"368" 3 0 -41.25 -15.25 163.846136595019 28.210750579834 181 8
"369" 3 0 -43.9166666666667 -23.0833333333333 203.654246846543 31.690279006958 202 49
"370" 3 0 -42.5833333333333 -20.25 226.506460370319 31.0974998474121 246 15
"371" 2 0 -43.25 -22.75 218.842894428596 31.9824504852295 204 52
"372" 2 0 -43.5833333333333 -22.75 220.468079496702 32.3170013427734 226 47
"373" 1 0 -45.0833333333333 -21.4166666666667 235.292241439395 29.6354999542236 293 19
"374" 3 0 -40.9166666666667 -20.5833333333333 208.992199310744 28.244499206543 195 43
"375" 1 0 -43.0833333333333 -20.4166666666667 229.006746754194 30.3417491912842 267 17
"376" 1 0 -38.9166666666667 -13.0833333333333 126.145409416055 28.9894466400146 243 90
"377" 2 0 -42.4166666666667 -20.25 227.652716696331 29.9249992370605 243 17
"378" 2 0 -41.0833333333333 -14.25 145.85335428684 30.3432502746582 124 4
"379" 1 0 -41.9166666666667 -19.0833333333333 185.915093783025 32.3257484436035 214 20
"380" 2 0 -42.25 -22.4166666666667 233.71841059257 29.2142505645752 204 26
"381" 2 0 -39.4166666666667 -14.75 142.349895558951 28.8969993591309 146 88
"382" 1 0 -41.4166666666667 -18.75 184.450335701215 31.5147495269775 194 21
"383" 3 0 -41.25 -20.0833333333333 209.095252430211 29.2290000915527 210 33
"384" 1 0 -43.0833333333333 -19.75 223.046336693022 29.8635005950928 315 11
"385" 1 0 -45.4166666666667 -23.75 250.987559515526 29.7684421539307 297 92
"386" 2 0 -44.4166666666667 -19.9166666666667 196.263358644521 30.2905006408691 326 14
"387" 1 0 -43.0833333333333 -21.5833333333333 225.097621730146 30.2880001068115 261 14
"388" 3 0 -45.75 -22.9166666666667 257.294410584956 27.257999420166 286 33
"389" 2 0 -40.25 -18.0833333333333 180.488885701278 31.8027496337891 167 41
"390" 2 0 -41.4166666666667 -20.9166666666667 220.706813863948 30.076000213623 200 29
"391" 2 0 -42.5833333333333 -20.75 237.825470994004 29.0047492980957 244 18
"392" 1 0 -41.25 -20.25 211.260090282797 27.8067493438721 212 36
"393" 3 0 -44.4166666666667 -19.75 200.408000330605 30.9037494659424 302 12
"394" 2 0 -42.0833333333333 -18.75 192.968996365839 32.0139999389648 223 18
"395" 1 0 -39.9166666666667 -15.4166666666667 163.726276492701 29.7894992828369 128 34
"396" 1 0 -45.25 -23.75 249.577470926729 28.1725196838379 310 92
"397" 3 0 -39.75 -14.25 147.36956921908 28.5962505340576 143 72
"398" 1 0 -39.4166666666667 -13.75 137.626613925262 27.4965000152588 166 112
"399" 2 0 -43.5833333333333 -22.5833333333333 227.762603346784 30.3864994049072 254 45
"400" 1 0 -39.9166666666667 -14.4166666666667 150.583357427978 28.4882507324219 146 48
"401" 1 0 -40.4166666666667 -16.5833333333333 167.865831946374 29.2950000762939 130 41
"402" 3 0 -41.0833333333333 -18.75 186.399824745365 30.956750869751 189 25
"403" 3 0 -41.0833333333333 -17.9166666666667 186.433519245363 31.5282497406006 178 25
"404" 2 0 -44.0833333333333 -22.4166666666667 241.548505969985 29.9957504272461 241 19
"405" 1 0 -41.25 -16.0833333333333 173.793406007279 28.8237495422363 169 11
"406" 3 0 -43.75 -20.0833333333333 192.236150603495 27.9179992675781 318 13
"407" 1 0 -42.25 -20.5833333333333 236.111714017097 28.9325008392334 236 18
"408" 3 0 -43.25 -20.9166666666667 224.974331753184 29.3929996490479 263 19
"409" 2 0 -42.5833333333333 -19.0833333333333 212.389551550235 30.1860008239746 273 15
"410" 3 0 -39.25 -14.25 134.023874123537 28.527250289917 182 106
"411" 2 0 -40.0833333333333 -13.9166666666667 148.388271834983 27.3672504425049 116 35
"412" 2 0 -42.4166666666667 -18.4166666666667 215.064901996642 31.0715007781982 251 12
"413" 2 0 -40.4166666666667 -16.75 171.584102652737 29.4064998626709 135 43
"414" 2 0 -40.25 -14.9166666666667 164.797105889205 27.601749420166 125 40
"415" 3 0 -41.5833333333333 -20.4166666666667 222.927932131373 29.150749206543 214 26
"416" 2 0 -45.0833333333333 -22.0833333333333 278.916387323741 30.25950050354 288 20
"417" 2 0 -40.9166666666667 -20.25 208.041716709374 27.9120006561279 203 44
"418" 2 0 -42.9166666666667 -19.5833333333333 220.945868001163 29.21875 310 13
"419" 3 0 -42.4166666666667 -21.75 242.128053432813 31.6380004882812 248 19
"420" 3 0 -42.25 -18.9166666666667 198.430140618238 32.3484992980957 234 14
"421" 1 0 -45.4166666666667 -22.5833333333333 283.40216242988 27.4532508850098 301 29
"422" 2 0 -39.4166666666667 -16.5833333333333 156.830494555729 30.1377506256104 147 73
"423" 2 0 -42.4166666666667 -22.25 246.971130520618 26.9512500762939 244 27
"424" 3 0 -41.4166666666667 -21.75 202.13398890883 32.5957489013672 180 26
"425" 2 0 -39.75 -17.4166666666667 166.61925026788 30.8482494354248 137 58
"426" 1 0 -40.9166666666667 -13.4166666666667 134.658172066822 28.5872497558594 129 11
"427" 3 0 -42.4166666666667 -20.75 234.129422432345 28.1159992218018 244 19
"428" 2 0 -42.9166666666667 -20.75 239.16118590121 29.6389999389648 251 20
"429" 1 0 -40.5833333333333 -18.5833333333333 185.615827576915 31.6975002288818 179 33
"430" 3 0 -39.0833333333333 -14.4166666666667 132.190409540745 28.8658332824707 211 121
"431" 1 0 -44.9166666666667 -21.25 228.165096992246 29.4400005340576 315 21
"432" 1 0 -41.9166666666667 -22.25 220.315911770803 31.4207496643066 204 32
"433" 2 0 -40.5833333333333 -14.5833333333333 153.527934189333 26.4745006561279 112 16
"434" 1 0 -43.75 -19.4166666666667 209.565789134461 30.411750793457 295 7
"435" 3 0 -41.0833333333333 -20.9166666666667 211.156726031498 31.6112499237061 180 30
"436" 2 0 -41.75 -19.0833333333333 185.160380022334 32.6117515563965 205 19
"437" 2 0 -41.25 -18.9166666666667 186.760150843013 31.3257503509521 193 22
"438" 2 0 -40.4166666666667 -13.9166666666667 145.951630351172 27.4930000305176 119 11
"439" 1 0 -41.25 -21.4166666666667 208.342962371479 32.2869987487793 174 28
"440" 2 0 -44.25 -21.0833333333333 220.706457865314 28.7817497253418 302 13
"441" 2 0 -41.9166666666667 -22.75 209.160784464896 29.8675441741943 154 35
"442" 1 0 -42.9166666666667 -19.75 222.73793174456 29.6215000152588 301 14
"443" 1 0 -41.5833333333333 -18.4166666666667 188.846144696122 31.8334999084473 197 19
"444" 1 0 -41.4166666666667 -19.75 202.949001444151 31.8632507324219 204 24
"445" 2 0 -44.4166666666667 -21.9166666666667 232.101274747443 28.1702499389648 295 20
"446" 1 0 -44.5833333333333 -22.75 251.561435306904 25.8279991149902 283 29
"447" 3 0 -43.25 -18.9166666666667 240.671595927409 30.1692504882812 287 12
"448" 3 0 -41.0833333333333 -14.9166666666667 156.447154973014 28.7544994354248 160 8
"449" 3 0 -41.9166666666667 -21.25 237.587699125409 32.3607482910156 217 17
"450" 1 0 -43.0833333333333 -18.9166666666667 235.813998375677 29.4867496490479 297 13
"451" 1 0 -39.25 -13.25 136.518038102313 27.7724990844727 184 97
"452" 3 0 -41.75 -21.0833333333333 230.063088488508 30.9042491912842 212 21
"453" 1 0 -41.9166666666667 -19.25 192.4191102639 31.4992504119873 218 19
"454" 1 0 -42.0833333333333 -19.5833333333333 211.557742756689 30.2292499542236 230 18
"455" 2 0 -39.9166666666667 -19.0833333333333 190.344188663569 31.0419998168945 178 43
"456" 2 0 -41.4166666666667 -21.5833333333333 207.045985865796 32.3675003051758 183 26
"457" 1 0 -39.25 -16.75 155.194125096079 30.0725002288818 149 85
"458" 3 0 -40.9166666666667 -16.75 179.27980698939 30.6967506408691 159 22
"459" 1 0 -44.25 -22.75 237.050571743082 27.6814994812012 258 28
"460" 1 0 -42.75 -21.25 229.173959591824 30.5114994049072 241 15
"461" 2 0 -40.75 -15.4166666666667 163.185681857543 27.6987495422363 161 20
"462" 3 0 -39.9166666666667 -13.25 154.855280742534 26.1497497558594 110 41
"463" 2 0 -40.0833333333333 -14.4166666666667 155.298426248459 26.6299991607666 127 37
"464" 3 0 -44.9166666666667 -22.0833333333333 263.065801160641 29.3322505950928 294 19
"465" 2 0 -41.5833333333333 -15.75 172.713674113077 28.4947490692139 183 6
"466" 2 0 -44.4166666666667 -21.0833333333333 221.280531336584 28.8784999847412 324 14
"467" 2 0 -39.75 -15.75 165.795228104044 30.1749992370605 133 43
"468" 1 0 -41.75 -21.5833333333333 229.116020904658 31.9230003356934 196 19
"469" 3 0 -41.5833333333333 -17.9166666666667 190.546383178227 30.816499710083 191 18
"470" 1 0 -42.25 -22.0833333333333 243.373201433254 29.2387504577637 238 24
"471" 3 0 -41.0833333333333 -21.4166666666667 203.170609698183 31.7640228271484 160 28
"472" 1 0 -44.4166666666667 -23.0833333333333 217.430081826897 31.1771430969238 270 63
"473" 2 0 -39.9166666666667 -14.75 153.795563854615 28.5067501068115 140 43
"474" 3 0 -39.25 -14.0833333333333 134.018953275162 28.0750007629395 200 123
"475" 3 0 -41.0833333333333 -16.4166666666667 181.291497484701 30.5550003051758 169 13
"476" 3 0 -40.5833333333333 -20.75 203.675668249218 31.2221794128418 179 43
"477" 1 0 -43.9166666666667 -22.25 235.174831335445 28.9152507781982 243 19
"478" 2 0 -44.0833333333333 -21.9166666666667 220.918376923143 26.757999420166 287 20
"479" 3 0 -44.25 -23.0833333333333 214.98527563791 30.7447376251221 246 54
"480" 1 0 -44.25 -22.5833333333333 235.91817379894 30.0697498321533 254 20
"481" 1 0 -42.5833333333333 -18.5833333333333 231.04574638 29.1502494812012 285 14
"482" 1 0 -40.5833333333333 -18.25 182.023658873026 31.7257499694824 175 32
"483" 3 0 -41.75 -20.75 230.096827412981 29.394250869751 218 25
"484" 2 0 -39.75 -13.0833333333333 152.017653714063 25.5202503204346 105 46
"485" 3 0 -44.5833333333333 -20.4166666666667 207.537758912949 29.5944995880127 312 15
"486" 1 0 -43.5833333333333 -22.4166666666667 231.961658986551 28.8197498321533 241 32
"487" 1 0 -43.0833333333333 -21.9166666666667 228.828734835427 29.5785007476807 265 20
"488" 2 0 -42.5833333333333 -18.9166666666667 223.099497660774 29.286750793457 284 16
"489" 1 0 -40.75 -14.25 146.461792961543 28.4537506103516 125 5
"490" 2 0 -39.5833333333333 -13.0833333333333 148.136721199821 26.566499710083 109 58
"491" 3 0 -41.5833333333333 -18.9166666666667 183.672523017382 32.6399993896484 197 19
"492" 3 0 -39.75 -15.9166666666667 166.271427988993 30.3592491149902 138 42
"493" 1 0 -39.5833333333333 -18.25 172.469465471984 30.5111103057861 184 79
"494" 1 0 -40.0833333333333 -15.25 165.597672539398 29.6187496185303 131 29
"495" 2 0 -42.75 -19.75 215.744902833296 30.2115001678467 278 15
"496" 3 0 -39.4166666666667 -16.75 155.925846811085 30.2294998168945 147 73
"497" 1 0 -40.75 -18.75 185.950352958212 31.5669994354248 183 30
"498" 2 0 -42.9166666666667 -22.9166666666667 210.886550398527 31.1229362487793 187 23
"499" 1 0 -42.25 -19.0833333333333 194.068871947871 32.5974998474121 231 14
"500" 3 0 -45.0833333333333 -22.75 224.91558168542 30.1704998016357 248 22
"501" 3 0 -39.75 -17.0833333333333 161.74499641463 30.6277503967285 142 60
"502" 1 0 -41.5833333333333 -19.9166666666667 210.006858748974 30.6784992218018 210 22
"503" 2 0 -41.5833333333333 -14.75 156.53219429806 29.0830001831055 90 2
"504" 1 0 -40.75 -15.9166666666667 168.852788720897 29.0402507781982 147 30
"505" 1 0 -45.25 -21.25 240.787533105276 29.8392505645752 283 22
"506" 1 0 -43.5833333333333 -21.75 215.214261878375 28.4527492523193 257 17
"507" 2 0 -41.75 -19.75 208.559458185376 30.9965000152588 212 20
"508" 1 0 -42.4166666666667 -21.0833333333333 237.652796813679 31.5405006408691 256 18
"509" 3 0 -42.4166666666667 -19.0833333333333 202.407814539801 30.9519996643066 254 15
"510" 1 0 -45.9166666666667 -22.75 284.494075110964 25.9060001373291 324 34
"511" 2 0 -44.5833333333333 -23.4166666666667 225.329811580546 30.3095245361328 286 94
"512" 2 0 -43.9166666666667 -22.0833333333333 228.952974410665 28.3602504730225 252 18
"513" 2 0 -41.75 -21.4166666666667 230.597774792618 32.1209983825684 201 20
"514" 2 0 -43.75 -21.9166666666667 216.675937395133 27.6067504882812 259 18
"515" 1 0 -42.4166666666667 -21.4166666666667 240.988344227884 32.0009994506836 246 21
"516" 2 0 -39.25 -17.0833333333333 156.279420336785 30.1603927612305 152 76
"517" 3 0 -44.9166666666667 -21.75 231.398786284682 29.3032493591309 304 18
"518" 3 0 -43.5833333333333 -19.9166666666667 195.590173090417 27.8062496185303 327 18
"519" 1 0 -41.0833333333333 -15.9166666666667 169.034553350813 28.6712493896484 154 14
"520" 3 0 -41.4166666666667 -14.25 143.877851484056 29.9780006408691 115 5
"521" 1 0 -44.4166666666667 -20.0833333333333 194.799346372691 29.6240005493164 333 15
"522" 1 0 -41.4166666666667 -14.75 156.604575316855 29.25950050354 116 3
"523" 1 0 -40.4166666666667 -14.5833333333333 157.977665835308 26.2407493591309 108 20
"524" 1 0 -44.75 -21.9166666666667 237.333854117031 28.6132507324219 304 19
"525" 3 0 -39.4166666666667 -13.9166666666667 138.810106991279 27.2889995574951 179 118
"526" 2 0 -40.9166666666667 -19.4166666666667 192.886254170143 30.7075004577637 195 32
"527" 1 0 -43.0833333333333 -22.9166666666667 205.996435823287 30.5669612884521 183 26
"528" 2 0 -43.5833333333333 -20.0833333333333 196.39187342766 26.6782493591309 321 18
"529" 1 0 -40.0833333333333 -19.5833333333333 198.8217901148 31.3955001831055 189 43
"530" 3 0 -44.4166666666667 -22.0833333333333 234.13958499135 27.4594993591309 299 22
"531" 1 0 -39.0833333333333 -13.9166666666667 129.428073617283 28.9783878326416 231 141
"532" 2 0 -40.5833333333333 -16.0833333333333 177.256332029614 31.2854995727539 149 23
"533" 1 0 -40.5833333333333 -14.25 148.926524254783 27.0827503204346 125 9
"534" 3 0 -43.25 -19.75 220.290604415397 29.574499130249 327 12
"535" 2 0 -44.75 -22.5833333333333 241.9977964961 29.5307502746582 265 24
"536" 3 0 -42.25 -21.25 240.625015911756 31.4787502288818 251 20
"537" 1 0 -39.9166666666667 -19.25 193.807963092077 31.1907501220703 182 45
"538" 2 0 -44.25 -21.25 219.694024423453 28.4769992828369 301 13
"539" 3 0 -39.9166666666667 -19.5833333333333 196.776444659058 31.1909313201904 187 49
"540" 3 0 -39.0833333333333 -16.9166666666667 158.500104994182 30.4446430206299 148 79
"541" 2 0 -43.9166666666667 -22.4166666666667 240.779674914358 29.4549999237061 241 21
"542" 1 0 -42.9166666666667 -21.0833333333333 230.365744546988 31.2320003509521 238 14
"543" 2 0 -44.0833333333333 -20.0833333333333 186.431472376292 29.1515007019043 320 15
"544" 2 0 -41.9166666666667 -22.4166666666667 216.578751633566 31.2137832641602 194 37
"545" 1 0 -41.9166666666667 -20.25 226.250082028564 29.5289993286133 223 21
"546" 1 0 -43.9166666666667 -19.25 210.295883206602 30.6065006256104 274 8
"547" 2 0 -42.25 -19.75 214.46914607817 30.77174949646 232 14
"548" 1 0 -44.4166666666667 -21.5833333333333 227.910601146397 28.9015007019043 300 18
"549" 3 0 -43.75 -22.75 221.122526323699 32.2897491455078 220 40
"550" 3 0 -42.4166666666667 -19.9166666666667 216.92341147626 31.1317501068115 240 13
"551" 2 0 -40.4166666666667 -14.75 164.715446452992 26.1389999389648 108 29
"552" 1 0 -41.9166666666667 -22.5833333333333 216.080330951791 31.1086196899414 181 36
"553" 1 0 -44.5833333333333 -20.0833333333333 198.9254454699 29.8514995574951 325 14
"554" 3 0 -45.0833333333333 -22.4166666666667 267.222378274332 27.1504993438721 302 25
"555" 1 0 -42.25 -19.25 190.994948343459 32.7584991455078 230 14
"556" 1 0 -41.75 -15.5833333333333 171.772001906348 28.9845008850098 183 5
"557" 2 0 -40.75 -18.25 183.357598806501 31.7762489318848 177 28
"558" 1 0 -39.0833333333333 -15.4166666666667 152.93390980279 29.5625 173 116
"559" 2 0 -40.0833333333333 -14.25 154.309458900476 26.2700004577637 123 39
"560" 1 0 -40.5833333333333 -13.4166666666667 142.15844222103 27.0165004730225 117 12
"561" 3 0 -39.9166666666667 -15.9166666666667 170.389322576331 30.5494995117188 131 35
"562" 1 0 -40.9166666666667 -16.4166666666667 179.628467434485 30.6975002288818 165 20
"563" 3 0 -43.0833333333333 -19.9166666666667 223.247900353235 29.8715000152588 306 14
"564" 1 0 -40.25 -16.0833333333333 174.485464587964 31.5692501068115 135 22
"565" 1 0 -41.4166666666667 -19.5833333333333 200.189103219839 31.9287490844727 201 22
"566" 1 0 -42.9166666666667 -21.5833333333333 227.226957502467 30.1807498931885 256 15
"567" 3 0 -41.4166666666667 -20.75 219.367657891291 31.1184997558594 198 25
"568" 1 0 -44.75 -23.0833333333333 240.523107731965 27.6232051849365 276 49
"569" 1 0 -40.5833333333333 -19.0833333333333 190.906851164887 31.464750289917 185 33
"570" 2 0 -39.9166666666667 -15.5833333333333 166.565587173503 29.7099990844727 132 39
"571" 2 0 -44.5833333333333 -22.5833333333333 236.059887929496 29.7744998931885 268 24
"572" 2 0 -41.9166666666667 -18.0833333333333 193.898056707445 31.5979995727539 208 14
"573" 2 0 -44.5833333333333 -22.4166666666667 242.997149261353 27.1714992523193 295 26
"574" 2 0 -41.0833333333333 -14.5833333333333 151.885906469706 29.4992504119873 136 5
"575" 1 0 -43.25 -21.4166666666667 221.294727753283 30.2584991455078 261 14
"576" 1 0 -39.5833333333333 -17.9166666666667 168.77164621912 30.6772499084473 172 86
"577" 2 0 -42.9166666666667 -19.0833333333333 228.772540290218 29.871000289917 297 12
"578" 1 0 -41.4166666666667 -16.4166666666667 183.870026716781 30.4675006866455 174 8
"579" 1 0 -40.75 -13.4166666666667 138.456696484403 28.9482498168945 118 8
"580" 1 0 -42.5833333333333 -19.9166666666667 215.071335385718 32.3465003967285 244 11
"581" 3 0 -39.75 -15.4166666666667 161.669184909211 29.28125 131 45
"582" 3 0 -39.9166666666667 -14.0833333333333 148.755341731809 28.3509998321533 142 67
"583" 1 0 -39.9166666666667 -18.9166666666667 187.895512505191 31.1240005493164 174 45
"584" 3 0 -40.25 -20.0833333333333 199.041878807237 31.2562675476074 195 56
"585" 1 0 -45.4166666666667 -23.0833333333333 246.026116829457 27.9857501983643 225 21
"586" 3 0 -42.4166666666667 -19.75 207.674095187988 31.6840000152588 238 12
"587" 1 0 -40.25 -19.25 194.046398430015 31.2767505645752 185 37
"588" 3 0 -40.25 -18.4166666666667 183.717213366028 31.7077503204346 172 39
"589" 2 0 -45.9166666666667 -22.25 249.112316316517 30.1247501373291 268 28
"590" 3 0 -40.4166666666667 -14.25 151.01690522805 26.925500869751 124 14
"591" 3 0 -40.25 -16.25 169.552834152373 30.507999420166 128 31
"592" 2 0 -41.5833333333333 -19.4166666666667 200.296850143183 30.0827503204346 211 21
"593" 2 0 -40.75 -13.9166666666667 141.109522078718 29.867000579834 119 4
"594" 1 0 -41.25 -14.9166666666667 157.33499775886 29.7049999237061 151 5
"595" 2 0 -41.0833333333333 -18.25 183.720908594636 31.6187496185303 182 24
"596" 3 0 -39.9166666666667 -14.9166666666667 157.736593088072 28.3619995117188 136 41
"597" 2 0 -41.0833333333333 -14.0833333333333 142.1442309048 30.6327495574951 124 5
"598" 3 0 -44.0833333333333 -22.9166666666667 221.806042274249 29.3485641479492 242 37
"599" 1 0 -40.5833333333333 -18.0833333333333 182.69867411464 31.7217502593994 174 33
"600" 3 0 -39.25 -13.0833333333333 141.006420633171 27.8325004577637 155 79
"601" 2 0 -44.4166666666667 -20.9166666666667 211.268193541494 28.1380004882812 330 15
"602" 3 0 -43.25 -20.4166666666667 225.143289792438 30.0820007324219 274 15
"603" 2 0 -43.5833333333333 -20.25 201.195888190245 26.3740005493164 312 14
"604" 2 0 -44.25 -23.25 215.095423564943 30.9303569793701 242 58
"605" 2 0 -41.0833333333333 -16.75 181.435448638782 30.4549999237061 163 18
"606" 2 0 -40.75 -17.75 182.428601646238 32.0455017089844 172 29
"607" 1 0 -42.4166666666667 -18.75 219.820822771457 29.3064994812012 273 17
"608" 3 0 -42.0833333333333 -20.4166666666667 228.876694592816 27.8852500915527 238 23
"609" 1 0 -42.0833333333333 -22.75 215.885073338957 30.9004993438721 158 33
"610" 1 0 -39.5833333333333 -16.75 154.497859501367 30.0524997711182 143 63
"611" 3 0 -42.5833333333333 -22.0833333333333 244.218902312695 28.1282501220703 264 25
"612" 2 0 -43.25 -20.25 222.42859056949 29.951000213623 285 14
"613" 1 0 -43.9166666666667 -21.9166666666667 218.797143339167 27.193000793457 272 19
"614" 2 0 -41.0833333333333 -14.75 153.649060681613 28.4680004119873 144 7
"615" 1 0 -43.75 -19.9166666666667 187.71718817603 29.1402492523193 321 14
"616" 1 0 -39.25 -13.5833333333333 132.733342684935 27.6254997253418 198 125
"617" 3 0 -39.9166666666667 -17.75 172.956297885529 31.2662506103516 151 55
"618" 1 0 -42.0833333333333 -21.5833333333333 248.903801779154 32.0400009155273 223 18
"619" 1 0 -39.75 -18.25 174.166412251831 30.7455005645752 178 72
"620" 1 0 -41.25 -19.75 200.29687003374 31.3812503814697 202 27
"621" 3 0 -42.75 -21.5833333333333 231.375572041758 30.8567504882812 245 16
"622" 3 0 -38.9166666666667 -15.9166666666667 158.428573424452 29.8516006469727 170 107
"623" 3 0 -40.5833333333333 -14.4166666666667 152.057338134501 26.8815002441406 119 12
"624" 1 0 -43.75 -19.75 189.850788096242 29.7097492218018 312 11
"625" 3 0 -39.5833333333333 -14.9166666666667 151.477498733305 29.2845001220703 128 61
"626" 2 0 -42.25 -18.75 205.214467063697 30.5287494659424 245 17
"627" 1 0 -41.75 -18.25 191.621341955365 31.956750869751 201 16
"628" 1 0 -40.9166666666667 -17.9166666666667 184.341813644225 31.7670001983643 176 27
"629" 3 0 -40.9166666666667 -13.9166666666667 139.552364634703 30.3010005950928 124 4
"630" 1 0 -40.4166666666667 -15.25 169.391117576716 30.101749420166 128 27
"631" 2 0 -40.0833333333333 -13.25 155.887645594697 26.236499786377 110 29
"632" 3 0 -40.0833333333333 -16.9166666666667 165.643991440391 29.4467506408691 133 55
"633" 2 0 -40.0833333333333 -13.0833333333333 152.781230548764 26.2437496185303 106 21
"634" 3 0 -39.9166666666667 -15.0833333333333 161.157173307905 29.3842506408691 133 33
"635" 1 0 -43.9166666666667 -21.5833333333333 207.865088503621 27.1777496337891 287 18
"636" 3 0 -44.0833333333333 -20.75 209.293837522023 28.6224994659424 290 15
"637" 1 0 -44.0833333333333 -19.75 184.694330164141 30.2387504577637 302 12
"638" 2 0 -45.5833333333333 -21.5833333333333 254.963685866909 30.3120002746582 276 22
"639" 2 0 -44.0833333333333 -19.9166666666667 183.549969203527 29.863000869751 320 13
"640" 1 0 -41.4166666666667 -21.4166666666667 212.643407090021 32.0082511901855 185 25
"641" 1 0 -40.9166666666667 -18.5833333333333 186.15988293773 31.2660007476807 184 26
"642" 1 0 -40.0833333333333 -16.25 166.085943624026 30.3610000610352 122 31
"643" 2 0 -38.9166666666667 -12.9166666666667 133.13039264993 28.8785171508789 217 72
"644" 1 0 -39.5833333333333 -15.75 160.990478069509 28.847749710083 139 57
"645" 1 0 -44.4166666666667 -22.25 241.427651632247 27.2137508392334 285 21
"646" 3 0 -41.9166666666667 -23.0833333333333 200.276665958176 28.0499992370605 148 34
"647" 3 0 -43.4166666666667 -21.75 212.809699175365 28.2787494659424 264 18
"648" 1 0 -39.75 -17.25 164.242108845313 30.8945007324219 140 59
"649" 2 0 -41.25 -14.5833333333333 153.740852613947 29.6000003814697 126 4
"650" 2 0 -41.9166666666667 -20.4166666666667 227.462627450266 28.3332500457764 228 22
"651" 1 0 -41.75 -22.4166666666667 211.605578640642 31.1025981903076 198 42
"652" 3 0 -44.25 -21.5833333333333 220.985063018846 28.2832508087158 296 16
"653" 3 0 -40.9166666666667 -14.9166666666667 160.425651287282 27.20924949646 156 16
"654" 1 0 -39.5833333333333 -14.4166666666667 144.705194229457 28.4740009307861 136 74
"655" 2 0 -39.0833333333333 -12.9166666666667 142.638149774295 28.3642501831055 171 77
"656" 3 0 -41.0833333333333 -21.75 196.832804208436 32.2142066955566 150 28
"657" 2 0 -41.25 -18.0833333333333 187.084591518607 30.8507499694824 183 23
"658" 3 0 -39.9166666666667 -15.75 170.070772612185 30.382999420166 133 37
"659" 3 0 -42.5833333333333 -20.0833333333333 219.806811052218 32.0692481994629 245 13
"660" 1 0 -40.5833333333333 -13.9166666666667 144.674098071484 29.5737495422363 122 6
"661" 2 0 -39.5833333333333 -13.9166666666667 142.187475528144 27.2042503356934 163 111
"662" 2 0 -41.75 -20.9166666666667 230.433713442357 29.769250869751 217 24
"663" 3 0 -44.4166666666667 -20.25 195.513613199733 28.6762504577637 327 16
"664" 2 0 -40.5833333333333 -17.9166666666667 182.059709058358 31.7614994049072 171 33
"665" 2 0 -44.0833333333333 -22.75 235.462515679425 29.1912498474121 245 25
"666" 2 0 -39.5833333333333 -15.5833333333333 162.284098513225 29.5947494506836 131 56
"667" 3 0 -42.75 -19.9166666666667 217.392548660489 31.4645004272461 263 13
"668" 1 0 -41.4166666666667 -15.75 168.786588622268 28.1767501831055 176 6
"669" 2 0 -40.25 -13.9166666666667 147.800688378656 27.0540008544922 113 18
"670" 3 0 -43.9166666666667 -21.0833333333333 205.672862757134 27.6770000457764 282 16
"671" 1 0 -41.5833333333333 -18.75 182.649809057619 32.064998626709 198 21
"672" 3 0 -40.5833333333333 -19.5833333333333 194.531633866486 31.46875 193 37
"673" 3 0 -40.9166666666667 -14.25 144.834331725207 29.4747505187988 126 4
"674" 3 0 -42.75 -19.4166666666667 219.200506776029 28.3512496948242 301 16
"675" 1 0 -41.75 -21.9166666666667 222.8522355425 31.5602493286133 196 26
"676" 2 0 -41.5833333333333 -20.0833333333333 215.025389827034 29.7177505493164 214 25
"677" 3 0 -42.75 -19.25 214.885403425077 30.2662506103516 285 13
"678" 2 0 -40.4166666666667 -18.0833333333333 181.998370628112 31.8367500305176 170 36
"679" 3 0 -40.0833333333333 -16.0833333333333 174.306477906966 31.7439994812012 131 24
"680" 2 0 -45.25 -21.4166666666667 242.214543945898 29.6940002441406 284 21
"681" 1 0 -43.75 -19.25 213.541755373125 29.9610004425049 287 6
"682" 2 0 -40.0833333333333 -15.9166666666667 174.880722876576 31.4545001983643 132 27
"683" 3 0 -41.4166666666667 -15.5833333333333 167.92205259842 28.6560001373291 191 7
"684" 3 0 -40.5833333333333 -15.0833333333333 167.023624762012 28.1787490844727 133 33
"685" 1 0 -39.25 -14.75 137.678732931215 29.5382499694824 178 108
"686" 3 0 -44.75 -20.5833333333333 206.609347834001 28.6237506866455 318 16
"687" 2 0 -45.4166666666667 -22.4166666666667 267.606435559854 28.9605007171631 275 23
"688" 1 0 -39.4166666666667 -13.25 141.923136371204 27.2827491760254 136 83
"689" 1 0 -42.0833333333333 -22.4166666666667 223.853484621141 30.6712493896484 195 32
"690" 3 0 -42.9166666666667 -23.0833333333333 205.187918313688 31.2999992370605 168 24
"691" 1 0 -41.25 -20.9166666666667 214.20839018743 30.8540000915527 190 29
"692" 2 0 -41.4166666666667 -19.4166666666667 198.529768912809 30.3034992218018 206 24
"693" 1 0 -40.75 -15.25 166.431696046927 28.4950008392334 142 24
"694" 2 0 -40.5833333333333 -13.75 140.869328236543 27.9047508239746 121 8
"695" 1 0 -39.25 -15.25 148.349771938525 29.0779991149902 156 105
"696" 2 0 -40.9166666666667 -18.9166666666667 188.196098028 30.20924949646 191 29
"697" 2 0 -43.4166666666667 -21.25 216.093618442881 29.7037506103516 266 18
"698" 1 0 -39.5833333333333 -17.25 162.330024377564 30.7497501373291 143 63
"699" 1 0 -42.4166666666667 -21.25 237.209632211458 31.3489990234375 254 20
"700" 2 0 -43.25 -20.5833333333333 226.856431112706 29.5197505950928 270 17
"701" 2 0 -40.25 -14.5833333333333 160.190342411688 25.6774997711182 115 26
"702" 1 0 -41.75 -22.75 199.742279057454 28.7000007629395 156 47
"703" 1 0 -43.5833333333333 -21.9166666666667 216.394119096645 28.214750289917 243 18
"704" 2 0 -39.0833333333333 -15.5833333333333 157.936753543899 29.683500289917 169 109
"705" 1 0 -41.4166666666667 -22.0833333333333 204.184910153448 31.3102493286133 155 31
"706" 3 0 -42.9166666666667 -21.25 227.906090519331 31.2777500152588 242 13
"707" 3 0 -42.75 -22.9166666666667 212.830809078182 30.4030303955078 186 23
"708" 1 0 -43.5833333333333 -22.0833333333333 227.332425924093 29.2207508087158 223 20
"709" 3 0 -43.25 -22.0833333333333 229.72346942066 29.9039993286133 251 26
"710" 3 0 -44.25 -20.75 204.831417469076 27.8959999084473 311 16
"711" 2 0 -45.25 -21.9166666666667 264.757455432808 30.2617492675781 301 18
"712" 3 0 -42.9166666666667 -22.75 219.323056325203 32.0065002441406 189 28
"713" 1 0 -40.75 -20.75 207.53118923279 31.1707077026367 181 42
"714" 2 0 -40.5833333333333 -15.75 169.935209161407 29.5060005187988 152 34
"715" 2 0 -42.4166666666667 -21.5833333333333 242.486024472337 31.6607494354248 248 20
"716" 1 0 -39.4166666666667 -14.5833333333333 140.608439434827 28.4492492675781 154 89
"717" 2 0 -41.5833333333333 -20.25 219.249775268636 29.16575050354 216 27
"718" 2 0 -39.5833333333333 -13.75 141.939655588993 27.3824996948242 156 109
"719" 3 0 -42.75 -21.0833333333333 231.122314447211 30.9755001068115 240 15
"720" 3 0 -40.75 -19.5833333333333 195.177865370836 31.5954990386963 193 33
"721" 3 0 -44.75 -21.5833333333333 224.162631487583 29.0197505950928 311 18
"722" 2 0 -45.5833333333333 -21.9166666666667 255.8826752678 30.0594997406006 290 23
"723" 1 0 -41.4166666666667 -16.0833333333333 176.267264746869 28.8985004425049 177 8
"724" 2 0 -45.4166666666667 -22.0833333333333 258.296527676361 28.6877498626709 301 22
"725" 2 0 -39.5833333333333 -16.25 161.279583021326 29.7567501068115 150 53
"726" 2 0 -43.0833333333333 -19.0833333333333 231.423341352044 29.443000793457 303 12
"727" 3 0 -44.9166666666667 -23.0833333333333 252.762507816019 27.1875 247 27
"728" 3 0 -44.0833333333333 -21.75 216.78833289242 27.2689990997314 291 18
"729" 3 0 -40.4166666666667 -15.4166666666667 170.205730410289 30.1944999694824 134 25
"730" 3 0 -39.75 -13.9166666666667 146.012726224029 27.2520008087158 145 102
"731" 1 0 -42.25 -21.9166666666667 242.707343148639 30.9834995269775 238 20
"732" 3 0 -44.4166666666667 -22.9166666666667 230.380510663641 28.79909324646 266 40
"733" 2 0 -44.9166666666667 -22.75 243.402199194998 28.7032508850098 247 22
"734" 3 0 -41.5833333333333 -20.5833333333333 223.6558419361 29.9047508239746 210 25
"735" 1 0 -40.75 -13.5833333333333 137.840020947047 29.2397499084473 119 7
"736" 1 0 -40.9166666666667 -17.75 184.711195203354 31.982250213623 174 26
"737" 3 0 -43.5833333333333 -18.9166666666667 220.301010352358 28.8819999694824 284 15
"738" 2 0 -41.4166666666667 -14.0833333333333 141.493868610356 31.0152492523193 113 4
"739" 3 0 -38.5833333333333 -13.0833333333333 114.863014620827 29.2266674041748 301 80
"740" 2 0 -40.25 -19.75 197.135079913809 31.2689990997314 193 44
"741" 2 0 -43.0833333333333 -18.75 236.609014355302 29.2329998016357 294 13
"742" 3 0 -42.25 -18.25 204.268706514729 29.9287490844727 240 13
"743" 2 0 -42.75 -19.0833333333333 219.518321426769 30.8735008239746 278 12
"744" 2 0 -42.0833333333333 -19.9166666666667 222.77850513662 28.6415004730225 238 19
"745" 3 0 -44.9166666666667 -20.9166666666667 217.252620681231 28.7197494506836 344 20
"746" 3 0 -40.25 -17.9166666666667 178.764695846409 31.6119995117188 164 40
"747" 3 0 -40.9166666666667 -15.0833333333333 163.007940981329 27.6812496185303 165 23
"748" 3 0 -43.75 -21.25 198.296740727896 27.175500869751 277 19
"749" 1 0 -43.4166666666667 -19.4166666666667 214.491356283988 28.5074996948242 324 15
"750" 1 0 -39.75 -18.9166666666667 187.284120805559 31.2260265350342 171 49
"751" 3 0 -41.5833333333333 -21.5833333333333 216.897042484115 31.7119998931885 191 23
"752" 3 0 -42.25 -21.5833333333333 248.709795224372 32.1162490844727 244 20
"753" 3 0 -45.4166666666667 -21.9166666666667 257.541864350439 29.6052494049072 302 20
"754" 2 0 -41.0833333333333 -20.0833333333333 206.51879264585 29.8087501525879 204 35
"755" 3 0 -41.4166666666667 -21.0833333333333 218.50476488788 31.0855007171631 193 26
"756" 2 0 -42.0833333333333 -21.0833333333333 238.77222578429 31.5757503509521 234 17
"757" 3 0 -40.5833333333333 -16.75 171.91507275253 28.9650001525879 144 38
"758" 3 0 -45.5833333333333 -23.5833333333333 254.926327838915 26.5652503967285 281 59
"759" 2 0 -40.4166666666667 -19.9166666666667 199.457571529011 30.5727500915527 196 49
"760" 3 0 -40.25 -13.75 151.539720396406 26.349250793457 123 23
"761" 1 0 -42.9166666666667 -18.9166666666667 231.467944535619 28.8420009613037 301 14
"762" 1 0 -40.9166666666667 -20.9166666666667 209.03182361327 31.7474994659424 173 37
"763" 1 0 -39.5833333333333 -17.0833333333333 161.014091779068 30.7320003509521 145 62
"764" 2 0 -42.0833333333333 -20.25 228.979656503513 29.0949993133545 233 20
"765" 3 0 -40.4166666666667 -16.9166666666667 173.815744243095 29.849250793457 148 44
"766" 2 0 -43.9166666666667 -19.75 189.196924361575 30.7397499084473 301 11
"767" 1 0 -41.0833333333333 -14.4166666666667 148.752693718843 30.0375003814697 131 4
"768" 3 0 -42.75 -20.0833333333333 220.910226649558 31.9009990692139 255 13
"769" 2 0 -44.25 -19.9166666666667 191.052528207217 30.4232501983643 319 13
"770" 1 0 -41.25 -20.75 214.778437883768 31.9657497406006 190 26
"771" 1 0 -39.9166666666667 -16.5833333333333 160.627770073011 30.0604991912842 119 48
"772" 3 0 -43.25 -22.4166666666667 219.69159559357 26.0580005645752 292 45
"773" 3 0 -44.75 -21.4166666666667 223.630152155424 28.8872509002686 320 18
"774" 2 0 -40.0833333333333 -14.0833333333333 151.065881898723 26.7802505493164 123 38
"775" 1 0 -40.9166666666667 -14.0833333333333 142.442201570584 30.0097503662109 128 4
"776" 2 0 -43.0833333333333 -20.25 225.95334315129 30.5952491760254 275 15
"777" 1 0 -42.25 -20.75 236.91801233843 29.1712493896484 234 18
"778" 1 0 -41.4166666666667 -18.4166666666667 186.021739881415 31.5284996032715 191 21
"779" 2 0 -43.4166666666667 -19.75 216.503413325226 30.3439998626709 318 13
"780" 3 0 -41.0833333333333 -18.9166666666667 188.739784593683 30.0572490692139 194 27
"781" 1 0 -39.0833333333333 -15.9166666666667 157.271775484945 29.6912498474121 156 104
"782" 2 0 -43.5833333333333 -20.9166666666667 215.920937841752 29.2705001831055 271 18
"783" 2 0 -40.9166666666667 -18.4166666666667 184.225241937831 30.2455005645752 184 28
"784" 1 0 -43.25 -19.25 232.717052776312 30.7325000762939 301 11
"785" 2 0 -41.25 -13.75 137.100302476696 27.4297504425049 135 17
"786" 2 0 -45.9166666666667 -22.4166666666667 250.321055590288 29.6229991912842 269 28
"787" 2 0 -44.25 -19.5833333333333 191.727995996602 30.0849990844727 287 12
"788" 2 0 -45.5833333333333 -22.5833333333333 281.106211717953 27.6702499389648 299 30
"789" 3 0 -40.9166666666667 -22.0833333333333 194.776486742607 30.533332824707 149 27
"790" 2 0 -40.9166666666667 -15.25 165.052609329159 28.1235008239746 158 22
"791" 2 0 -43.4166666666667 -20.9166666666667 219.81177467021 29.3719997406006 267 18
"792" 3 0 -43.9166666666667 -20.25 189.44130414933 26.9082508087158 319 14
"793" 2 0 -44.25 -21.9166666666667 226.455785078101 27.5607490539551 293 19
"794" 3 0 -41.9166666666667 -19.4166666666667 196.853657891873 31.2007503509521 218 18
"795" 1 0 -39.25 -16.0833333333333 157.428173399353 29.6487503051758 155 78
"796" 3 0 -45.5833333333333 -22.9166666666667 241.814264177968 28.8647499084473 235 25
"797" 1 0 -41.0833333333333 -17.75 185.631622502209 31.7617492675781 176 24
"798" 2 0 -40.5833333333333 -14.0833333333333 145.643278164492 28.2390003204346 126 7
"799" 1 0 -41.0833333333333 -15.4166666666667 164.50127006299 28.2439994812012 167 10
"800" 3 0 -40.75 -14.4166666666667 148.831307994656 28.0820007324219 129 7
"801" 3 0 -40.5833333333333 -17.5833333333333 180.172821080439 31.6895008087158 169 31
"802" 2 0 -44.25 -20.25 197.365071929056 29.4839992523193 317 15
"803" 2 0 -41.0833333333333 -15.5833333333333 162.611332618147 28.318000793457 155 9
"804" 3 0 -40.5833333333333 -13.25 142.884334203484 28.1722507476807 111 11
"805" 2 0 -39.5833333333333 -15.25 151.291467959081 27.4317493438721 139 72
"806" 1 0 -43.25 -19.9166666666667 219.449199398151 29.474250793457 315 13
"807" 3 0 -43.9166666666667 -22.9166666666667 221.806490446597 29.7308750152588 229 35
"808" 1 0 -39.9166666666667 -18.75 183.999383526575 31.1049995422363 170 45
"809" 2 0 -41.5833333333333 -22.0833333333333 212.001350115211 32.255500793457 178 33
"810" 3 0 -40.4166666666667 -20.5833333333333 200.877755101403 31.2018260955811 187 49
"811" 1 0 -41.9166666666667 -21.4166666666667 239.489631898988 31.4745006561279 217 19
"812" 3 0 -45.25 -21.5833333333333 247.965224026548 29.8207492828369 286 18
"813" 1 0 -41.75 -19.9166666666667 213.403867598881 31.0647506713867 212 20
"814" 2 0 -42.9166666666667 -20.0833333333333 224.118396010804 29.9032497406006 283 16
"815" 2 0 -44.0833333333333 -23.0833333333333 210.22538552851 30.8821430206299 231 48
"816" 3 0 -39.4166666666667 -12.9166666666667 149.531714590295 27.1297492980957 100 53
"817" 1 0 -39.9166666666667 -14.5833333333333 151.993075221426 28.6692504882812 146 45
"818" 3 0 -43.75 -22.25 233.837049871881 29.1302509307861 232 21
"819" 2 0 -39.0833333333333 -14.0833333333333 130.03540703056 28.9553031921387 230 141
"820" 1 0 -40.0833333333333 -16.4166666666667 161.663565359552 28.3225002288818 117 49
"821" 2 0 -41.4166666666667 -19.25 191.126759748572 30.8332500457764 202 23
"822" 2 0 -42.5833333333333 -18.75 228.488615189325 29.0077495574951 288 15
"823" 2 0 -40.0833333333333 -18.0833333333333 177.631082416055 31.4654998779297 165 50
"824" 3 0 -41.25 -22.0833333333333 198.995155273722 31.1287746429443 151 32
"825" 3 0 -40.0833333333333 -18.25 180.305823918365 31.6765003204346 168 48
"826" 2 0 -42.0833333333333 -21.25 241.464018282497 31.9799995422363 236 18
"827" 3 0 -41.4166666666667 -20.25 214.809520554028 27.6637496948242 217 34
"828" 3 0 -38.4166666666667 -13.0833333333333 111.83764044461 29.5 316 84
"829" 1 0 -39.0833333333333 -13.0833333333333 134.294918894067 28.3677501678467 199 91
"830" 2 0 -40.9166666666667 -15.75 164.73785130146 27.9885005950928 147 24
"831" 1 0 -41.4166666666667 -20.4166666666667 216.945568870988 28.7935009002686 210 29
"832" 2 0 -39.75 -15.25 158.578816157137 29.5632495880127 130 42
"833" 3 0 -42.0833333333333 -22.25 233.686273185832 28.871000289917 215 29
"834" 2 0 -41.75 -20.25 221.065075231041 29.1674995422363 220 24
"835" 3 0 -41.0833333333333 -15.75 163.659079009666 27.6159992218018 136 16
"836" 2 0 -39.9166666666667 -17.0833333333333 165.807264209404 30.8279991149902 144 56
"837" 2 0 -45.4166666666667 -22.75 261.252239283588 27.7604999542236 283 29
"838" 2 0 -41.25 -16.25 176.361209439898 29.2985000610352 170 11
"839" 1 0 -40.25 -18.9166666666667 189.19133013952 31.2127494812012 178 37
"840" 3 0 -44.0833333333333 -19.5833333333333 192.353031766939 30.5189990997314 281 12
"841" 3 0 -41.0833333333333 -21.25 207.983517518674 31.8757495880127 166 30
"842" 1 0 -42.25 -21.0833333333333 239.798311810489 31.7152500152588 251 19
"843" 1 0 -40.75 -19.0833333333333 190.643680619578 31.4107494354248 187 28
"844" 1 0 -43.4166666666667 -21.9166666666667 221.899358237848 29.175500869751 233 18
"845" 1 0 -45.75 -22.4166666666667 256.655491460902 29.6569995880127 269 26
"846" 1 0 -44.25 -20.5833333333333 198.717972423462 27.8207492828369 313 15
"847" 2 0 -40.75 -18.9166666666667 188.13282942807 31.0575008392334 186 30
"848" 2 0 -42.25 -19.5833333333333 207.630670833948 30.6744995117188 237 17
"849" 2 0 -41.25 -18.75 185.172283698176 31.4860000610352 191 22
"850" 2 0 -40.4166666666667 -17.25 179.69129372432 31.7007503509521 166 40
"851" 1 0 -40.75 -14.0833333333333 144.805247071874 29.4834995269775 124 4
"852" 1 0 -40.4166666666667 -16.4166666666667 169.560972705874 29.9344997406006 131 36
"853" 2 0 -40.9166666666667 -15.5833333333333 160.710010572486 27.650749206543 159 14
"854" 3 0 -41.25 -15.4166666666667 165.956450916495 28.3360004425049 180 8
"855" 3 0 -42.0833333333333 -22.9166666666667 211.491333226079 28.9952373504639 149 32
"856" 3 0 -43.25 -19.4166666666667 227.842292312277 30.3889999389648 318 11
"857" 1 0 -40.5833333333333 -19.4166666666667 194.725129309469 31.2647495269775 191 34
"858" 3 0 -45.0833333333333 -23.25 260.211006624335 25.8292503356934 274 37
"859" 2 0 -43.4166666666667 -20.0833333333333 210.260377638007 28.3425006866455 310 15
"860" 1 0 -43.4166666666667 -20.75 220.383573955796 29.2492504119873 270 17
"861" 1 0 -42.75 -22.0833333333333 237.472507590857 28.2272491455078 275 25
"862" 1 0 -40.5833333333333 -19.75 195.257633102798 30.0230007171631 198 44
"863" 2 0 -39.9166666666667 -18.0833333333333 175.366672135882 31.1132507324219 166 63
"864" 3 0 -43.9166666666667 -22.75 234.976602449768 29.7872505187988 234 27
"865" 1 0 -44.25 -20.4166666666667 198.073657573874 28.7329998016357 313 14
"866" 2 0 -44.75 -23.25 231.148239656331 29.7338848114014 295 78
"867" 2 0 -45.4166666666667 -23.25 253.999106552525 27.4692497253418 238 26
"868" 2 0 -44.9166666666667 -21.0833333333333 224.312046762993 29.2395000457764 337 21
"869" 3 0 -39.4166666666667 -13.5833333333333 138.486472883866 27.6837501525879 161 106
"870" 3 0 -44.9166666666667 -22.25 271.431016637267 29.3857498168945 281 18
"871" 1 0 -41.0833333333333 -19.0833333333333 189.113698261741 31.3369998931885 192 26
"872" 1 0 -44.0833333333333 -22.0833333333333 230.090263576178 27.9692497253418 264 18
"873" 2 0 -42.0833333333333 -18.5833333333333 196.556536326151 32.5952491760254 220 17
"874" 2 0 -39.75 -19.5833333333333 194.504860669599 30.9230766296387 185 52
"875" 2 0 -39.25 -14.9166666666667 140.725298979301 29.238000869751 163 108
"876" 2 0 -40.5833333333333 -20.4166666666667 202.693838581199 30.0292491912842 195 51
"877" 2 0 -40.0833333333333 -18.4166666666667 181.707450172454 31.5227508544922 170 45
"878" 1 0 -41.75 -21.75 227.282827633688 29.3972492218018 206 26
"879" 2 0 -44.0833333333333 -20.9166666666667 208.947602840667 28.1284999847412 292 15
"880" 1 0 -42.75 -18.5833333333333 240.566563156403 29.105749130249 296 13
"881" 1 0 -42.75 -21.9166666666667 236.29387620354 30.8334999084473 263 19
"882" 3 0 -39.0833333333333 -14.75 134.828427486433 29.8029193878174 198 127
"883" 1 0 -40.9166666666667 -16.9166666666667 182.608569085611 30.5424995422363 161 23
"884" 3 0 -40.9166666666667 -15.4166666666667 162.021116267945 28.21875 161 13
"885" 3 0 -43.5833333333333 -23.0833333333333 206.5052953822 31.9106788635254 175 45
"886" 1 0 -40.9166666666667 -14.4166666666667 147.827870646503 28.5887508392334 131 5
"887" 2 0 -41.25 -15.9166666666667 171.450154592204 28.7247505187988 169 9
"888" 2 0 -39.5833333333333 -12.9166666666667 152.084883870037 27.1324996948242 96 41
"889" 1 0 -41.25 -15.5833333333333 166.42837303092 28.5732498168945 173 7
"890" 3 0 -42.9166666666667 -20.9166666666667 234.227059170199 29.7127494812012 249 19
"891" 1 0 -44.5833333333333 -20.9166666666667 212.384937246583 28.3502502441406 352 17
"892" 1 0 -40.9166666666667 -19.0833333333333 190.014307845005 30.2257499694824 192 30
"893" 2 0 -42.25 -18.4166666666667 205.956213968458 31.4825000762939 236 13
"894" 1 0 -41.25 -19.5833333333333 198.049516916262 32.0270004272461 198 25
"895" 2 0 -45.5833333333333 -22.0833333333333 258.017406979926 29.9820003509521 283 23
"896" 1 0 -38.9166666666667 -15.0833333333333 145.094494702174 29.8999996185303 178 114
"897" 2 0 -40.4166666666667 -15.9166666666667 173.999241814049 30.513500213623 142 27
"898" 3 0 -44.5833333333333 -23.25 224.8919256169 30.4152431488037 285 85
"899" 2 0 -43.75 -19.0833333333333 211.810560332797 28.9720001220703 282 7
"900" 1 0 -44.0833333333333 -21.4166666666667 211.836514061721 27.9002494812012 291 16
"901" 3 0 -41.25 -15.0833333333333 159.098995253378 27.8837509155273 176 7
"902" 3 0 -40.0833333333333 -15.0833333333333 162.440164439035 28.6137504577637 132 34
"903" 3 0 -43.4166666666667 -22.4166666666667 224.745045165997 28.043249130249 258 38
"904" 3 0 -43.0833333333333 -21.75 224.435012606292 29.4817504882812 267 18
"905" 2 0 -42.5833333333333 -22.4166666666667 235.837022276414 26.4899997711182 239 30
"906" 2 0 -44.5833333333333 -21.25 222.897578355172 29.0387496948242 334 17
"907" 2 0 -40.25 -20.4166666666667 202.14049979266 31.2975006103516 198 54
"908" 2 0 -42.75 -22.4166666666667 231.215315761927 28.1357498168945 233 30
"909" 2 0 -43.25 -19.0833333333333 235.411494162441 29.9610004425049 298 12
"910" 1 0 -41.4166666666667 -14.4166666666667 148.188010276448 28.9342498779297 109 4
"911" 3 0 -40.0833333333333 -13.5833333333333 154.252327562067 26.1422500610352 118 41
"912" 1 0 -43.4166666666667 -19.25 224.637681180372 29.4257507324219 309 14
"913" 1 0 -38.9166666666667 -13.4166666666667 124.943015093509 29.0054225921631 258 127
"914" 3 0 -44.0833333333333 -22.25 238.460306081967 29.0692501068115 248 18
"915" 1 0 -40.5833333333333 -18.9166666666667 188.812309683142 31.4600009918213 183 33
"916" 3 0 -40.9166666666667 -21.4166666666667 199.291675440193 30.8192310333252 151 26
"917" 2 0 -38.9166666666667 -13.5833333333333 124.390888143573 28.9788951873779 253 133
"918" 3 0 -40.0833333333333 -14.9166666666667 160.319896935339 27.8174991607666 130 42
"919" 3 0 -40.25 -13.5833333333333 154.814933239284 25.8307495117188 118 26
"920" 1 0 -41.0833333333333 -13.5833333333333 133.071741380428 28.4174995422363 142 12
"921" 2 0 -41.25 -14.0833333333333 143.035200964366 30.7127494812012 111 5
"922" 3 0 -41.5833333333333 -20.75 224.631174018726 30.1432495117188 208 26
"923" 3 0 -39.75 -12.9166666666667 149.227327078945 26.8390007019043 96 27
"924" 3 0 -41.5833333333333 -19.75 205.709924337463 31.5027503967285 207 21
"925" 2 0 -41.25 -21.0833333333333 214.320506552139 30.9657497406006 184 30
"926" 3 0 -41.25 -15.75 166.624364280121 27.8777503967285 158 9
"927" 1 0 -41.4166666666667 -15.9166666666667 173.063364282929 28.5227508544922 176 7
"928" 3 0 -42.0833333333333 -21.4166666666667 244.977257311026 31.5 235 19
"929" 1 0 -43.25 -18.75 236.396126815754 29.6432495117188 284 13
"930" 3 0 -42.75 -20.75 240.641661503251 29.5939998626709 247 20
"931" 1 0 -41.4166666666667 -18.0833333333333 188.20086473921 30.4405002593994 189 20
"932" 2 0 -41.25 -17.9166666666667 186.526047868289 31.0769996643066 180 23
"933" 3 0 -39.75 -16.75 157.646706231905 30.3279991149902 135 54
"934" 1 0 -42.5833333333333 -19.75 206.723031425037 31.8537502288818 247 10
"935" 3 0 -40.5833333333333 -15.5833333333333 166.815030722239 28.5319995880127 156 34
"936" 1 0 -41.75 -15.4166666666667 168.981351600628 28.70924949646 175 5
"937" 3 0 -43.25 -22.25 227.107189346426 29.005500793457 262 34
"938" 3 0 -39.75 -19.4166666666667 194.891285426025 31.1198616027832 182 51
"939" 3 0 -41.75 -19.25 190.49691010724 31.8377494812012 209 18
"940" 2 0 -41.5833333333333 -21.25 222.053849313996 31.4977493286133 197 22
"941" 2 0 -41.4166666666667 -21.25 215.18988189044 31.8850002288818 187 24
"942" 2 0 -43.0833333333333 -21.4166666666667 226.000181560914 30.6702499389648 255 13
"943" 1 0 -45.0833333333333 -22.9166666666667 245.658479520487 28.2197494506836 243 22
"944" 2 0 -41.5833333333333 -19.25 192.997789038414 30.3264999389648 209 22
"945" 3 0 -43.5833333333333 -21.0833333333333 206.609903618167 28.088249206543 278 20
"946" 2 0 -38.9166666666667 -13.25 127.17384425927 29.1006336212158 243 107
"947" 2 0 -40.75 -18.0833333333333 182.465997349402 31.6872501373291 176 29
"948" 1 0 -41.25 -18.4166666666667 185.873056881499 30.91575050354 188 23
"949" 1 0 -41.0833333333333 -13.9166666666667 137.32071692672 29.9012508392334 124 6
"950" 3 0 -45.75 -23.4166666666667 251.842408749272 26.8754997253418 240 38
"951" 3 0 -43.75 -20.4166666666667 200.226845075462 27.2565002441406 301 12
"952" 2 0 -39.9166666666667 -16.25 164.04975613513 30.0467491149902 125 36
"953" 2 0 -43.75 -21.4166666666667 200.359932822718 26.933500289917 286 19
"954" 1 0 -41.5833333333333 -15.9166666666667 173.90235564941 28.4734992980957 180 6
"955" 3 0 -43.5833333333333 -19.0833333333333 208.350703884442 27.5279998779297 303 17
"956" 2 0 -39.5833333333333 -18.0833333333333 171.141727765187 30.687629699707 190 85
"957" 3 0 -44.25 -20.9166666666667 212.136215220575 28.2362499237061 308 15
"958" 2 0 -39.0833333333333 -16.5833333333333 155.919384097731 30.015344619751 162 95
"959" 1 0 -40.0833333333333 -14.75 160.187479231256 28.1312503814697 135 39
"960" 1 0 -40.5833333333333 -16.25 175.800150274211 30.9717502593994 147 26
"961" 3 0 -41.9166666666667 -20.5833333333333 231.106313987833 28.4902496337891 226 20
"962" 1 0 -40.75 -14.5833333333333 151.173402111487 27.0677490234375 125 12
"963" 3 0 -39.5833333333333 -15.4166666666667 156.743572144915 28.2145004272461 138 70
"964" 1 0 -39.25 -12.9166666666667 147.688668028822 28.0260009765625 129 66
"965" 3 0 -43.25 -21.0833333333333 220.501721023019 29.0139999389648 265 20
"966" 1 0 -39.4166666666667 -15.9166666666667 159.939275432597 29.443000793457 155 69
"967" 2 0 -41.4166666666667 -15.4166666666667 166.770376121605 28.5362491607666 193 8
"968" 1 0 -42.5833333333333 -22.75 220.643635476029 31.0419998168945 178 25
"969" 3 0 -40.25 -15.75 173.632904263661 30.6944999694824 138 28
"970" 1 0 -43.25 -20.75 226.899436897523 29.5507507324219 264 19
"971" 1 0 -44.9166666666667 -20.75 216.663556158674 28.972749710083 326 18
"972" 1 0 -43.75 -22.0833333333333 230.588058586308 29.2549991607666 230 17
"973" 2 0 -42.0833333333333 -22.0833333333333 238.416612735846 28.1892490386963 228 28
"974" 3 0 -43.5833333333333 -20.75 217.971069993097 29.472749710083 271 17
"975" 1 0 -42.75 -18.9166666666667 229.096742210304 29.1009998321533 294 14
"976" 3 0 -39.75 -16.4166666666667 161.243644599059 30.1827507019043 134 46
"977" 1 0 -40.9166666666667 -21.25 203.035883900953 31.3127994537354 158 29
"978" 3 0 -45.0833333333333 -21.9166666666667 267.889351045528 30.5477504730225 293 18
"979" 3 0 -39.0833333333333 -13.75 128.048592258782 28.9077777862549 224 132
"980" 2 0 -40.4166666666667 -17.5833333333333 179.382493425614 31.5647506713867 166 35
"981" 3 0 -39.9166666666667 -14.25 148.964162345995 28.527250289917 145 57
"982" 3 0 -41.0833333333333 -13.75 135.763247603736 30.0480003356934 129 6
"983" 2 0 -42.0833333333333 -21.9166666666667 239.18107407733 30.7325000762939 226 22
"984" 1 0 -40.9166666666667 -19.25 191.505248257687 30.2194995880127 194 32
"985" 1 0 -42.5833333333333 -21.9166666666667 240.851771275865 30.503999710083 262 20
"986" 1 0 -39.4166666666667 -17.4166666666667 161.542471722872 30.597749710083 152 71
"987" 2 0 -39.4166666666667 -17.0833333333333 157.694778142196 30.3850002288818 149 70
"988" 1 0 -40.5833333333333 -20.5833333333333 203.110386036959 30.0622501373291 189 49
"989" 3 0 -41.0833333333333 -20.4166666666667 211.078650648366 27.4185009002686 205 38
"990" 1 0 -41.5833333333333 -19.5833333333333 201.755401986867 31.9532508850098 204 20
"991" 1 0 -38.9166666666667 -16.0833333333333 157.150696865132 29.72043800354 181 85
"992" 3 0 -40.4166666666667 -18.5833333333333 185.281665155027 31.7627506256104 176 36
"993" 3 0 -39.25 -16.4166666666667 154.868287913773 29.7117500305176 150 87
"994" 3 0 -45.5833333333333 -22.4166666666667 261.14444630047 29.9540004730225 265 23
"995" 3 0 -45.0833333333333 -21.5833333333333 239.579571435708 29.9969997406006 293 17
"996" 3 0 -41.0833333333333 -19.25 191.337705580063 32.2517509460449 193 25
"997" 1 0 -41.0833333333333 -20.25 209.215654212158 28.2002506256104 207 40
"998" 2 0 -39.0833333333333 -15.25 146.789119698373 29.5982494354248 174 117
"999" 2 0 -41.25 -14.4166666666667 149.249986305184 29.2264995574951 123 6
"1000" 1 0 -41.75 -19.5833333333333 204.125872978887 30.9409999847412 212 19
"1001" 1 0 -41.75 -21.25 230.045169502594 32.1455001831055 205 19
"1002" 3 0 -40.25 -14.75 164.552047464186 26.7842502593994 120 34
"1003" 2 0 -44.9166666666667 -21.5833333333333 225.162132400477 29.1135005950928 307 18
"1004" 1 0 -45.25 -22.25 265.204456474727 27.9987506866455 305 25
"1005" 3 0 -40.75 -16.25 177.172859945959 30.8232498168945 157 24
"1006" 1 0 -43.4166666666667 -19.5833333333333 219.696780209419 30.2945003509521 319 11
"1007" 1 0 -45.4166666666667 -21.5833333333333 255.2386890172 30.0982494354248 278 20
"1008" 3 0 -42.0833333333333 -18.25 200.646437804657 32.3004989624023 217 12
"1009" 3 0 -45.75 -22.0833333333333 253.257391826103 30.3997497558594 278 25
"1010" 3 0 -39.4166666666667 -16.0833333333333 157.989729591179 29.4507503509521 156 65
"1011" 2 0 -41.25 -14.75 156.526683307978 30.1107501983643 133 4
"1012" 3 0 -40.75 -16.75 173.265719765663 29.0777492523193 150 31
"1013" 3 0 -43.9166666666667 -20.9166666666667 205.093223071478 27.7497501373291 284 15
"1014" 1 0 -40.25 -16.4166666666667 166.402435411492 29.3742504119873 121 40
"1015" 3 0 -39.4166666666667 -15.75 160.36216189911 29.2737503051758 147 71
"1016" 3 0 -40.0833333333333 -17.9166666666667 176.500543965531 31.4547500610352 160 47
"1017" 3 0 -41.9166666666667 -21.75 237.398235846506 31.0727500915527 209 20
"1018" 3 0 -40.75 -21.0833333333333 203.361905054893 31.5799999237061 165 34
"1019" 1 0 -40.4166666666667 -17.0833333333333 178.062872942942 30.9907493591309 161 42
"1020" 3 0 -39.4166666666667 -14.25 138.603346773935 28.6262493133545 149 84
"1021" 2 0 -44.75 -22.0833333333333 238.84469965281 26.9314994812012 320 23
"1022" 1 0 -42.9166666666667 -19.9166666666667 222.750689485738 29.8145008087158 294 16
"1023" 1 0 -39.25 -14.5833333333333 135.480842984418 29.070499420166 188 98
"1024" 2 0 -45.25 -22.4166666666667 274.293417655835 27.5322494506836 300 26
"1025" 3 0 -43.9166666666667 -21.25 205.545891719192 27.7362499237061 281 16
"1026" 2 0 -40.4166666666667 -17.75 179.153797294907 31.7432498931885 166 35
"1027" 2 0 -43.75 -20.5833333333333 207.345196916397 28.1620006561279 287 13
"1028" 1 0 -39.75 -13.5833333333333 148.646938703717 26.0799999237061 140 90
"1029" 1 0 -42.4166666666667 -22.0833333333333 248.006408768024 28.6532497406006 251 24
"1030" 1 0 -43.25 -19.5833333333333 222.351851593512 29.1107501983643 335 12
"1031" 3 0 -41.5833333333333 -15.0833333333333 160.833781168692 27.9227504730225 154 5
"1032" 2 0 -40.0833333333333 -19.9166666666667 196.080935212595 30.9874134063721 191 50
"1033" 1 0 -43.4166666666667 -22.25 231.035605390518 29.691499710083 247 32
"1034" 2 0 -42.4166666666667 -20.0833333333333 221.136589463987 31.1119995117188 238 14
"1035" 2 0 -40.5833333333333 -13.5833333333333 140.702669524152 27.3355007171631 120 10
"1036" 1 0 -45.0833333333333 -21.75 251.949460154854 30.2285003662109 292 16
"1037" 1 0 -40.5833333333333 -14.75 161.830025560788 26.3090000152588 111 24
"1038" 3 0 -39.25 -16.9166666666667 157.142997331042 30.289249420166 151 83
"1039" 3 0 -39.25 -15.4166666666667 153.640837164059 29.2672500610352 156 103
"1040" 2 0 -40.75 -17.9166666666667 181.776194253808 31.5707492828369 174 30
"1041" 3 0 -40.4166666666667 -14.4166666666667 153.793009317613 27.2520008087158 120 14
"1042" 1 0 -39.25 -17.25 159.883997516252 30.4521732330322 154 73
"1043" 3 0 -41.4166666666667 -15.0833333333333 159.519001815628 28.6147499084473 165 5
"1044" 2 0 -39.25 -13.4166666666667 133.558592525233 27.6877498626709 203 115
"1045" 2 0 -40.25 -19.4166666666667 194.782685048218 31.3699989318848 187 36
"1046" 3 0 -43.75 -22.4166666666667 237.516631944763 29.2872505187988 240 25
"1047" 3 0 -41.25 -20.5833333333333 214.85355214787 30.7467498779297 197 28
"1048" 1 0 -41.9166666666667 -22.0833333333333 227.08297512456 30.4654998779297 209 28
"1049" 2 0 -44.5833333333333 -23.0833333333333 223.327600536719 31.2055034637451 285 64
"1050" 1 0 -41.0833333333333 -21.5833333333333 198.71391492755 32.1069221496582 151 26
"1051" 1 0 -42.4166666666667 -20.4166666666667 231.870762430598 28.9710006713867 246 20
"1052" 2 0 -41.0833333333333 -18.5833333333333 186.84535569261 30.7049999237061 188 24
"1053" 1 0 -40.25 -14.4166666666667 155.119942060964 26.2569999694824 116 20
"1054" 2 0 -42.5833333333333 -21.0833333333333 235.823302203127 29.6322498321533 248 18
"1055" 3 0 -42.25 -21.4166666666667 246.76343494957 31.8997497558594 248 20
"1056" 3 0 -41.0833333333333 -22.0833333333333 196.582029966311 31.0784320831299 151 30
"1057" 2 0 -41.4166666666667 -17.9166666666667 188.927488705471 31.1732501983643 183 20
"1058" 2 0 -39.75 -16.0833333333333 165.505859985108 29.9589996337891 139 39
"1059" 1 0 -40.75 -16.9166666666667 182.075393686635 30.7045001983643 161 28
"1060" 3 0 -41.0833333333333 -19.4166666666667 192.305443875081 32.3440017700195 193 24
"1061" 2 0 -42.25 -20.0833333333333 226.048096790686 29.9039993286133 236 16
"1062" 2 0 -41.5833333333333 -18.5833333333333 185.165629370873 31.5254993438721 199 21
"1063" 1 0 -44.75 -20.9166666666667 214.710687684546 28.5949993133545 363 18
"1064" 3 0 -40.0833333333333 -13.75 150.457674255445 26.8897495269775 121 41
"1065" 2 0 -43.0833333333333 -20.9166666666667 230.862298600419 29.4382495880127 257 19
"1066" 3 0 -39.9166666666667 -16.0833333333333 170.008908090004 30.996000289917 131 32
"1067" 3 0 -44.4166666666667 -20.4166666666667 199.124484059648 28.7192497253418 319 15
"1068" 2 0 -43.5833333333333 -21.5833333333333 211.024661953887 28.4307498931885 279 17
"1069" 2 0 -43.0833333333333 -20.0833333333333 222.976721888976 30.0300006866455 293 15
"1070" 1 0 -40.25 -17.75 176.700634040322 31.3682498931885 161 38
"1071" 1 0 -40.75 -16.4166666666667 175.241939066957 30.367000579834 154 26
"1072" 3 0 -40.0833333333333 -15.4166666666667 167.450981075977 30.0522499084473 129 29
"1073" 2 0 -40.4166666666667 -14.0833333333333 148.688828216933 26.1777496337891 121 15
"1074" 1 0 -40.25 -18.5833333333333 185.245401582864 31.7544994354248 173 39
"1075" 1 0 -39.4166666666667 -16.25 158.14254718245 29.5025005340576 153 66
"1076" 3 0 -41.4166666666667 -19.9166666666667 206.610701122539 31.0214996337891 206 25
"1077" 3 0 -40.5833333333333 -20.0833333333333 200.611415571913 29.0212497711182 200 51
"1078" 1 0 -42.9166666666667 -21.4166666666667 225.458683981765 29.7509994506836 256 16
"1079" 3 0 -44.4166666666667 -21.25 221.892730486006 28.7397499084473 318 14
"1080" 2 0 -44.25 -20.0833333333333 193.989179172948 30.1037502288818 322 14
"1081" 2 0 -42.0833333333333 -19.4166666666667 197.575624838739 31.3880004882812 226 17
"1082" 2 0 -41.75 -18.5833333333333 186.588685214785 32.4724998474121 202 18
"1083" 3 0 -43.9166666666667 -19.5833333333333 197.964805074591 30.941499710083 287 10
"1084" 2 0 -45.25 -21.0833333333333 237.626114748108 29.9872493743896 288 22
"1085" 3 0 -45.25 -22.0833333333333 268.816248726578 29.878999710083 295 21
"1086" 2 0 -41.9166666666667 -18.5833333333333 188.523607220402 32.6749992370605 209 17
"1087" 1 0 -39.0833333333333 -14.5833333333333 133.376347960323 29.3431663513184 206 117
"1088" 3 0 -42.0833333333333 -23.0833333333333 198.359304969869 28.0499992370605 148 32
"1089" 1 0 -40.5833333333333 -18.75 186.048780401755 31.5427494049072 181 34
"1090" 1 0 -41.0833333333333 -20.75 211.279704199846 31.0195007324219 187 32
"1091" 1 0 -43.9166666666667 -22.5833333333333 244.980350749231 29.830249786377 235 24
"1092" 2 0 -40.5833333333333 -20.9166666666667 201.988225446365 31.1000003814697 173 40
"1093" 2 0 -40.9166666666667 -18.0833333333333 184.019798860117 31.7889995574951 178 26
"1094" 3 0 -41.5833333333333 -20.9166666666667 225.583538187973 29.0779991149902 211 29
"1095" 3 0 -44.75 -21.0833333333333 222.399252642235 29.1182498931885 364 19
"1096" 3 0 -42.5833333333333 -19.5833333333333 198.227887469875 31.8687496185303 251 11
"1097" 1 0 -41.9166666666667 -18.75 184.21869547279 32.7442512512207 208 18
"1098" 3 0 -39.5833333333333 -16.4166666666667 159.671226454216 30.0149993896484 146 58
"1099" 1 0 -40.75 -18.4166666666667 184.754710614846 31.8847503662109 179 29
"1100" 3 0 -44.5833333333333 -20.5833333333333 209.092433798608 29.2102508544922 317 15
"1101" 2 0 -45.0833333333333 -20.9166666666667 225.723420247499 29.55299949646 314 20
"1102" 2 0 -40.9166666666667 -14.5833333333333 150.343515764314 27.585750579834 133 8
"1103" 3 0 -44.75 -22.4166666666667 246.922440799371 25.7674999237061 313 28
"1104" 3 0 -42.5833333333333 -20.4166666666667 231.919045492828 30.0860004425049 247 17
"1105" 2 0 -41.0833333333333 -20.5833333333333 211.860454158939 28.7290000915527 198 36
"1106" 2 0 -40.5833333333333 -15.25 168.351578143453 29.7432498931885 128 23
"1107" 3 0 -40.4166666666667 -16.0833333333333 177.267162730211 31.7217502593994 143 21
"1108" 3 0 -39.9166666666667 -13.4166666666667 153.062699400865 26.0762500762939 115 53
"1109" 3 0 -40.75 -17.0833333333333 185.106774605448 31.753999710083 169 28
"1110" 1 0 -41.25 -21.5833333333333 203.496048558977 32.5974998474121 170 26
"1111" 2 0 -44.4166666666667 -20.5833333333333 203.087952310065 28.6887493133545 317 15
"1112" 3 0 -42.9166666666667 -21.9166666666667 231.370250566083 29.6207504272461 271 21
"1113" 2 0 -41.0833333333333 -18.4166666666667 185.665810811508 30.1595001220703 188 26
"1114" 2 0 -44.0833333333333 -22.5833333333333 241.661150985167 30.1299991607666 243 21
"1115" 2 0 -40.0833333333333 -18.9166666666667 188.922020091559 31.2089996337891 176 40
"1116" 1 0 -41.5833333333333 -21.9166666666667 213.551407478272 32.445499420166 183 28
"1117" 3 0 -45.0833333333333 -23.0833333333333 248.650110956443 28.1307506561279 243 25
"1118" 2 0 -41.0833333333333 -21.9166666666667 196.772866990274 31.7897491455078 152 30
"1119" 1 0 -42.5833333333333 -19.25 202.455484728581 30.9482498168945 266 14
"1120" 2 0 -40.4166666666667 -19.75 195.987194353919 30.4745006561279 195 45
"1121" 2 0 -43.75 -19.5833333333333 200.317670322203 30.44700050354 302 9
"1122" 1 0 -42.25 -19.9166666666667 223.364140873512 30.2029991149902 234 14
"1123" 2 0 -43.4166666666667 -18.9166666666667 238.574624873917 30.1095008850098 281 12
"1124" 3 0 -40.75 -19.25 193.028413058054 31.419750213623 189 30
"1125" 1 0 -44.75 -22.9166666666667 254.826503733993 26.4762496948242 261 28
"1126" 2 0 -39.75 -18.5833333333333 179.694812626498 30.8516807556152 167 57
"1127" 3 0 -45.4166666666667 -21.75 261.932520481921 30.5222511291504 288 19
"1128" 1 0 -41.75 -22.25 213.86621700566 31.5538463592529 197 37
"1129" 2 0 -45.4166666666667 -21.25 245.383657856058 30.0027503967285 275 22
"1130" 3 0 -43.25 -21.25 222.21151573737 30.224250793457 257 16
"1131" 2 0 -44.5833333333333 -22.25 239.404208246186 25.8430004119873 316 25
"1132" 1 0 -43.75 -22.9166666666667 213.024549832851 32.6867179870605 198 42
"1133" 2 0 -41.0833333333333 -19.5833333333333 194.887565120947 31.4300003051758 197 30
"1134" 1 0 -40.25 -20.25 199.682982653448 31.1047210693359 197 57
"1135" 3 0 -42.9166666666667 -21.75 229.778006503948 29.2709999084473 271 20
"1136" 3 0 -44.9166666666667 -23.25 247.266330418422 27.4584999084473 290 59
"1137" 3 0 -39.75 -14.5833333333333 148.631585036719 28.4985008239746 140 58
"1138" 1 0 -40.25 -16.75 169.025511648636 29.3667507171631 126 48
"1139" 3 0 -42.5833333333333 -21.5833333333333 235.413268119595 30.9832496643066 249 19
"1140" 2 0 -40.5833333333333 -15.9166666666667 172.593712750103 30.0949993133545 148 29
"1141" 2 0 -39.5833333333333 -16.9166666666667 156.326115882811 30.2842502593994 144 63
"1142" 3 0 -44.4166666666667 -22.75 241.067628875163 26.7312507629395 267 30
"1143" 1 0 -45.4166666666667 -21.4166666666667 247.730371453729 29.6940002441406 275 21
"1144" 2 0 -40.25 -15.4166666666667 168.843400470641 30.3352508544922 132 26
"1145" 2 0 -42.0833333333333 -20.5833333333333 232.517260414284 28.3595008850098 233 19
"1146" 3 0 -42.75 -20.25 227.217386840847 31.2569999694824 255 15
"1147" 1 0 -44.9166666666667 -22.5833333333333 240.487731231811 29.9262504577637 262 22
"1148" 3 0 -43.5833333333333 -19.4166666666667 202.174383007683 27.4522495269775 318 9
"1149" 1 0 -38.9166666666667 -14.25 131.086068438303 29.4275856018066 244 138
"1150" 1 0 -39.75 -18.0833333333333 173.203890857043 30.9037494659424 177 78
"1151" 3 0 -40.0833333333333 -13.4166666666667 154.990543429714 26.0307502746582 113 34
"1152" 2 0 -38.9166666666667 -15.5833333333333 160.343887468358 29.9921436309814 181 111
"1153" 2 0 -44.5833333333333 -21.9166666666667 234.76005953696 28.5440006256104 300 20
"1154" 1 0 -39.9166666666667 -17.25 167.296040783533 31.0555000305176 143 53
"1155" 3 0 -43.4166666666667 -21.0833333333333 216.632322412243 29.0925006866455 271 19
"1156" 2 0 -40.25 -15.9166666666667 175.707878613018 31.3719997406006 136 24
"1157" 2 0 -45.5833333333333 -21.4166666666667 252.682438935833 30.2954998016357 270 23
"1158" 2 0 -42.0833333333333 -18.9166666666667 188.620160134986 32.8692512512207 219 15
"1159" 1 0 -44.4166666666667 -23.25 216.076860855828 31.0777778625488 254 67
"1160" 3 0 -44.25 -22.0833333333333 229.495748596241 26.8020000457764 292 22
"1161" 2 0 -40.4166666666667 -18.75 185.894894299463 31.535249710083 178 37
"1162" 3 0 -39.5833333333333 -13.5833333333333 143.662786424334 27.2142505645752 148 99
"1163" 1 0 -39.9166666666667 -17.9166666666667 174.141608593882 31.1597499847412 160 60
"1164" 2 0 -40.0833333333333 -18.75 186.434159896479 31.3179988861084 173 42
"1165" 3 0 -40.25 -17.0833333333333 171.968567638816 29.7899990081787 150 52
"1166" 1 0 -41.25 -19.4166666666667 195.936154028143 31.9820003509521 196 23
"1167" 2 0 -40.9166666666667 -13.75 137.26435736238 29.675500869751 124 5
"1168" 2 0 -44.5833333333333 -21.75 232.598642841054 29.2212505340576 300 19
"1169" 3 0 -41.9166666666667 -20.0833333333333 224.115329041404 30.0890007019043 221 18
"1170" 3 0 -42.0833333333333 -20.75 233.749530495031 29.4362506866455 229 20
"1171" 2 0 -43.9166666666667 -20.4166666666667 195.604051144223 27.5537490844727 304 13
"1172" 2 0 -44.75 -23.4166666666667 231.318242269803 30.1597213745117 306 97
"1173" 2 0 -42.9166666666667 -22.25 232.256873750647 27.039249420166 290 31
"1174" 3 0 -44.75 -21.75 232.696884992016 29.6135005950928 304 19
"1175" 3 0 -42.5833333333333 -22.5833333333333 226.986982361933 30.2532501220703 179 24
"1176" 2 0 -44.9166666666667 -22.4166666666667 259.155025064528 26.9147491455078 299 24
"1177" 3 0 -41.25 -21.75 197.109814043183 32.4355010986328 162 26
"1178" 1 0 -40.4166666666667 -15.5833333333333 169.487750854124 30.3015003204346 143 25
"1179" 2 0 -38.9166666666667 -15.4166666666667 155.472431600571 29.9837493896484 179 112
"1180" 3 0 -45.75 -22.5833333333333 264.740599756197 28.4249992370605 288 29
"1181" 2 0 -42.5833333333333 -21.75 238.565841531061 31.2840003967285 255 19
"1182" 2 0 -43.9166666666667 -21.4166666666667 205.227947929581 27.4432506561279 285 17
"1183" 3 0 -45.25 -21.75 262.841464117901 30.6242504119873 289 16
"1184" 3 0 -45.25 -22.9166666666667 231.851131607726 28.7810001373291 239 21
"1185" 3 0 -41.25 -21.25 210.772213430841 32.2005004882812 176 27
"1186" 2 0 -39.25 -15.9166666666667 158.693017458544 29.5914993286133 155 83
"1187" 2 0 -39.9166666666667 -13.5833333333333 154.809986676612 25.411750793457 118 62
"1188" 2 0 -43.4166666666667 -21.4166666666667 211.029005608285 28.8700008392334 279 17
"1189" 3 0 -44.25 -21.4166666666667 220.132255651462 28.9659996032715 298 15
"1190" 3 0 -45.4166666666667 -22.25 265.913392645 28.8487491607666 288 24
"1191" 2 0 -40.4166666666667 -14.9166666666667 166.404229933891 27.7957496643066 123 37
"1192" 1 0 -44.4166666666667 -20.75 204.431626286441 27.7767505645752 327 16
"1193" 2 0 -45.0833333333333 -22.5833333333333 242.368619838637 29.2747497558594 268 23
"1194" 1 0 -41.4166666666667 -22.25 206.264607958144 31.4723072052002 153 33
"1195" 2 0 -44.4166666666667 -22.4166666666667 240.027048894181 30.5812492370605 265 20
"1196" 1 0 -40.25 -16.5833333333333 167.697914981748 29.5007495880127 120 43
"1197" 2 0 -42.4166666666667 -19.4166666666667 189.403759859753 32.4392509460449 239 12
"1198" 1 0 -39.5833333333333 -16.0833333333333 161.958841370146 29.4612503051758 148 49
"1199" 2 0 -44.0833333333333 -23.25 207.763237366241 31.2299995422363 217 53
"1200" 3 0 -40.9166666666667 -21.9166666666667 195.097635372237 31.1512813568115 149 27
"1201" 3 0 -41.75 -18.4166666666667 189.667164112006 32.3057518005371 201 18
"1202" 2 0 -41.0833333333333 -16.25 173.233203830056 28.5869998931885 157 16
"1203" 2 0 -42.5833333333333 -21.25 233.121704360694 31.4120006561279 242 17
"1204" 1 0 -39.9166666666667 -13.9166666666667 150.294675517565 26.8899993896484 131 72
"1205" 2 0 -42.25 -20.4166666666667 231.681830809474 28.7549991607666 240 20
"1206" 2 0 -39.4166666666667 -13.0833333333333 145.257940610563 27.4284992218018 118 68
"1207" 3 0 -39.75 -16.5833333333333 158.137808787147 30.19700050354 132 51
"1208" 3 0 -43.0833333333333 -22.75 216.073247765545 31.3978729248047 192 35
"1209" 1 0 -44.0833333333333 -19.4166666666667 203.750388838543 31.0427494049072 269 10
"1210" 3 0 -39.75 -19.25 193.727424410316 31.2040004730225 179 52
"1211" 1 0 -44.4166666666667 -22.5833333333333 233.418186517808 29.7800006866455 264 22
"1212" 2 0 -43.9166666666667 -19.9166666666667 184.240976321507 29.7137508392334 320 14
"1213" 1 0 -45.4166666666667 -22.9166666666667 233.122780858791 29.6009998321533 226 22
"1214" 1 0 -41.4166666666667 -20.5833333333333 218.584259499775 29.6752490997314 205 28
"1215" 1 0 -39.9166666666667 -16.9166666666667 162.422553661934 30.4942493438721 135 54
"1216" 3 0 -43.4166666666667 -22.0833333333333 225.669865556549 29.0480003356934 230 24
"1217" 2 0 -39.9166666666667 -18.5833333333333 180.347506231831 30.9407501220703 169 50
"1218" 3 0 -40.25 -17.25 176.265111355774 31.5230007171631 159 43
"1219" 2 0 -44.9166666666667 -21.4166666666667 228.558320699303 29.3352508544922 308 19
"1220" 2 0 -40.9166666666667 -16.25 174.187325207797 29.3484992980957 156 21
"1221" 1 0 -41.9166666666667 -20.9166666666667 232.889821261547 30.0494995117188 223 21
"1222" 1 0 -45.75 -22.25 255.142870963263 29.9270000457764 272 26
"1223" 2 0 -42.9166666666667 -20.25 227.655164564464 30.9759998321533 263 15
"1224" 3 0 -44.25 -21.75 222.50964072295 27.7432498931885 295 18
"1225" 3 0 -40.9166666666667 -19.5833333333333 194.65674842219 31.4487495422363 195 31
"1226" 1 0 -42.4166666666667 -22.9166666666667 216.424240957944 30.7070827484131 164 28
"1227" 1 0 -39.25 -15.0833333333333 144.065166045234 28.6647510528564 155 107
"1228" 1 0 -41.0833333333333 -21.0833333333333 211.660202581322 31.8007507324219 174 32
"1229" 3 0 -40.75 -14.75 157.613241532485 26.6079998016357 125 17
"1230" 2 0 -43.4166666666667 -19.0833333333333 233.506164116296 29.9179992675781 293 12
"1231" 1 0 -40.4166666666667 -13.25 147.503073185331 25.9747505187988 112 19
"1232" 2 0 -41.75 -17.9166666666667 189.789317406335 29.8680000305176 202 18
"1233" 3 0 -40.4166666666667 -13.5833333333333 150.891803479659 25.6830005645752 119 18
"1234" 3 0 -41.9166666666667 -20.75 231.868717260803 29.3707504272461 223 21
"1235" 1 0 -43.5833333333333 -20.5833333333333 208.748745700572 26.9527492523193 291 15
"1236" 1 0 -43.5833333333333 -19.75 198.681238932183 28.8024997711182 325 15
"1237" 3 0 -41.25 -19.0833333333333 188.904667681584 32.2369995117188 192 22
"1238" 1 0 -43.75 -22.5833333333333 235.789090323721 30.3657493591309 240 33
