"group.all" "pa" "lon" "lat" "wc2.0_bio_10m_04" "wc2.0_bio_10m_05" "wc2.0_bio_10m_13" "wc2.0_bio_10m_14"
"1" 2 1 -49.1947222 -27.0927777 316.048123739337 26.7152500152588 195 96
"2" 1 1 -49.0108333 -25.3886111 274.469642280386 26.5662498474121 225 84
"3" 2 1 -43.4794445 -22.5725 224.895367340786 29.5942497253418 264 50
"4" 3 1 -50.9980555 -29.7866666 342.918717482232 28.119499206543 148 101
"5" 1 1 -48.9658333 -25.8683334 284.575062228894 25.7817497253418 235 87
"6" 1 1 -40.5383333 -19.9747223 198.71825799419 28.324499130249 202 50
"8" 3 1 -50.1294445 -26.9994444 329.84290883905 26.3542499542236 168 95
"9" 3 1 -49.5016667 -27.36 327.936818601181 27.1457500457764 185 102
"11" 2 1 -49.0477777 -26.1925 298.975770231652 25.8092498779297 211 84
"12" 3 1 -49.4977777 -26.9097222 319.554274158392 27.1577491760254 188 98
"13" 2 1 -49.5002778 -26.9102778 319.106249191286 26.1927509307861 179 94
"14" 1 1 -48.8694445 -25.5977777 276.839049501783 26.3657493591309 243 88
"15" 2 1 -42.9991666 -22.4563889 230.480802557151 27.2337493896484 276 37
"1100" 1 0 -50.25 -22.5833333333333 272.776035439131 30.6827507019043 200 39
"2100" 2 0 -48.5833333333333 -28.25 308.15702385369 28.9166679382324 171 90
"3100" 2 0 -42.25 -20.0833333333333 226.048096790686 29.9039993286133 236 16
"4100" 3 0 -42.5833333333333 -19.25 202.455484728581 30.9482498168945 266 14
"5100" 3 0 -53.75 -30.9166666666667 417.203317687974 29.1212501525879 147 107
"6100" 3 0 -45.5833333333333 -23.0833333333333 244.386531694172 28.5594997406006 218 23
"7" 2 0 -39.0833333333333 -16.4166666666667 155.173474436224 29.8707065582275 179 88
"8100" 1 0 -44.75 -19.0833333333333 202.928671251218 31.6382503509521 272 9
"9100" 1 0 -51.5833333333333 -28.9166666666667 341.543133064762 26.2172508239746 177 117
"10" 1 0 -53.25 -28.0833333333333 370.655378752712 29.3882503509521 185 128
"1110" 1 0 -47.0833333333333 -22.9166666666667 230.561099227801 28.89674949646 230 28
"1210" 3 0 -44.5833333333333 -22.25 239.404208246186 25.8430004119873 316 25
"1310" 2 0 -50.75 -21.9166666666667 267.624869783154 31.1527500152588 200 29
"1410" 1 0 -49.25 -21.5833333333333 241.473601986618 31.5244998931885 229 20
"1510" 3 0 -39.0833333333333 -17.75 162.64546986272 30.3933334350586 181 68
"16" 2 0 -45.5833333333333 -21.4166666666667 252.682438935833 30.2954998016357 270 23
"17" 2 0 -50.25 -26.25 326.702930085538 26.7119998931885 168 80
"18" 1 0 -45.75 -22.9166666666667 257.294410584956 27.257999420166 286 33
"19" 3 0 -48.9166666666667 -26.75 312.962594749983 28.183500289917 220 87
"20" 2 0 -40.25 -18.9166666666667 189.19133013952 31.2127494812012 178 37
"21" 1 0 -44.75 -20.0833333333333 209.589978753464 30.621000289917 310 13
"22" 1 0 -52.5833333333333 -23.9166666666667 279.175492139627 28.6447505950928 166 72
"23" 2 0 -50.0833333333333 -27.5833333333333 324.237045055577 25.144250869751 162 98
"24" 3 0 -40.0833333333333 -18.9166666666667 188.922020091559 31.2089996337891 176 40
"25" 1 0 -40.9166666666667 -19.4166666666667 192.886254170143 30.7075004577637 195 32
"26" 1 0 -42.75 -17.25 177.525509391785 30.5319995880127 222 5
"27" 1 0 -46.75 -20.5833333333333 221.796154530834 29.6879997253418 287 13
"28" 2 0 -44.75 -23.0833333333333 240.523107731965 27.6232051849365 276 49
"29" 3 0 -47.4166666666667 -22.4166666666667 246.111808611319 29.0237503051758 242 21
"30" 2 0 -43.4166666666667 -19.75 216.503413325226 30.3439998626709 318 13
"31" 1 0 -41.9166666666667 -18.4166666666667 192.217673892434 32.3552513122559 210 16
"32" 1 0 -48.25 -23.9166666666667 281.710432592336 28.5424995422363 194 44
"33" 1 0 -46.5833333333333 -23.5833333333333 238.662329133921 27.6049995422363 246 42
"34" 2 0 -54.4166666666667 -27.4166666666667 393.425286242135 31.2017498016357 176 123
"35" 3 0 -47.5833333333333 -21.9166666666667 225.700837957283 29.9724998474121 254 21
"36" 3 0 -49.5833333333333 -23.75 274.701329906444 30.1407508850098 173 43
"37" 1 0 -47.75 -24.25 281.541503024972 30.6367492675781 239 58
"38" 1 0 -51.0833333333333 -24.4166666666667 300.298720861512 28.8495006561279 175 77
"39" 1 0 -49.4166666666667 -23.5833333333333 267.762474008207 30.0329990386963 179 43
"40" 3 0 -53.9166666666667 -29.5833333333333 392.315765573014 29.1527500152588 156 131
"41" 1 0 -45.4166666666667 -20.4166666666667 225.069223284879 29.6464996337891 288 18
"42" 1 0 -50.9166666666667 -30.4166666666667 354.100241261558 27.9893341064453 141 89
"43" 3 0 -45.4166666666667 -19.25 204.474528718979 31.6180000305176 270 10
"44" 1 0 -47.0833333333333 -22.5833333333333 244.075465211412 29.2427501678467 234 23
"45" 3 0 -49.0833333333333 -27.9166666666667 300.462156270816 25.7994995117188 208 91
"46" 1 0 -42.9166666666667 -20.4166666666667 231.383149309663 30.8542499542236 257 16
"47" 1 0 -42.0833333333333 -18.0833333333333 197.047218308588 31.7544994354248 215 11
"48" 2 0 -42.9166666666667 -17.75 191.471670252928 29.0307502746582 249 7
"49" 1 0 -42.75 -20.0833333333333 220.910226649558 31.9009990692139 255 13
"50" 1 0 -54.0833333333333 -30.9166666666667 415.781269157721 28.7992496490479 149 111
"51" 2 0 -45.5833333333333 -22.25 261.82426983433 29.6709995269775 277 24
"52" 1 0 -41.9166666666667 -19.0833333333333 185.915093783025 32.3257484436035 214 20
"53" 2 0 -46.25 -19.9166666666667 214.930091722844 28.2877502441406 306 15
"54" 1 0 -49.25 -22.4166666666667 231.876703860385 30.5452499389648 199 28
"55" 1 0 -53.9166666666667 -32.5833333333333 444.592339709796 28.5912494659424 129 88
"56" 2 0 -54.0833333333333 -26.5833333333333 364.330049653385 28.9942493438721 186 121
"57" 3 0 -49.0833333333333 -26.0833333333333 298.292637767774 25.2162494659424 205 84
"58" 2 0 -51.75 -27.9166666666667 345.42420448376 27.5774993896484 197 116
"59" 1 0 -50.4166666666667 -29.4166666666667 314.717159042156 23.8227500915527 200 135
"60" 1 0 -50.9166666666667 -27.75 327.998542015707 25.4745006561279 171 111
"61" 3 0 -41.0833333333333 -18.4166666666667 185.665810811508 30.1595001220703 188 26
"62" 2 0 -54.25 -28.4166666666667 390.375183906009 30.6312503814697 186 136
"63" 2 0 -45.9166666666667 -20.0833333333333 249.157526129307 31.5755004882812 283 14
"64" 2 0 -48.5833333333333 -27.4166666666667 314.532036147378 28.6880741119385 188 99
"65" 2 0 -54.25 -26.5833333333333 371.725808070012 29.3132495880127 179 106
"66" 3 0 -50.4166666666667 -27.5833333333333 327.727872073863 25.1145000457764 154 103
"67" 3 0 -50.75 -28.25 317.34394607779 25.3570003509521 161 107
"68" 3 0 -50.4166666666667 -24.75 293.017544163054 27.8229999542236 160 73
"69" 3 0 -43.5833333333333 -19.75 198.681238932183 28.8024997711182 325 15
"70" 1 0 -40.0833333333333 -18.75 186.434159896479 31.3179988861084 173 42
"71" 3 0 -41.0833333333333 -21.0833333333333 211.660202581322 31.8007507324219 174 32
"72" 2 0 -41.0833333333333 -18.25 183.720908594636 31.6187496185303 182 24
"73" 2 0 -54.0833333333333 -28.9166666666667 380.781291972434 29.2910003662109 177 133
"74" 1 0 -45.4166666666667 -19.75 224.235697005838 31.701000213623 288 11
"75" 2 0 -53.25 -27.25 406.244852951371 30.3215007781982 205 136
"76" 1 0 -43.25 -19.0833333333333 235.411494162441 29.9610004425049 298 12
"77" 2 0 -44.4166666666667 -19.5833333333333 201.043152684014 30.8684997558594 281 11
"78" 3 0 -39.25 -16.4166666666667 154.868287913773 29.7117500305176 150 87
"79" 2 0 -49.4166666666667 -26.75 315.42029142748 26.9347496032715 188 86
"80" 2 0 -48.4166666666667 -22.0833333333333 238.319404195888 30.1627502441406 236 21
"81" 1 0 -50.4166666666667 -29.5833333333333 315.914599602722 25.1625003814697 178 118
"82" 2 0 -45.75 -21.75 251.342477860598 30.4575004577637 286 26
"83" 1 0 -53.4166666666667 -27.9166666666667 373.517230245272 29.6520004272461 191 130
"84" 3 0 -47.9166666666667 -22.25 234.193513252507 28.5142498016357 250 26
"85" 3 0 -42.9166666666667 -20.75 239.16118590121 29.6389999389648 251 20
"86" 3 0 -47.9166666666667 -22.75 247.843224405243 29.4764995574951 230 26
"87" 2 0 -40.9166666666667 -20.25 208.041716709374 27.9120006561279 203 44
"88" 1 0 -48.75 -28.4166666666667 304.906885032914 28.398229598999 161 90
"89" 3 0 -45.4166666666667 -21.5833333333333 255.2386890172 30.0982494354248 278 20
"90" 3 0 -52.4166666666667 -26.5833333333333 334.662779349004 28.0587501525879 227 142
"91" 2 0 -42.4166666666667 -17.4166666666667 179.095925592889 29.3262500762939 220 6
"92" 2 0 -48.9166666666667 -23.4166666666667 247.466861863631 29.630500793457 187 33
"93" 3 0 -48.75 -22.0833333333333 235.890926385946 30.8225002288818 225 21
"94" 3 0 -51.9166666666667 -32.0833333333333 404.042254318394 27.2678565979004 124 62
"95" 2 0 -48.4166666666667 -23.0833333333333 233.340051195472 28.3185005187988 217 36
"96" 1 0 -53.5833333333333 -27.4166666666667 393.695457320316 29.7544994354248 197 136
"97" 1 0 -53.25 -30.0833333333333 410.352178687156 29.7030010223389 142 110
"98" 2 0 -50.75 -30.9166666666667 358.96173536125 27.4873714447021 141 86
"99" 2 0 -53.5833333333333 -29.4166666666667 385.898180037567 28.7360000610352 151 124
"100" 3 0 -49.5833333333333 -25.5833333333333 296.986568298862 26.3242492675781 178 71
"101" 1 0 -52.75 -24.0833333333333 285.763860359602 29.0152492523193 170 77
"102" 3 0 -46.4166666666667 -23.9166666666667 240.292112835886 30.2969093322754 332 106
"103" 3 0 -50.5833333333333 -26.75 317.553858562275 24.3169994354248 166 93
"104" 1 0 -54.0833333333333 -28.4166666666667 387.103950621682 30.5564994812012 186 134
"105" 3 0 -46.0833333333333 -21.9166666666667 226.338271967341 28.5310001373291 297 29
"106" 2 0 -41.25 -22.0833333333333 198.995155273722 31.1287746429443 151 32
"107" 1 0 -48.9166666666667 -25.25 283.783522681247 26.2917499542236 237 80
"108" 3 0 -52.75 -26.0833333333333 343.132846559688 28.3819999694824 203 116
"109" 2 0 -42.5833333333333 -19.4166666666667 198.955433898811 31.0235004425049 264 13
"110" 3 0 -50.0833333333333 -24.4166666666667 279.939472632517 27.369499206543 193 68
"111" 1 0 -49.5833333333333 -25.9166666666667 309.337915574095 26.3034992218018 154 73
"112" 1 0 -43.75 -17.9166666666667 170.770457696477 26.8902492523193 253 9
"113" 1 0 -55.0833333333333 -29.25 405.752849282872 30.0582504272461 170 124
"114" 3 0 -50.25 -26.9166666666667 319.124756432649 24.6690006256104 170 94
"115" 3 0 -50.4166666666667 -25.0833333333333 300.496806038463 27.589750289917 156 76
"116" 2 0 -51.5833333333333 -27.5833333333333 340.728781761882 27.1984996795654 198 104
"117" 2 0 -51.75 -30.25 375.798674389999 27.7802505493164 141 101
"118" 2 0 -54.0833333333333 -26.4166666666667 365.589874258944 29.0275001525879 187 117
"119" 2 0 -44.75 -21.5833333333333 224.162631487583 29.0197505950928 311 18
"120" 2 0 -49.0833333333333 -25.25 283.053130039769 26.42799949646 225 80
"121" 2 0 -50.4166666666667 -28.9166666666667 308.533091390987 25.023250579834 171 121
"122" 1 0 -52.5833333333333 -29.25 366.219185577811 27.1207504272461 172 79
"123" 1 0 -50.25 -28.25 306.172604137363 24.4090003967285 149 100
"124" 2 0 -54.5833333333333 -32.0833333333333 453.018105824919 29.2897491455078 124 93
"125" 1 0 -39.25 -16.5833333333333 155.18409649999 29.9249992370605 149 88
"126" 2 0 -53.75 -28.4166666666667 377.151442477941 30.0174999237061 187 129
"127" 2 0 -49.25 -21.9166666666667 250.396319289513 31.3624992370605 210 24
"128" 3 0 -43.0833333333333 -17.4166666666667 177.204902345152 29.5127506256104 238 5
"129" 2 0 -39.75 -17.4166666666667 166.61925026788 30.8482494354248 137 58
"130" 2 0 -42.25 -22.9166666666667 213.967518732785 29.2265625 154 29
"131" 2 0 -42.0833333333333 -23.0833333333333 198.359304969869 28.0499992370605 148 32
"132" 3 0 -51.25 -29.75 355.274280551828 28.7744998931885 147 102
"133" 2 0 -50.4166666666667 -21.75 270.296390406325 31.4832496643066 204 24
"134" 1 0 -51.4166666666667 -29.4166666666667 344.654414358521 27.2285003662109 154 109
"135" 3 0 -47.25 -23.9166666666667 247.72339150216 25.5599994659424 267 64
"136" 1 0 -43.25 -21.25 222.21151573737 30.224250793457 257 16
"137" 1 0 -49.25 -23.5833333333333 263.507628286617 29.6517505645752 179 42
"138" 2 0 -51.9166666666667 -25.5833333333333 308.675940177654 26.7957496643066 190 107
"139" 2 0 -54.0833333333333 -28.0833333333333 383.358622833209 30.5615005493164 189 135
"140" 1 0 -52.9166666666667 -24.25 292.066550745538 29.2202491760254 196 76
"141" 3 0 -41.75 -19.4166666666667 199.849211736493 30.1159992218018 217 20
"142" 1 0 -47.5833333333333 -22.0833333333333 226.184397113379 28.992000579834 249 22
"143" 3 0 -42.4166666666667 -22.25 246.971130520618 26.9512500762939 244 27
"144" 3 0 -52.25 -27.9166666666667 350.798688054114 28.1310005187988 201 122
"145" 2 0 -52.4166666666667 -30.25 407.889336971212 29.5380001068115 138 98
"146" 3 0 -44.4166666666667 -22.9166666666667 230.380510663641 28.79909324646 266 40
"147" 1 0 -39.9166666666667 -16.4166666666667 164.26407652823 30.4204998016357 116 40
"148" 1 0 -51.25 -30.4166666666667 363.398137925461 28.1757469177246 132 94
"149" 2 0 -44.0833333333333 -19.5833333333333 192.353031766939 30.5189990997314 281 12
"150" 3 0 -52.9166666666667 -29.5833333333333 377.883258267997 27.6359996795654 159 92
"151" 3 0 -40.9166666666667 -16.4166666666667 179.628467434485 30.6975002288818 165 20
"152" 3 0 -52.4166666666667 -27.9166666666667 352.673044845105 28.480749130249 197 122
"153" 1 0 -46.5833333333333 -20.9166666666667 223.639479332097 28.5305004119873 280 16
"154" 2 0 -40.25 -18.0833333333333 180.488885701278 31.8027496337891 167 41
"155" 2 0 -53.4166666666667 -29.5833333333333 390.646670604015 29.1725006103516 147 117
"156" 2 0 -49.9166666666667 -28.75 299.791979091342 24.5362491607666 169 111
"157" 1 0 -48.4166666666667 -27.4166666666667 313.485618632278 29.0029201507568 186 105
"158" 3 0 -42.0833333333333 -19.25 191.208112473924 31.9745006561279 225 17
"159" 1 0 -52.9166666666667 -26.0833333333333 341.528672387822 28.5202503204346 210 120
"160" 3 0 -41.75 -19.5833333333333 204.125872978887 30.9409999847412 212 19
"161" 1 0 -42.9166666666667 -19.5833333333333 220.945868001163 29.21875 310 13
"162" 2 0 -46.9166666666667 -24.25 251.82106808025 30.7308025360107 278 74
"163" 1 0 -47.4166666666667 -23.75 243.692220567848 25.6047496795654 251 53
"164" 3 0 -54.5833333333333 -29.5833333333333 406.057633777984 30.0437507629395 160 128
"165" 1 0 -41.0833333333333 -16.4166666666667 181.291497484701 30.5550003051758 169 13
"166" 3 0 -55.25 -30.25 428.297278344161 29.7302494049072 148 114
"167" 3 0 -47.9166666666667 -22.9166666666667 246.066868994476 29.64674949646 215 25
"168" 1 0 -53.0833333333333 -27.0833333333333 390.2334326152 30.1200008392334 206 137
"169" 3 0 -45.0833333333333 -23.25 260.211006624335 25.8292503356934 274 37
"170" 2 0 -52.75 -32.4166666666667 409.444341566717 27.4365005493164 122 75
"171" 3 0 -52.9166666666667 -31.5833333333333 410.610658572166 28.2082500457764 139 89
"172" 3 0 -55.0833333333333 -31.0833333333333 443.379797571666 29.7880001068115 137 104
"173" 2 0 -52.0833333333333 -28.25 348.687254560163 27.3554992675781 200 122
"174" 2 0 -49.25 -28.4166666666667 317.858180409056 28.7502498626709 181 81
"175" 1 0 -52.4166666666667 -31.25 402.440999437994 27.4405002593994 142 89
"176" 1 0 -40.5833333333333 -18.25 182.023658873026 31.7257499694824 175 32
"177" 3 0 -43.25 -22.5833333333333 226.691885748327 30.3344993591309 258 51
"178" 3 0 -51.0833333333333 -22.25 249.806893955359 30.9724998474121 213 35
"179" 3 0 -52.9166666666667 -24.5833333333333 310.493145343295 29.418249130249 228 81
"180" 3 0 -49.9166666666667 -23.4166666666667 279.636775446116 29.9787502288818 173 60
"181" 1 0 -49.4166666666667 -28.0833333333333 295.123099547414 23.8075008392334 192 101
"182" 2 0 -50.0833333333333 -30.0833333333333 339.455629198224 27.6590919494629 146 91
"183" 1 0 -47.9166666666667 -24.25 288.347045266474 30.6712493896484 229 54
"184" 2 0 -47.9166666666667 -23.25 247.534458464269 28.6730003356934 205 31
"185" 1 0 -48.75 -21.75 230.397975647918 31.0284996032715 239 19
"186" 3 0 -43.0833333333333 -18.75 236.609014355302 29.2329998016357 294 13
"187" 2 0 -40.75 -17.75 182.428601646238 32.0455017089844 172 29
"188" 2 0 -44.0833333333333 -18.9166666666667 219.20587785308 31.5890007019043 254 6
"189" 2 0 -46.5833333333333 -22.9166666666667 237.788790322737 27.4532508850098 234 29
"190" 2 0 -52.75 -30.75 413.670915655187 28.2964992523193 141 100
"191" 3 0 -54.75 -30.75 430.957268202973 29.8497505187988 141 112
"192" 1 0 -51.4166666666667 -27.0833333333333 340.68240153496 27.1270008087158 191 100
"193" 3 0 -52.9166666666667 -28.75 377.194126828385 29.4297504425049 157 110
"194" 3 0 -53.75 -32.75 438.227577069366 28.398250579834 130 88
"195" 1 0 -41.25 -20.75 214.778437883768 31.9657497406006 190 26
"196" 1 0 -50.9166666666667 -24.0833333333333 284.117294265485 27.8402500152588 183 75
"197" 3 0 -39.4166666666667 -16.5833333333333 156.830494555729 30.1377506256104 147 73
"198" 2 0 -40.25 -19.75 197.135079913809 31.2689990997314 193 44
"199" 2 0 -49.9166666666667 -24.5833333333333 284.433786536282 26.9707508087158 205 75
"200" 2 0 -41.4166666666667 -20.9166666666667 220.706813863948 30.076000213623 200 29
"201" 2 0 -47.75 -23.5833333333333 254.077198293131 28.2565002441406 190 35
"202" 1 0 -46.9166666666667 -22.0833333333333 234.953422609196 29.7255001068115 252 21
"203" 1 0 -42.75 -18.9166666666667 229.096742210304 29.1009998321533 294 14
"204" 2 0 -42.9166666666667 -21.0833333333333 230.365744546988 31.2320003509521 238 14
"205" 3 0 -53.0833333333333 -24.25 299.246141161056 29.6937503814697 194 74
"206" 3 0 -49.75 -27.25 333.006268959982 27.5827503204346 177 105
"207" 3 0 -43.5833333333333 -18.75 205.186037785703 27.2425003051758 287 15
"208" 1 0 -49.5833333333333 -26.75 311.502134538682 25.4492492675781 179 86
"209" 1 0 -50.5833333333333 -27.25 328.219024090906 25.0647506713867 166 98
"210" 1 0 -44.4166666666667 -18.9166666666667 208.883052063371 31.2320003509521 278 8
"211" 1 0 -51.5833333333333 -25.5833333333333 292.062565435191 25.9547500610352 181 100
"212" 3 0 -39.75 -18.9166666666667 187.284120805559 31.2260265350342 171 49
"213" 2 0 -41.4166666666667 -19.9166666666667 206.610701122539 31.0214996337891 206 25
"214" 1 0 -52.0833333333333 -23.4166666666667 292.914540513672 28.4074993133545 155 47
"215" 1 0 -44.75 -20.75 210.436822964215 28.3827495574951 340 17
"216" 2 0 -50.0833333333333 -25.0833333333333 295.037454089367 27.3012504577637 182 80
"217" 1 0 -50.5833333333333 -23.9166666666667 280.945539729495 28.6235008239746 183 67
"218" 3 0 -51.5833333333333 -26.4166666666667 319.046732700157 25.2317504882812 178 106
"219" 3 0 -52.5833333333333 -26.9166666666667 339.105307541934 28.080249786377 215 150
"220" 2 0 -53.5833333333333 -30.25 413.20203110336 29.4312496185303 143 115
"221" 3 0 -47.0833333333333 -24.4166666666667 262.16320853391 29.197473526001 292 82
"222" 1 0 -42.9166666666667 -17.4166666666667 181.845869041714 30.2317504882812 231 5
"223" 1 0 -45.0833333333333 -19.75 212.529723743609 31.1525001525879 293 11
"224" 3 0 -43.5833333333333 -23.0833333333333 206.5052953822 31.9106788635254 175 45
"225" 2 0 -45.5833333333333 -21.5833333333333 254.963685866909 30.3120002746582 276 22
"226" 3 0 -44.25 -20.0833333333333 193.989179172948 30.1037502288818 322 14
"227" 1 0 -53.75 -30.25 413.1025005539 29.4915008544922 146 117
"228" 3 0 -48.5833333333333 -24.4166666666667 312.243520652059 28.1182498931885 196 55
"229" 2 0 -39.75 -18.75 183.795665221338 31.169116973877 167 50
"230" 3 0 -54.25 -30.25 417.380563880647 30.1180000305176 149 120
"231" 1 0 -49.5833333333333 -27.5833333333333 319.449008187979 26.3290004730225 186 99
"232" 1 0 -51.25 -23.9166666666667 267.941412670875 26.9955005645752 192 73
"233" 1 0 -41.4166666666667 -17.0833333333333 183.774632709224 29.5727500915527 172 16
"234" 2 0 -52.25 -23.0833333333333 271.990162904406 29.7059993743896 157 47
"235" 2 0 -49.25 -28.9166666666667 329.11437224161 29.0262298583984 150 81
"236" 2 0 -39.5833333333333 -17.5833333333333 165.527362448041 30.8072490692139 145 65
"237" 1 0 -52.25 -28.25 354.470908920124 27.8537502288818 199 122
"238" 3 0 -42.5833333333333 -22.0833333333333 244.218902312695 28.1282501220703 264 25
"239" 2 0 -52.4166666666667 -23.75 282.544799518091 28.9717502593994 163 65
"240" 2 0 -54.5833333333333 -30.25 419.957140193693 29.9812507629395 150 119
"241" 2 0 -48.9166666666667 -27.5833333333333 306.606147392571 26.6447505950928 221 90
"242" 2 0 -49.75 -23.5833333333333 271.437887758619 29.7827491760254 167 42
"243" 1 0 -46.4166666666667 -19.9166666666667 212.092920747178 28.5002498626709 310 14
"244" 3 0 -50.25 -27.4166666666667 324.726546511638 24.8595008850098 163 100
"245" 1 0 -55.0833333333333 -30.25 427.453315615919 30.0587501525879 149 114
"246" 2 0 -52.4166666666667 -27.75 351.268500420348 28.4034996032715 195 123
"247" 3 0 -41.0833333333333 -20.4166666666667 211.078650648366 27.4185009002686 205 38
"248" 3 0 -51.0833333333333 -23.9166666666667 268.90439250607 27.1135005950928 193 72
"249" 1 0 -42.0833333333333 -16.75 172.769769435129 32.9417495727539 172 4
"250" 3 0 -46.0833333333333 -22.4166666666667 245.864789168245 28.1714992523193 289 30
"251" 1 0 -39.4166666666667 -17.25 160.265625346016 30.628999710083 150 69
"252" 1 0 -39.0833333333333 -16.75 156.734321584449 30.1468086242676 152 87
"253" 2 0 -46.75 -20.9166666666667 220.010521055047 28.2674999237061 280 16
"254" 1 0 -48.4166666666667 -25.75 305.204995850635 28.7933330535889 269 84
"255" 3 0 -51.9166666666667 -25.9166666666667 310.059424587483 25.6215000152588 191 113
"256" 3 0 -52.5833333333333 -23.4166666666667 285.12967092111 30.2182502746582 159 54
"257" 1 0 -53.9166666666667 -27.75 386.776553922998 30.3957500457764 191 133
"258" 2 0 -48.25 -25.25 295.803856233987 29.349588394165 310 79
"259" 1 0 -44.5833333333333 -19.75 202.589128377751 30.6560001373291 308 11
"260" 2 0 -40.0833333333333 -18.5833333333333 182.978098665511 31.3659992218018 171 43
"261" 2 0 -51.75 -26.75 318.146811764752 25.1625003814697 186 107
"262" 1 0 -40.25 -18.5833333333333 185.245401582864 31.7544994354248 173 39
"263" 1 0 -53.25 -31.4166666666667 410.812341626574 27.6062507629395 142 95
"264" 3 0 -49.9166666666667 -25.5833333333333 303.518359409085 26.7727508544922 182 74
"265" 1 0 -51.0833333333333 -24.25 296.665415452401 29.0067501068115 181 76
"266" 3 0 -50.25 -22.4166666666667 269.692227408223 30.29075050354 203 36
"267" 2 0 -49.9166666666667 -21.75 262.348018371433 31.206750869751 209 25
"268" 2 0 -49.4166666666667 -26.0833333333333 308.442960223731 25.3649997711182 171 78
"269" 2 0 -53.5833333333333 -31.75 421.308117793757 27.9772491455078 134 92
"270" 1 0 -50.75 -22.75 270.474502677083 31.0327491760254 188 40
"271" 1 0 -43.4166666666667 -21.75 212.809699175365 28.2787494659424 264 18
"272" 3 0 -53.5833333333333 -29.75 400.027869943001 29.6550006866455 149 124
"273" 1 0 -52.5833333333333 -27.5833333333333 350.875147726167 28.3947505950928 188 124
"274" 1 0 -50.5833333333333 -25.0833333333333 298.986938659789 27.2137508392334 161 76
"275" 2 0 -49.75 -23.9166666666667 277.239677152145 29.3409996032715 172 43
"276" 1 0 -46.75 -21.4166666666667 228.253687678934 29.3700008392334 265 17
"277" 1 0 -50.25 -25.9166666666667 321.419516450166 26.6867504119873 181 73
"278" 2 0 -53.4166666666667 -26.0833333333333 337.569773240302 28.4937496185303 215 113
"279" 2 0 -51.4166666666667 -28.25 331.141677165175 26.1725006103516 190 115
"280" 2 0 -43.25 -23.0833333333333 198.438594688945 30.9599990844727 159 41
"281" 3 0 -53.75 -30.4166666666667 411.467456154633 28.89674949646 147 115
"282" 3 0 -50.0833333333333 -25.5833333333333 306.648805150127 26.7652492523193 192 76
"283" 1 0 -49.4166666666667 -25.4166666666667 289.590609759039 26.2935009002686 209 77
"284" 2 0 -42.0833333333333 -19.5833333333333 211.557742756689 30.2292499542236 230 18
"285" 3 0 -53.4166666666667 -32.5833333333333 428.689608307143 28.3384990692139 129 84
"286" 3 0 -40.4166666666667 -19.4166666666667 194.576818554903 30.6805000305176 190 39
"287" 3 0 -44.9166666666667 -19.75 213.048221328163 31.2474994659424 296 10
"288" 2 0 -49.4166666666667 -26.25 310.857884799335 25.5467491149902 179 83
"289" 2 0 -48.9166666666667 -27.9166666666667 299.012439394117 25.7779998779297 215 93
"290" 1 0 -50.9166666666667 -22.4166666666667 264.205976161932 31.5262508392334 206 37
"291" 1 0 -41.4166666666667 -22.25 206.264607958144 31.4723072052002 153 33
"292" 3 0 -46.4166666666667 -21.9166666666667 214.090602386476 27.9787502288818 299 27
"293" 3 0 -39.75 -18.0833333333333 173.203890857043 30.9037494659424 177 78
"294" 1 0 -51.0833333333333 -22.9166666666667 267.025414278381 30.6502494812012 186 44
"295" 2 0 -54.9166666666667 -30.75 434.930701587846 29.9099998474121 140 112
"296" 3 0 -53.4166666666667 -25.4166666666667 347.518275218581 29.2719993591309 198 110
"297" 1 0 -53.9166666666667 -30.75 414.172507912722 28.8227500915527 150 113
"298" 1 0 -41.4166666666667 -21.25 215.18988189044 31.8850002288818 187 24
"299" 1 0 -45.75 -23.4166666666667 251.842408749272 26.8754997253418 240 38
"300" 2 0 -52.0833333333333 -24.75 287.059980048597 27.3057498931885 207 87
"301" 1 0 -42.5833333333333 -19.5833333333333 198.227887469875 31.8687496185303 251 11
"302" 3 0 -45.4166666666667 -22.9166666666667 233.122780858791 29.6009998321533 226 22
"303" 3 0 -51.9166666666667 -28.0833333333333 350.785497936819 27.9444999694824 198 120
"304" 3 0 -44.9166666666667 -21.4166666666667 228.558320699303 29.3352508544922 308 19
"305" 2 0 -52.4166666666667 -27.4166666666667 346.383324436627 27.8605003356934 192 127
"306" 1 0 -51.4166666666667 -29.0833333333333 341.195775323447 26.1774997711182 170 117
"307" 3 0 -48.5833333333333 -26.75 316.492474134945 28.9962272644043 223 84
"308" 2 0 -54.75 -30.0833333333333 419.81638488888 30.1364994049072 152 119
"309" 1 0 -52.4166666666667 -31.4166666666667 398.655649522061 27.6545009613037 142 87
"310" 2 0 -52.5833333333333 -28.25 361.915632296818 28.6770000457764 187 124
"311" 3 0 -42.0833333333333 -17.25 173.582222619531 29.7875003814697 197 7
"312" 1 0 -53.9166666666667 -26.25 354.554701756408 28.4447498321533 194 120
"313" 3 0 -52.5833333333333 -27.0833333333333 342.545665901906 28.2439994812012 204 133
"314" 1 0 -44.25 -18.5833333333333 213.153230290932 32.0550003051758 231 5
"315" 1 0 -49.0833333333333 -21.9166666666667 240.713965244653 31.1782493591309 215 22
"316" 3 0 -49.5833333333333 -28.25 287.506397673214 22.0144996643066 183 108
"317" 2 0 -52.0833333333333 -27.25 346.941177011888 28.0879993438721 196 131
"318" 1 0 -54.4166666666667 -28.5833333333333 391.452865726764 30.621000289917 185 138
"319" 1 0 -52.0833333333333 -24.5833333333333 287.184410265221 28.0552501678467 191 80
"320" 3 0 -51.4166666666667 -28.75 336.21065334093 26.1035003662109 182 116
"321" 2 0 -44.9166666666667 -20.5833333333333 213.631963241723 29.1124992370605 304 16
"322" 2 0 -43.4166666666667 -17.75 181.137376180248 29.0027503967285 244 8
"323" 3 0 -48.25 -25.5833333333333 299.270788545472 29.0562496185303 288 86
"324" 2 0 -41.75 -17.5833333333333 187.059681642007 30.2417507171631 191 14
"325" 3 0 -49.4166666666667 -22.25 248.342993256822 30.824499130249 204 31
"326" 2 0 -54.75 -30.25 421.47851044131 29.9850006103516 150 117
"327" 3 0 -51.5833333333333 -22.75 261.585167357415 30.9882507324219 175 44
"328" 3 0 -43.25 -19.5833333333333 222.351851593512 29.1107501983643 335 12
"329" 3 0 -41.25 -20.9166666666667 214.20839018743 30.8540000915527 190 29
"330" 1 0 -49.25 -27.25 316.945320402825 26.8662490844727 197 94
"331" 3 0 -43.75 -18.25 171.69218839357 25.9869995117188 288 7
"332" 3 0 -54.0833333333333 -31.0833333333333 418.278511873775 29.1837501525879 149 108
"333" 3 0 -51.75 -30.9166666666667 387.622063403064 28.173999786377 133 92
"334" 2 0 -49.25 -24.5833333333333 310.030104994889 28.9302501678467 170 61
"335" 1 0 -49.0833333333333 -22.0833333333333 232.362211317984 30.8994998931885 207 26
"336" 2 0 -44.4166666666667 -21.4166666666667 224.579193540614 28.9792499542236 308 16
"337" 2 0 -49.5833333333333 -21.5833333333333 251.636062500711 31.3425006866455 210 22
"338" 3 0 -50.4166666666667 -23.75 281.58699809747 29.7665004730225 183 65
"339" 2 0 -48.25 -22.75 243.869037557431 29.8784999847412 226 28
"340" 1 0 -49.25 -26.5833333333333 309.821067238585 27.0645008087158 201 86
"341" 2 0 -52.9166666666667 -32.5833333333333 410.159249688147 27.0682506561279 125 77
"342" 1 0 -48.4166666666667 -23.75 269.918684412572 28.8067493438721 190 39
"343" 3 0 -39.75 -16.75 157.646706231905 30.3279991149902 135 54
"344" 3 0 -42.4166666666667 -18.4166666666667 215.064901996642 31.0715007781982 251 12
"345" 2 0 -40.75 -19.4166666666667 194.459389673853 31.1569995880127 192 32
"346" 1 0 -55.0833333333333 -29.9166666666667 421.870187586274 30.2730007171631 156 120
"347" 3 0 -40.75 -20.75 207.53118923279 31.1707077026367 181 42
"348" 2 0 -39.9166666666667 -16.75 160.665729381838 29.8907508850098 129 53
"349" 1 0 -40.0833333333333 -19.75 196.662922586559 31.1103076934814 190 47
"350" 1 0 -42.9166666666667 -22.9166666666667 210.886550398527 31.1229362487793 187 23
"351" 2 0 -49.4166666666667 -22.0833333333333 250.835207671611 30.8117504119873 207 30
"352" 2 0 -43.9166666666667 -21.75 212.204339697165 26.9095001220703 283 19
"353" 1 0 -53.9166666666667 -29.4166666666667 387.378314335218 28.9277496337891 158 131
"354" 3 0 -49.75 -24.25 284.228871164754 28.5107498168945 206 60
"355" 3 0 -53.4166666666667 -30.25 413.427314659507 29.630500793457 140 112
"356" 1 0 -45.4166666666667 -20.75 232.252840098525 30.0252494812012 289 19
"357" 1 0 -45.75 -22.4166666666667 256.655491460902 29.6569995880127 269 26
"358" 1 0 -52.75 -29.75 396.711741250995 29.4702491760254 156 86
"359" 1 0 -43.5833333333333 -22.0833333333333 227.332425924093 29.2207508087158 223 20
"360" 2 0 -51.9166666666667 -31.0833333333333 393.635256884913 28.1415004730225 135 89
"361" 2 0 -48.0833333333333 -23.9166666666667 276.492671311468 28.070499420166 195 41
"362" 1 0 -42.4166666666667 -16.75 172.333895440275 31.44700050354 199 5
"363" 3 0 -46.9166666666667 -20.9166666666667 218.552533469027 28.8050003051758 279 16
"364" 1 0 -42.4166666666667 -22.4166666666667 238.465462305837 27.4512500762939 222 27
"365" 1 0 -42.4166666666667 -20.75 234.129422432345 28.1159992218018 244 19
"366" 2 0 -51.75 -24.5833333333333 282.783830469231 27.3735008239746 201 80
"367" 3 0 -43.9166666666667 -17.9166666666667 174.480444882192 28.1422500610352 235 4
"368" 2 0 -53.75 -31.25 416.598549437695 28.6082496643066 146 102
"369" 2 0 -43.75 -20.4166666666667 200.226845075462 27.2565002441406 301 12
"370" 3 0 -43.5833333333333 -17.9166666666667 188.732334891616 29.5847492218018 238 9
"371" 2 0 -51.9166666666667 -31.75 401.315238590436 27.3999996185303 129 68
"372" 2 0 -52.4166666666667 -30.9166666666667 410.424005434936 28.3497505187988 140 93
"373" 1 0 -51.0833333333333 -22.5833333333333 262.881056003644 31.0957508087158 205 37
"374" 1 0 -42.0833333333333 -20.9166666666667 235.658411054765 30.894250869751 229 17
"375" 2 0 -50.75 -30.5833333333333 349.658954490202 27.5375003814697 145 88
"376" 1 0 -42.4166666666667 -19.0833333333333 202.407814539801 30.9519996643066 254 15
"377" 2 0 -50.75 -31.25 371.465151363164 27.3999996185303 135 81
"378" 3 0 -51.4166666666667 -23.25 264.253391003629 28.7684993743896 189 52
"379" 2 0 -52.25 -26.4166666666667 324.995132576762 26.625 232 132
"380" 1 0 -52.75 -25.5833333333333 339.740145414585 28.6327495574951 211 98
"381" 1 0 -52.9166666666667 -32.0833333333333 416.178379124223 28.513500213623 131 82
"382" 3 0 -51.0833333333333 -23.0833333333333 268.363995698229 30.4475002288818 186 47
"383" 2 0 -41.4166666666667 -16.75 179.221765783238 29.8712501525879 170 11
"384" 3 0 -52.5833333333333 -26.75 350.474662343463 28.7502498626709 215 149
"385" 2 0 -40.4166666666667 -17.0833333333333 178.062872942942 30.9907493591309 161 42
"386" 1 0 -45.75 -20.0833333333333 246.361645699428 31.8262500762939 279 13
"387" 2 0 -43.75 -18.75 200.449516951542 27.3802490234375 288 12
"388" 1 0 -43.0833333333333 -17.5833333333333 185.703750692767 29.7617492675781 240 6
"389" 3 0 -44.5833333333333 -19.5833333333333 205.50983053586 31.1282501220703 284 10
"390" 1 0 -43.5833333333333 -18.9166666666667 220.301010352358 28.8819999694824 284 15
"391" 1 0 -46.75 -20.4166666666667 217.384390165517 28.8577499389648 290 13
"392" 3 0 -53.0833333333333 -27.75 385.382671595072 29.7800006866455 190 127
"393" 3 0 -52.9166666666667 -31.4166666666667 407.913071732964 27.5642509460449 142 92
"394" 1 0 -50.5833333333333 -27.4166666666667 329.371160260906 25.19700050354 161 102
"395" 2 0 -53.4166666666667 -30.9166666666667 419.643441374861 28.9342498779297 143 103
"396" 1 0 -40.4166666666667 -19.25 192.423880013295 30.7280006408691 188 38
"397" 3 0 -42.75 -21.25 229.173959591824 30.5114994049072 241 15
"398" 1 0 -50.4166666666667 -26.5833333333333 322.822015827585 25.3169994354248 166 85
"399" 2 0 -50.25 -25.4166666666667 305.908960660801 27.113000869751 191 77
"400" 1 0 -48.25 -21.9166666666667 233.106821864308 30.0417499542236 241 21
"401" 1 0 -49.0833333333333 -27.4166666666667 309.091568634141 26.2709999084473 211 90
"402" 1 0 -53.75 -27.75 385.04331623232 30.3859996795654 193 134
"403" 2 0 -48.75 -24.9166666666667 302.735662382513 26.7802505493164 206 68
"404" 1 0 -50.75 -26.0833333333333 335.395427702456 27.0125007629395 161 88
"405" 1 0 -46.4166666666667 -22.9166666666667 238.658617890378 26.6797504425049 254 28
"406" 2 0 -45.9166666666667 -22.5833333333333 259.569273332951 28.2912502288818 291 31
"407" 2 0 -49.75 -23.0833333333333 280.764294396294 30.6284999847412 191 39
"408" 2 0 -45.4166666666667 -23.9166666666667 253.134091569881 28.072078704834 314 98
"409" 2 0 -52.25 -26.0833333333333 322.343118110374 26.5052509307861 207 125
"410" 1 0 -50.5833333333333 -24.25 289.57903841823 28.0249996185303 162 70
"411" 3 0 -49.9166666666667 -26.4166666666667 314.456783466421 25.6732501983643 169 80
"412" 3 0 -44.9166666666667 -19.0833333333333 197.600460636823 31.642749786377 274 10
"413" 1 0 -45.75 -23.75 248.738429144786 28.5783672332764 314 93
"414" 1 0 -39.5833333333333 -18.0833333333333 171.141727765187 30.687629699707 190 85
"415" 2 0 -45.4166666666667 -23.25 253.999106552525 27.4692497253418 238 26
"416" 1 0 -53.4166666666667 -29.9166666666667 406.152231348951 29.7982501983643 145 116
"417" 1 0 -41.5833333333333 -21.5833333333333 216.897042484115 31.7119998931885 191 23
"418" 3 0 -52.9166666666667 -26.4166666666667 325.197188525453 27.6520004272461 207 135
"419" 2 0 -52.0833333333333 -30.25 391.576644503507 28.2509994506836 139 97
"420" 2 0 -47.4166666666667 -22.9166666666667 239.75347007734 28.7019996643066 225 28
"421" 3 0 -55.0833333333333 -28.9166666666667 404.363409274906 30.5354995727539 174 128
"422" 2 0 -53.4166666666667 -28.25 372.831195143722 29.5275001525879 185 128
"423" 1 0 -43.25 -22.9166666666667 208.661170152281 30.5919399261475 183 42
"424" 3 0 -54.5833333333333 -30.5833333333333 425.31929047741 29.9099998474121 145 115
"425" 1 0 -52.5833333333333 -27.4166666666667 345.5163387598 28.0692501068115 193 125
"426" 3 0 -52.9166666666667 -30.5833333333333 414.7820428298 28.6375007629395 136 103
"427" 3 0 -54.0833333333333 -31.75 438.586068422726 29.5904998779297 130 95
"428" 2 0 -47.25 -23.25 236.067640656924 27.5965003967285 228 34
"429" 2 0 -47.5833333333333 -23.25 242.704833039476 28.3910007476807 211 30
"430" 3 0 -50.5833333333333 -24.9166666666667 294.035767218147 27.1797504425049 158 77
"431" 3 0 -47.0833333333333 -23.5833333333333 238.536315412865 25.7377490997314 245 44
"432" 3 0 -52.0833333333333 -32.0833333333333 403.956353286299 27.2383422851562 124 63
"433" 1 0 -41.0833333333333 -19.9166666666667 202.374918754058 30.9384994506836 202 32
"434" 2 0 -43.5833333333333 -19.5833333333333 198.12363897294 27.8365001678467 326 12
"435" 2 0 -51.5833333333333 -29.9166666666667 367.572139902263 28.7787494659424 147 102
"436" 1 0 -44.4166666666667 -20.25 195.513613199733 28.6762504577637 327 16
"437" 1 0 -40.0833333333333 -19.0833333333333 191.112777952337 31.0762500762939 179 40
"438" 2 0 -48.9166666666667 -24.5833333333333 324.173867572926 29.0647506713867 179 59
"439" 2 0 -43.25 -21.5833333333333 218.46299485827 29.5944995880127 268 17
"440" 3 0 -43.5833333333333 -20.0833333333333 196.39187342766 26.6782493591309 321 18
"441" 3 0 -42.0833333333333 -22.25 233.686273185832 28.871000289917 215 29
"442" 2 0 -49.0833333333333 -28.25 314.014983295938 28.7222499847412 181 81
"443" 1 0 -49.9166666666667 -28.4166666666667 296.195483788068 23.2019996643066 163 106
"444" 2 0 -43.75 -22.75 221.122526323699 32.2897491455078 220 40
"445" 1 0 -48.75 -26.5833333333333 307.940490892063 29.240779876709 237 83
"446" 3 0 -47.0833333333333 -22.25 238.383268770648 29.8624992370605 245 20
"447" 1 0 -41.75 -17.9166666666667 189.789317406335 29.8680000305176 202 18
"448" 2 0 -54.25 -27.25 390.16549658021 30.6812496185303 179 124
"449" 1 0 -52.0833333333333 -26.9166666666667 324.893413831731 26.7532501220703 211 127
"450" 1 0 -40.9166666666667 -16.9166666666667 182.608569085611 30.5424995422363 161 23
"451" 3 0 -54.5833333333333 -27.75 395.249022183319 31.324499130249 180 128
"452" 1 0 -54.5833333333333 -30.4166666666667 424.097162728161 29.9664993286133 147 117
"453" 1 0 -39.75 -18.4166666666667 176.776132908161 30.8052139282227 172 63
"454" 1 0 -39.25 -17.5833333333333 163.323789895076 30.437463760376 172 73
"455" 3 0 -41.25 -19.5833333333333 198.049516916262 32.0270004272461 198 25
"456" 1 0 -53.9166666666667 -30.5833333333333 411.341325244419 28.6622505187988 150 114
"457" 1 0 -44.4166666666667 -19.9166666666667 196.263358644521 30.2905006408691 326 14
"458" 2 0 -52.25 -29.4166666666667 361.861344425197 27.2124996185303 187 54
"459" 3 0 -50.0833333333333 -28.4166666666667 299.038393239125 23.8409996032715 156 105
"460" 3 0 -52.0833333333333 -22.9166666666667 267.911587511001 30.5262508392334 170 47
"461" 3 0 -41.75 -18.25 191.621341955365 31.956750869751 201 16
"462" 3 0 -49.9166666666667 -23.25 284.261958889723 30.210750579834 176 52
"463" 1 0 -53.75 -25.75 362.228651130894 29.5384998321533 209 111
"464" 1 0 -50.0833333333333 -24.9166666666667 288.250430957234 26.7297496795654 190 84
"465" 3 0 -53.25 -26.4166666666667 313.253105419398 27.7040004730225 207 134
"466" 2 0 -43.5833333333333 -18.0833333333333 186.323284002662 28.455249786377 251 9
"467" 2 0 -53.4166666666667 -25.25 329.921760284121 28.824499130249 193 109
"468" 1 0 -51.4166666666667 -22.9166666666667 264.77644677715 30.2977504730225 179 46
"469" 3 0 -43.0833333333333 -17.9166666666667 196.66811680018 29.2205009460449 254 8
"470" 1 0 -42.4166666666667 -18.5833333333333 220.204725335159 29.0667495727539 271 16
"471" 2 0 -41.0833333333333 -18.0833333333333 186.454997423017 31.7622489929199 180 24
"472" 3 0 -52.25 -25.4166666666667 317.89858120565 27.556999206543 194 105
"473" 1 0 -42.4166666666667 -21.9166666666667 245.832020093409 29.7817497253418 257 21
"474" 3 0 -51.5833333333333 -24.4166666666667 290.692510542818 28.5337505340576 188 80
"475" 3 0 -54.9166666666667 -31.5833333333333 449.43048480248 29.726749420166 126 104
"476" 3 0 -48.9166666666667 -22.25 228.038536912297 30.6202507019043 209 26
"477" 2 0 -45.75 -20.4166666666667 238.709048475624 30.869499206543 283 17
"478" 1 0 -48.25 -23.0833333333333 240.880807575074 29.0997505187988 211 28
"479" 2 0 -54.9166666666667 -30.9166666666667 437.017612119347 29.7657489776611 137 110
"480" 3 0 -45.25 -20.4166666666667 218.953356643201 29.0319995880127 296 18
"481" 3 0 -53.9166666666667 -27.25 392.471477414817 30.255500793457 190 135
"482" 2 0 -43.5833333333333 -17.75 184.532206507003 29.8902492523193 234 9
"483" 3 0 -51.4166666666667 -26.75 315.603598260138 24.4487495422363 176 104
"484" 2 0 -41.0833333333333 -21.9166666666667 196.772866990274 31.7897491455078 152 30
"485" 2 0 -44.9166666666667 -21.5833333333333 225.162132400477 29.1135005950928 307 18
"486" 2 0 -53.5833333333333 -28.75 373.501704953931 29.380500793457 176 125
"487" 2 0 -43.0833333333333 -22.4166666666667 223.031153298619 25.5939998626709 296 43
"488" 3 0 -39.75 -16.4166666666667 161.243644599059 30.1827507019043 134 46
"489" 1 0 -43.5833333333333 -22.25 230.948538897244 29.1504993438721 232 27
"490" 2 0 -51.75 -29.25 354.781023284955 27.2994995117188 163 102
"491" 2 0 -49.9166666666667 -29.0833333333333 316.323798286777 26.5907497406006 163 107
"492" 2 0 -49.0833333333333 -27.0833333333333 313.55186701842 26.9874992370605 202 93
"493" 1 0 -51.9166666666667 -26.75 323.605220590829 26.1534996032715 199 112
"494" 2 0 -42.0833333333333 -22.5833333333333 218.891255358859 31.3414993286133 175 34
"495" 1 0 -55.0833333333333 -30.0833333333333 425.248066386639 30.1607494354248 151 117
"496" 1 0 -50.75 -25.0833333333333 299.123714321942 27.119499206543 167 78
"497" 1 0 -54.9166666666667 -30.25 425.264257290729 30.1585006713867 149 115
"498" 1 0 -51.75 -28.5833333333333 340.825297616371 26.3837509155273 190 119
"499" 2 0 -47.4166666666667 -24.75 285.646740062194 30.2218742370605 257 91
"500" 3 0 -51.5833333333333 -26.9166666666667 318.895859142694 25.1935005187988 184 105
"501" 3 0 -42.5833333333333 -20.9166666666667 235.463069094235 28.5157508850098 246 20
"502" 1 0 -44.5833333333333 -19.9166666666667 196.966434372838 29.8802490234375 326 13
"503" 2 0 -43.75 -19.75 189.850788096242 29.7097492218018 312 11
"504" 1 0 -52.75 -27.5833333333333 359.166994770954 28.5537490844727 190 125
"505" 2 0 -51.75 -25.5833333333333 301.962867261355 26.4200000762939 186 104
"506" 1 0 -47.0833333333333 -23.4166666666667 236.549497821331 26.5512504577637 233 36
"507" 2 0 -48.5833333333333 -24.0833333333333 297.715335140215 28.1264991760254 194 43
"508" 3 0 -45.25 -19.0833333333333 198.660639053649 31.875 266 9
"509" 2 0 -53.4166666666667 -29.25 384.100432401023 28.9517498016357 152 117
"510" 1 0 -42.4166666666667 -17.5833333333333 184.697731096057 29.0317497253418 227 7
"511" 2 0 -50.5833333333333 -28.5833333333333 303.41513470374 24.963249206543 161 111
"512" 2 0 -51.0833333333333 -24.9166666666667 311.611958697363 28.5952491760254 176 80
"513" 1 0 -53.9166666666667 -26.5833333333333 355.235426411708 28.5737495422363 192 128
"514" 1 0 -41.0833333333333 -20.0833333333333 206.51879264585 29.8087501525879 204 35
"515" 2 0 -53.25 -28.5833333333333 374.541226426369 29.5237503051758 171 121
"516" 2 0 -48.5833333333333 -24.25 306.967061747676 27.3432502746582 197 48
"517" 1 0 -49.75 -25.75 303.316633605132 26.2232494354248 156 71
"518" 1 0 -44.5833333333333 -19.0833333333333 203.701515732591 31.2099990844727 272 9
"519" 3 0 -44.75 -19.75 205.303559670635 30.5552501678467 306 11
"520" 3 0 -45.9166666666667 -22.9166666666667 258.041090967528 26.6337509155273 286 33
"521" 1 0 -49.25 -27.5833333333333 306.208966967712 25.0757503509521 204 95
"522" 2 0 -53.5833333333333 -30.5833333333333 411.068185008108 28.4662494659424 145 112
"523" 2 0 -45.0833333333333 -23.5833333333333 244.53742592936 30.1416664123535 312 95
"524" 1 0 -54.25 -25.9166666666667 367.592080559464 30.1842498779297 197 106
"525" 3 0 -42.5833333333333 -17.75 192.588867032008 29.3560009002686 240 8
"526" 1 0 -50.25 -28.9166666666667 301.732113934198 24.4837493896484 169 122
"527" 2 0 -51.25 -22.9166666666667 265.863094366438 30.5935001373291 181 46
"528" 3 0 -47.9166666666667 -23.75 262.501312743933 27.7360000610352 196 39
"529" 2 0 -53.25 -30.9166666666667 416.390080852185 28.3417491912842 143 102
"530" 3 0 -48.5833333333333 -24.75 314.033062632395 28.9724998474121 210 62
"531" 1 0 -39.75 -16.9166666666667 160.256127231687 30.742000579834 140 56
"532" 3 0 -40.5833333333333 -19.25 191.959600487842 30.7887496948242 189 37
"533" 2 0 -49.0833333333333 -28.75 316.012929382362 29.2520961761475 161 84
"534" 3 0 -50.5833333333333 -30.75 352.962555374831 27.5322856903076 146 87
"535" 2 0 -49.4166666666667 -27.4166666666667 316.798765180262 26.0384998321533 194 96
"536" 2 0 -40.75 -16.5833333333333 173.135065125277 29.214750289917 147 30
"537" 2 0 -40.4166666666667 -16.9166666666667 173.815744243095 29.849250793457 148 44
"538" 2 0 -51.9166666666667 -24.9166666666667 284.632146698657 26.3622493743896 223 92
"539" 2 0 -46.9166666666667 -21.25 223.727179234976 29.125 268 17
"540" 3 0 -44.4166666666667 -22.0833333333333 234.13958499135 27.4594993591309 299 22
"541" 1 0 -42.75 -21.75 233.738320242025 30.2337493896484 264 19
"542" 3 0 -52.25 -30.0833333333333 397.79842422075 29.2182502746582 147 93
"543" 3 0 -51.25 -25.5833333333333 281.98436343398 24.4915008544922 184 97
"544" 1 0 -45.5833333333333 -21.25 246.178222870356 30.0289993286133 274 23
"545" 2 0 -51.9166666666667 -25.25 295.103518219714 26.6112499237061 200 100
"546" 2 0 -43.9166666666667 -21.0833333333333 205.672862757134 27.6770000457764 282 16
"547" 3 0 -48.5833333333333 -22.9166666666667 231.132764067115 28.9419994354248 222 34
"548" 3 0 -51.0833333333333 -27.9166666666667 329.200812471269 25.8657493591309 176 110
"549" 2 0 -44.0833333333333 -18.75 215.164893151565 31.1464996337891 245 6
"550" 2 0 -39.9166666666667 -17.75 172.956297885529 31.2662506103516 151 55
"551" 1 0 -54.25 -29.4166666666667 392.812076370997 29.4072494506836 161 131
"552" 2 0 -49.5833333333333 -29.0833333333333 337.711262997303 28.6072254180908 148 87
"553" 1 0 -49.4166666666667 -22.5833333333333 248.399218409996 30.5429992675781 203 32
"554" 1 0 -40.75 -16.25 177.172859945959 30.8232498168945 157 24
"555" 2 0 -51.5833333333333 -24.5833333333333 290.117696666586 27.9097499847412 195 78
"556" 3 0 -48.75 -22.25 235.139663250347 30.6497497558594 214 24
"557" 2 0 -50.0833333333333 -29.9166666666667 335.650963188957 27.7115383148193 146 92
"558" 3 0 -53.5833333333333 -29.5833333333333 386.730396994 28.4272499084473 148 125
"559" 2 0 -48.9166666666667 -22.75 228.41838689699 29.3129997253418 209 26
"560" 2 0 -52.0833333333333 -29.25 362.260991713417 27.6787490844727 175 75
"561" 2 0 -52.9166666666667 -24.9166666666667 314.082563093017 28.5032501220703 214 85
"562" 1 0 -47.25 -22.9166666666667 234.849225045067 28.8540000915527 228 28
"563" 1 0 -47.5833333333333 -23.75 252.43656361622 26.5590000152588 220 44
"564" 3 0 -46.5833333333333 -20.0833333333333 209.75337507724 28.2662506103516 310 17
"565" 2 0 -44.25 -22.4166666666667 240.215501552445 30.3857498168945 253 18
"566" 1 0 -44.25 -21.9166666666667 226.455785078101 27.5607490539551 293 19
"567" 2 0 -45.0833333333333 -19.4166666666667 207.708093136092 31.8819999694824 260 9
"568" 2 0 -40.9166666666667 -21.4166666666667 199.291675440193 30.8192310333252 151 26
"569" 1 0 -39.75 -18.25 174.166412251831 30.7455005645752 178 72
"570" 3 0 -44.25 -20.9166666666667 212.136215220575 28.2362499237061 308 15
"571" 1 0 -52.75 -32.9166666666667 407.033077349989 26.6665000915527 120 76
"572" 3 0 -44.25 -20.5833333333333 198.717972423462 27.8207492828369 313 15
"573" 2 0 -41.0833333333333 -20.9166666666667 211.156726031498 31.6112499237061 180 30
"574" 3 0 -49.75 -22.25 261.511581541101 29.9615001678467 217 30
"575" 1 0 -51.5833333333333 -26.25 319.919231678005 25.5160007476807 179 110
"576" 3 0 -53.25 -29.75 400.227956994977 29.7207489013672 146 112
"577" 3 0 -52.9166666666667 -31.0833333333333 417.296528514844 28.4857501983643 142 95
"578" 2 0 -45.5833333333333 -20.5833333333333 235.432375498784 30.1792507171631 283 18
"579" 2 0 -54.9166666666667 -30.5833333333333 431.755449254558 29.9642505645752 143 112
"580" 2 0 -47.75 -22.9166666666667 246.257323352065 29.0995006561279 217 25
"581" 3 0 -52.75 -29.9166666666667 403.039158956942 29.6175003051758 151 93
"582" 3 0 -42.5833333333333 -20.75 237.825470994004 29.0047492980957 244 18
"583" 2 0 -50.4166666666667 -28.75 299.42286355384 24.9882507324219 160 115
"584" 1 0 -52.5833333333333 -24.25 278.287559828911 28.1770000457764 199 84
"585" 2 0 -46.4166666666667 -20.0833333333333 223.267290362694 29.3157501220703 299 14
"586" 2 0 -51.4166666666667 -22.25 235.362969101492 31.2512493133545 196 37
"587" 2 0 -49.9166666666667 -25.75 304.969925583718 26.2887496948242 168 70
"588" 3 0 -42.0833333333333 -20.25 228.979656503513 29.0949993133545 233 20
"589" 3 0 -51.0833333333333 -23.25 267.055411440492 30.0750007629395 197 52
"590" 3 0 -49.25 -27.75 304.186803462057 24.8322505950928 202 100
"591" 1 0 -49.25 -23.0833333333333 247.673024114852 29.6730003356934 190 32
"592" 2 0 -49.9166666666667 -22.9166666666667 287.32474073927 31.1847496032715 187 41
"593" 3 0 -52.9166666666667 -24.4166666666667 300.056338666089 29.316499710083 215 79
"594" 1 0 -50.9166666666667 -28.9166666666667 321.316373069701 25.1814994812012 184 122
"595" 1 0 -42.9166666666667 -20.9166666666667 234.227059170199 29.7127494812012 249 19
"596" 3 0 -49.25 -24.0833333333333 290.502009962162 28.9899997711182 182 46
"597" 2 0 -50.5833333333333 -25.75 323.960169545638 26.963249206543 176 79
"598" 3 0 -45.9166666666667 -23.25 248.71692139592 27.9694995880127 224 29
"599" 3 0 -44.5833333333333 -22.0833333333333 234.537997031995 26.9979991912842 314 24
"600" 2 0 -52.25 -31.25 398.864348663571 27.6162490844727 139 88
"601" 3 0 -51.9166666666667 -23.9166666666667 298.884451178238 29.7889995574951 200 68
"602" 3 0 -52.9166666666667 -28.9166666666667 371.021097523393 28.3247509002686 158 105
"603" 3 0 -51.25 -24.0833333333333 292.079060967123 29.1152496337891 189 73
"604" 3 0 -45.5833333333333 -22.75 297.153299712722 26.5667495727539 314 34
"605" 3 0 -39.9166666666667 -18.5833333333333 180.347506231831 30.9407501220703 169 50
"606" 3 0 -40.9166666666667 -18.75 186.647068270498 31.58424949646 186 26
"607" 1 0 -42.25 -22.4166666666667 233.71841059257 29.2142505645752 204 26
"608" 1 0 -51.75 -28.9166666666667 351.009485864426 27.0922508239746 164 115
"609" 3 0 -53.5833333333333 -25.75 362.509140602119 29.5599994659424 224 98
"610" 3 0 -50.9166666666667 -27.5833333333333 336.038807919351 26.2064990997314 171 112
"611" 3 0 -52.25 -26.25 325.621923000152 26.5904998779297 219 127
"612" 2 0 -49.0833333333333 -24.25 295.873379929091 27.3875007629395 190 49
"613" 3 0 -44.75 -22.25 243.176812908376 26.0025005340576 327 25
"614" 3 0 -49.0833333333333 -23.9166666666667 286.007899019602 29.3705005645752 173 46
"615" 3 0 -46.0833333333333 -19.5833333333333 203.626469866032 28.4424991607666 301 16
"616" 3 0 -50.75 -23.4166666666667 263.183604305252 29.445499420166 181 58
"617" 2 0 -39.9166666666667 -18.75 183.999383526575 31.1049995422363 170 45
"618" 2 0 -50.75 -23.5833333333333 266.876548681546 28.7159996032715 188 62
"619" 2 0 -55.0833333333333 -28.4166666666667 400.552752450268 31.7014999389648 185 137
"620" 2 0 -54.9166666666667 -31.4166666666667 446.405932755245 29.6292495727539 130 104
"621" 3 0 -50.4166666666667 -23.4166666666667 269.998093130193 29.8349990844727 168 62
"622" 1 0 -50.0833333333333 -24.5833333333333 282.95534270587 26.7985000610352 196 77
"623" 2 0 -40.4166666666667 -16.4166666666667 169.560972705874 29.9344997406006 131 36
"624" 1 0 -44.5833333333333 -23.25 224.8919256169 30.4152431488037 285 85
"625" 1 0 -43.9166666666667 -20.4166666666667 195.604051144223 27.5537490844727 304 13
"626" 3 0 -48.75 -27.5833333333333 315.494559896093 28.6292495727539 209 92
"627" 3 0 -53.25 -29.4166666666667 383.533079460929 28.4214992523193 152 107
"628" 2 0 -52.9166666666667 -27.9166666666667 369.921008078797 29.0982494354248 183 125
"629" 1 0 -41.75 -20.5833333333333 227.359766658714 28.0832500457764 224 24
"630" 3 0 -52.75 -27.9166666666667 360.289363798994 28.8632507324219 186 125
"631" 1 0 -41.9166666666667 -20.25 226.250082028564 29.5289993286133 223 21
"632" 1 0 -47.5833333333333 -23.5833333333333 249.394423566095 27.6707496643066 200 34
"633" 3 0 -47.75 -22.25 234.088006278188 28.5617504119873 251 24
"634" 1 0 -48.4166666666667 -23.4166666666667 246.843743196317 28.9962501525879 198 35
"635" 3 0 -47.0833333333333 -22.4166666666667 240.873686580252 29.2722492218018 242 21
"636" 2 0 -47.0833333333333 -24.5833333333333 267.687545084835 30.2999992370605 275 81
"637" 1 0 -55.0833333333333 -30.75 437.66195248708 29.9462490081787 138 110
"638" 2 0 -51.0833333333333 -28.0833333333333 326.034812483739 25.4759998321533 178 111
"639" 2 0 -50.9166666666667 -30.9166666666667 361.081899961714 27.4943294525146 137 87
"640" 2 0 -44.0833333333333 -19.75 184.694330164141 30.2387504577637 302 12
"641" 3 0 -53.75 -29.0833333333333 381.063950029629 29.0480003356934 167 125
"642" 3 0 -51.9166666666667 -22.9166666666667 267.039302596316 30.4169998168945 169 46
"643" 2 0 -52.4166666666667 -27.25 357.22111829557 28.8157501220703 198 129
"644" 2 0 -41.75 -20.0833333333333 217.635494511083 30.2477493286133 215 21
"645" 3 0 -50.75 -28.75 314.657090855683 25.480749130249 170 116
"646" 1 0 -41.0833333333333 -22.0833333333333 196.582029966311 31.0784320831299 151 30
"647" 1 0 -52.75 -31.0833333333333 414.693659045036 28.2080001831055 143 94
"648" 2 0 -51.4166666666667 -25.9166666666667 317.373604179881 26.097749710083 180 113
"649" 1 0 -51.25 -25.25 276.527543286801 24.9540004730225 184 101
"650" 3 0 -47.0833333333333 -21.75 232.10777504045 30.4890003204346 235 17
"651" 2 0 -42.25 -20.75 236.91801233843 29.1712493896484 234 18
"652" 3 0 -47.0833333333333 -20.9166666666667 212.497284180231 28.4095001220703 278 17
"653" 3 0 -51.75 -27.25 337.93264818977 27.1944999694824 200 110
"654" 1 0 -48.75 -25.0833333333333 294.906039610021 27.0807495117188 231 73
"655" 1 0 -43.4166666666667 -19.0833333333333 233.506164116296 29.9179992675781 293 12
"656" 3 0 -40.9166666666667 -19.0833333333333 190.014307845005 30.2257499694824 192 30
"657" 3 0 -46.25 -21.25 237.71771255462 29.8997497558594 271 21
"658" 1 0 -48.9166666666667 -27.4166666666667 312.526183787912 27.347749710083 212 90
"659" 3 0 -54.0833333333333 -28.25 386.941963462992 30.7584991455078 188 133
"660" 2 0 -51.9166666666667 -27.0833333333333 331.510952118937 26.9549999237061 200 118
"661" 2 0 -48.5833333333333 -21.5833333333333 217.171713060404 30.6140003204346 246 18
"662" 3 0 -44.0833333333333 -23.25 207.763237366241 31.2299995422363 217 53
"663" 1 0 -49.75 -29.0833333333333 332.29524057861 28.294750213623 150 91
"664" 3 0 -54.0833333333333 -27.4166666666667 394.714893769251 30.6650009155273 186 131
"665" 1 0 -42.0833333333333 -17.75 188.337621583915 28.7472496032715 219 13
"666" 3 0 -49.4166666666667 -22.75 252.173294931969 30.5592498779297 204 32
"667" 2 0 -50.0833333333333 -22.75 279.259916097313 30.8635005950928 198 40
"668" 3 0 -54.25 -27.9166666666667 388.691175033727 30.8159999847412 187 133
"669" 3 0 -47.0833333333333 -20.75 207.834665308144 27.8552494049072 283 18
"670" 2 0 -43.0833333333333 -22.75 216.073247765545 31.3978729248047 192 35
"671" 3 0 -52.5833333333333 -31.75 405.288955631675 28.4409999847412 138 82
"672" 1 0 -51.4166666666667 -29.25 337.342699169526 25.5275001525879 167 120
"673" 2 0 -46.25 -21.9166666666667 214.754494296786 28.6572494506836 293 28
"674" 1 0 -49.4166666666667 -23.4166666666667 265.104257251997 29.6297492980957 191 43
"675" 3 0 -49.0833333333333 -23.0833333333333 239.037035844556 29.4367504119873 185 32
"676" 3 0 -42.9166666666667 -21.25 227.906090519331 31.2777500152588 242 13
"677" 3 0 -54.25 -30.4166666666667 418.755815927768 29.8819999694824 148 116
"678" 2 0 -49.4166666666667 -27.75 307.002835487661 24.8924999237061 195 99
"679" 2 0 -41.9166666666667 -21.0833333333333 234.602249865556 31.8582496643066 218 16
"680" 3 0 -52.0833333333333 -23.5833333333333 299.304689176767 29.2565002441406 168 54
"681" 1 0 -51.5833333333333 -30.25 368.411249251295 27.6947498321533 141 104
"682" 1 0 -52.25 -27.0833333333333 333.660596806641 27.3157501220703 211 143
"683" 1 0 -42.0833333333333 -20.0833333333333 224.310029863452 28.0734996795654 239 21
"684" 1 0 -41.5833333333333 -19.5833333333333 201.755401986867 31.9532508850098 204 20
"685" 1 0 -48.5833333333333 -27.9166666666667 309.850196690755 28.9351348876953 190 91
"686" 1 0 -50.4166666666667 -24.9166666666667 296.08691484838 27.6392498016357 157 76
"687" 3 0 -43.75 -20.9166666666667 207.01347498578 28.2285003662109 278 18
"688" 2 0 -49.9166666666667 -27.9166666666667 297.563260687347 22.2935009002686 169 106
"689" 3 0 -50.0833333333333 -22.25 272.634739770856 30.9407501220703 200 34
"690" 2 0 -53.9166666666667 -29.0833333333333 381.419355112465 29.1232509613037 170 131
"691" 1 0 -48.25 -24.25 296.948064010246 26.9344997406006 207 52
"692" 1 0 -48.4166666666667 -22.5833333333333 244.431855444889 30.2854995727539 226 28
"693" 2 0 -44.25 -20.25 197.365071929056 29.4839992523193 317 15
"694" 3 0 -49.75 -27.4166666666667 329.033686494475 27.0405006408691 179 102
"695" 1 0 -50.75 -27.0833333333333 332.397444530109 25.5580005645752 166 93
"696" 3 0 -55.25 -29.25 412.920937871687 30.6687507629395 172 119
"697" 2 0 -51.5833333333333 -29.5833333333333 356.589340444574 28.230749130249 156 98
"698" 1 0 -43.5833333333333 -22.5833333333333 227.762603346784 30.3864994049072 254 45
"699" 2 0 -41.75 -22.75 199.742279057454 28.7000007629395 156 47
"700" 1 0 -39.5833333333333 -16.9166666666667 156.326115882811 30.2842502593994 144 63
"701" 3 0 -52.4166666666667 -29.25 362.057470465764 26.9020004272461 178 74
"702" 1 0 -46.25 -22.5833333333333 252.372352579576 26.6854991912842 305 30
"703" 3 0 -50.5833333333333 -28.9166666666667 311.938378501784 25.0942497253418 176 122
"704" 2 0 -49.9166666666667 -26.5833333333333 323.707060797011 26.4384994506836 167 84
"705" 2 0 -43.0833333333333 -19.5833333333333 223.206681396004 28.9457492828369 328 12
"706" 3 0 -43.0833333333333 -17.0833333333333 171.816597564709 29.7722492218018 232 5
"707" 3 0 -48.75 -26.9166666666667 324.044084589023 29.3797492980957 213 85
"708" 1 0 -53.4166666666667 -31.5833333333333 414.547008940045 27.5499992370605 140 94
"709" 1 0 -42.0833333333333 -17.9166666666667 193.112337616879 30.8117504119873 215 11
"710" 2 0 -47.5833333333333 -22.9166666666667 244.381022379313 28.64674949646 222 28
"711" 2 0 -54.0833333333333 -31.5833333333333 431.643716360523 29.5254993438721 135 98
"712" 3 0 -47.25 -24.4166666666667 268.012180129529 28.6047496795654 287 83
"713" 2 0 -41.9166666666667 -17.25 176.299706714757 29.07200050354 194 9
"714" 2 0 -50.9166666666667 -25.5833333333333 306.152228748029 26.1825008392334 178 88
"715" 1 0 -53.4166666666667 -30.75 417.541859605556 28.7880001068115 143 107
"716" 3 0 -53.0833333333333 -29.9166666666667 404.163315816237 29.6340007781982 144 107
"717" 1 0 -39.0833333333333 -17.5833333333333 161.895875140324 30.3999996185303 178 68
"718" 1 0 -49.4166666666667 -24.0833333333333 287.407844477746 29.257999420166 182 47
"719" 1 0 -52.5833333333333 -29.75 394.537049148246 29.4079990386963 160 78
"720" 3 0 -47.25 -22.4166666666667 243.557969490606 29.5935001373291 241 21
"721" 3 0 -48.5833333333333 -26.25 292.766165983981 28.6477279663086 272 84
"722" 1 0 -43.75 -22.5833333333333 235.789090323721 30.3657493591309 240 33
"723" 2 0 -43.25 -19.25 232.717052776312 30.7325000762939 301 11
"724" 2 0 -52.4166666666667 -26.4166666666667 327.230053405358 27.0692501068115 229 135
"725" 2 0 -53.25 -27.5833333333333 388.906277914774 29.7217502593994 197 131
"726" 1 0 -49.5833333333333 -26.4166666666667 309.984521885943 25.4372501373291 177 84
"727" 1 0 -51.25 -24.5833333333333 295.723960775445 28.169750213623 182 81
"728" 2 0 -52.9166666666667 -30.75 413.747372321663 28.3209991455078 139 102
"729" 1 0 -49.75 -27.5833333333333 317.477854794516 25.3449993133545 178 99
"730" 2 0 -43.5833333333333 -18.5833333333333 196.118869692044 26.8237495422363 288 11
"731" 1 0 -52.0833333333333 -30.9166666666667 399.421028962724 28.1840000152588 134 93
"732" 2 0 -44.75 -21.9166666666667 237.333854117031 28.6132507324219 304 19
"733" 2 0 -45.9166666666667 -19.9166666666667 247.492592459351 31.7077503204346 280 12
"734" 1 0 -51.9166666666667 -24.75 279.070828751926 26.4502506256104 227 89
"735" 3 0 -54.25 -29.9166666666667 410.908466564492 30.0172500610352 156 125
"736" 3 0 -50.5833333333333 -30.9166666666667 358.330942179324 27.4197673797607 155 86
"737" 2 0 -53.75 -31.4166666666667 421.861212817859 28.869499206543 142 99
"738" 3 0 -53.0833333333333 -33.0833333333333 412.816369923388 26.9372501373291 125 82
"739" 3 0 -52.75 -28.0833333333333 361.68705991223 28.7862491607666 185 125
"740" 3 0 -43.0833333333333 -23.0833333333333 191.398362041906 29.5 158 37
"741" 2 0 -40.25 -18.4166666666667 183.717213366028 31.7077503204346 172 39
"742" 1 0 -46.25 -23.25 239.842749167225 26.6377506256104 233 33
"743" 1 0 -48.25 -24.5833333333333 301.929194650334 30.7957496643066 229 52
"744" 2 0 -50.75 -29.25 318.742093007431 24.5114994049072 193 131
"745" 3 0 -44.75 -22.5833333333333 241.9977964961 29.5307502746582 265 24
"746" 1 0 -45.5833333333333 -21.9166666666667 255.8826752678 30.0594997406006 290 23
"747" 2 0 -53.0833333333333 -26.25 324.192130187244 28.2122497558594 210 129
"748" 1 0 -41.25 -17.9166666666667 186.526047868289 31.0769996643066 180 23
"749" 3 0 -54.75 -29.5833333333333 409.579376116064 30.328498840332 160 127
"750" 2 0 -53.0833333333333 -29.75 396.506957250429 29.2124996185303 150 104
"751" 1 0 -51.5833333333333 -24.25 291.154741804308 29.2792491912842 199 79
"752" 3 0 -42.4166666666667 -21.25 237.209632211458 31.3489990234375 254 20
"753" 2 0 -54.4166666666667 -27.5833333333333 396.213169443957 31.4542503356934 180 126
"754" 3 0 -52.9166666666667 -28.4166666666667 368.679727051585 29.2347507476807 166 125
"755" 1 0 -40.75 -18.4166666666667 184.754710614846 31.8847503662109 179 29
"756" 2 0 -49.25 -28.25 317.279638712942 28.6744995117188 185 80
"757" 1 0 -51.5833333333333 -30.4166666666667 369.358625772012 27.6402492523193 137 102
"758" 3 0 -54.25 -26.75 369.243882751193 29.2835006713867 180 114
"759" 1 0 -47.9166666666667 -23.9166666666667 271.544675515499 27.1407508850098 202 43
"760" 3 0 -44.0833333333333 -20.5833333333333 203.556135158774 28.525749206543 294 15
"761" 2 0 -51.9166666666667 -26.5833333333333 320.107623846991 25.6052494049072 192 103
"762" 2 0 -48.5833333333333 -22.4166666666667 242.930737307947 30.0402507781982 221 26
"763" 2 0 -45.4166666666667 -22.0833333333333 258.296527676361 28.6877498626709 301 22
"764" 1 0 -54.0833333333333 -27.25 393.451844856059 30.6800003051758 185 129
"765" 3 0 -50.0833333333333 -22.9166666666667 287.310657441256 31.1735000610352 180 42
"766" 3 0 -49.25 -22.75 241.240563231627 30.181999206543 196 27
"767" 3 0 -55.0833333333333 -31.25 447.625195208931 29.8337497711182 135 101
"768" 2 0 -49.5833333333333 -22.75 262.731341384154 30.7197494506836 207 39
"769" 1 0 -42.4166666666667 -21.75 242.128053432813 31.6380004882812 248 19
"770" 1 0 -52.9166666666667 -30.0833333333333 409.764601433496 29.7199993133545 141 104
"771" 3 0 -48.9166666666667 -28.4166666666667 308.163269075678 29.1048774719238 168 85
"772" 3 0 -46.75 -23.5833333333333 238.368873317549 27.19700050354 249 41
"773" 3 0 -50.5833333333333 -28.75 306.870276810358 25.2560005187988 165 116
"774" 3 0 -39.25 -16.75 155.194125096079 30.0725002288818 149 85
"775" 1 0 -50.4166666666667 -30.25 343.496968376097 27.8412494659424 147 90
"776" 2 0 -40.75 -17.25 182.916373743095 31.714750289917 171 29
"777" 3 0 -53.5833333333333 -26.75 366.98931682618 29.0884990692139 200 138
"778" 2 0 -50.0833333333333 -28.0833333333333 308.780672607337 23.9112491607666 154 99
"779" 1 0 -41.4166666666667 -19.4166666666667 198.529768912809 30.3034992218018 206 24
"780" 2 0 -50.25 -25.25 301.643682517934 27.4375 180 77
"781" 1 0 -44.9166666666667 -22.25 271.431016637267 29.3857498168945 281 18
"782" 1 0 -42.75 -20.25 227.217386840847 31.2569999694824 255 15
"783" 1 0 -51.4166666666667 -26.25 322.477292251391 25.7514991760254 173 111
"784" 2 0 -42.4166666666667 -17.25 174.9814568614 30.1875 212 6
"785" 2 0 -42.25 -21.9166666666667 242.707343148639 30.9834995269775 238 20
"786" 1 0 -40.9166666666667 -21.9166666666667 195.097635372237 31.1512813568115 149 27
"787" 1 0 -41.75 -18.5833333333333 186.588685214785 32.4724998474121 202 18
"788" 1 0 -45.75 -23.25 248.798999592948 27.5497493743896 227 26
"789" 2 0 -44.0833333333333 -22.9166666666667 221.806042274249 29.3485641479492 242 37
"790" 3 0 -53.0833333333333 -31.75 412.225255231342 28.2837505340576 136 88
"791" 1 0 -41.9166666666667 -17.0833333333333 171.849344626347 30.34375 184 7
"792" 3 0 -45.4166666666667 -23.0833333333333 246.026116829457 27.9857501983643 225 21
"793" 2 0 -43.5833333333333 -19.0833333333333 208.350703884442 27.5279998779297 303 17
"794" 3 0 -39.75 -19.0833333333333 190.221762220926 31.1419467926025 174 50
"795" 3 0 -44.4166666666667 -22.4166666666667 240.027048894181 30.5812492370605 265 20
"796" 2 0 -51.25 -26.25 332.612223598858 26.3964996337891 168 112
"797" 1 0 -46.9166666666667 -24.4166666666667 259.081628254106 30.8999996185303 285 73
"798" 1 0 -52.75 -23.75 284.159461849177 29.0807495117188 160 63
"799" 2 0 -51.0833333333333 -26.4166666666667 323.483330427943 25.4099998474121 165 100
"800" 2 0 -46.5833333333333 -21.4166666666667 225.459376620624 28.3482494354248 265 17
"801" 1 0 -54.25 -31.4166666666667 428.349695495486 29.5187492370605 139 102
"802" 3 0 -40.9166666666667 -18.0833333333333 184.019798860117 31.7889995574951 178 26
"803" 1 0 -44.9166666666667 -19.9166666666667 216.193778763665 31.1919994354248 300 11
"804" 1 0 -41.5833333333333 -21.9166666666667 213.551407478272 32.445499420166 183 28
"805" 3 0 -48.9166666666667 -24.25 304.919697346443 27.6362495422363 184 49
"806" 3 0 -42.5833333333333 -18.25 222.758799049661 30.4570007324219 262 11
"807" 1 0 -53.4166666666667 -28.9166666666667 376.803090535973 29.2402496337891 164 119
"808" 2 0 -51.4166666666667 -23.4166666666667 266.625177641092 28.2695007324219 193 56
"809" 3 0 -51.25 -24.25 298.80799149107 29.2714996337891 187 75
"810" 2 0 -43.9166666666667 -22.4166666666667 240.779674914358 29.4549999237061 241 21
"811" 2 0 -43.25 -22.4166666666667 219.69159559357 26.0580005645752 292 45
"812" 3 0 -40.9166666666667 -19.9166666666667 199.63571570416 30.2687492370605 201 39
"813" 2 0 -50.0833333333333 -26.75 329.611035163936 26.4417495727539 166 91
"814" 1 0 -48.4166666666667 -25.0833333333333 299.626924409114 27.6979999542236 266 69
"815" 1 0 -54.9166666666667 -28.9166666666667 401.629323334021 30.6352500915527 175 132
"816" 1 0 -51.4166666666667 -22.75 262.686195708771 31.0362491607666 174 43
"817" 3 0 -42.25 -18.9166666666667 198.430140618238 32.3484992980957 234 14
"818" 2 0 -50.75 -30.25 347.73393741646 28.0601787567139 145 90
"819" 1 0 -53.0833333333333 -24.9166666666667 310.755939916634 28.1532497406006 220 89
"820" 3 0 -43.5833333333333 -22.75 220.468079496702 32.3170013427734 226 47
"821" 3 0 -53.25 -27.75 381.221897548592 29.7712497711182 193 129
"822" 2 0 -53.9166666666667 -31.75 433.332954496935 29.3452491760254 132 93
"823" 2 0 -51.5833333333333 -29.4166666666667 344.777653892316 26.5112495422363 159 110
"824" 1 0 -54.0833333333333 -26.75 372.574770908695 29.6044998168945 185 122
"825" 1 0 -50.75 -28.5833333333333 309.188028686738 25.0372505187988 168 114
"826" 2 0 -49.0833333333333 -28.4166666666667 311.459883756953 28.7197494506836 177 82
"827" 3 0 -42.25 -20.9166666666667 236.307758549382 29.4340000152588 239 22
"828" 2 0 -53.75 -31.75 428.919158094043 29.0655002593994 132 92
"829" 1 0 -42.5833333333333 -18.9166666666667 223.099497660774 29.286750793457 284 16
"830" 1 0 -51.4166666666667 -28.5833333333333 337.795514812456 26.5372505187988 185 116
"831" 1 0 -50.0833333333333 -26.5833333333333 330.291864414352 26.875 162 85
"832" 3 0 -54.25 -26.25 372.872922693523 29.7587509155273 185 100
"833" 2 0 -39.5833333333333 -18.25 172.469465471984 30.5111103057861 184 79
"834" 1 0 -52.9166666666667 -24.75 317.952929733061 29.2805004119873 227 82
"835" 3 0 -48.9166666666667 -27.0833333333333 325.188937926347 28.8379993438721 205 91
"836" 3 0 -48.4166666666667 -24.4166666666667 307.465916722988 28.074499130249 206 54
"837" 1 0 -52.0833333333333 -25.75 323.551600479714 27.300500869751 192 111
"838" 1 0 -44.5833333333333 -22.75 251.561435306904 25.8279991149902 283 29
"839" 3 0 -52.25 -28.9166666666667 352.035101388267 26.576000213623 163 112
"840" 2 0 -54.0833333333333 -28.75 383.128320287171 29.8777503967285 181 132
"841" 1 0 -51.25 -28.5833333333333 331.120159822405 26.1854991912842 184 116
"842" 3 0 -52.25 -30.5833333333333 401.546942225521 27.7385005950928 137 102
"843" 2 0 -47.9166666666667 -22.0833333333333 224.500646752698 28.2802505493164 245 26
"844" 2 0 -53.4166666666667 -25.9166666666667 343.31346807362 28.7080001831055 223 106
"845" 3 0 -51.75 -24.75 284.479414341981 26.4962501525879 236 87
"846" 1 0 -45.0833333333333 -22.75 224.91558168542 30.1704998016357 248 22
"847" 3 0 -47.4166666666667 -23.9166666666667 247.935284301614 25.3962497711182 270 68
"848" 2 0 -54.75 -31.4166666666667 443.943892718065 29.6569995880127 131 106
"849" 1 0 -52.0833333333333 -27.0833333333333 335.600203755478 27.3920001983643 206 129
"850" 2 0 -47.75 -21.9166666666667 221.751547914044 28.9909992218018 247 24
"851" 1 0 -53.5833333333333 -32.25 434.150952222237 28.806999206543 130 86
"852" 2 0 -53.75 -26.25 341.550602120951 27.8147506713867 197 123
"853" 3 0 -40.4166666666667 -20.75 201.858793839832 31 183 45
"854" 3 0 -48.4166666666667 -25.5833333333333 306.267720463625 28.8175926208496 277 83
"855" 2 0 -52.0833333333333 -26.75 326.942049353311 26.8269996643066 215 123
"856" 3 0 -53.5833333333333 -32.0833333333333 425.161007201377 28.0077495574951 131 88
"857" 1 0 -52.4166666666667 -29.5833333333333 378.095782616013 28.2942504882812 176 60
"858" 2 0 -47.4166666666667 -21.9166666666667 228.439590917438 31.1749992370605 253 19
"859" 2 0 -52.75 -28.4166666666667 367.217411556136 29.0192489624023 170 125
"860" 1 0 -54.9166666666667 -30.4166666666667 427.122720131149 29.9827499389648 146 113
"861" 3 0 -40.5833333333333 -20.0833333333333 200.611415571913 29.0212497711182 200 51
"862" 3 0 -53.4166666666667 -25.5833333333333 357.589398645913 29.3700008392334 219 103
"863" 3 0 -54.0833333333333 -25.9166666666667 361.440395530637 29.3272495269775 199 110
"864" 2 0 -51.75 -23.5833333333333 284.702326996821 28.2170009613037 177 55
"865" 2 0 -55.0833333333333 -30.9166666666667 440.273193492205 29.8327503204346 137 108
"866" 1 0 -41.9166666666667 -16.4166666666667 180.865492133304 30.7310009002686 178 5
"867" 1 0 -46.75 -23.25 228.615592947697 26.5904998779297 231 31
"868" 2 0 -46.0833333333333 -23.5833333333333 249.265313097784 26.2057495117188 262 61
"869" 1 0 -50.5833333333333 -29.75 339.504933047146 28.0962505340576 151 98
"870" 1 0 -41.75 -18.75 182.222277458054 32.7075004577637 201 20
"871" 1 0 -46.75 -23.75 242.816063505106 26.0130004882812 265 57
"872" 2 0 -45.9166666666667 -22.4166666666667 250.321055590288 29.6229991912842 269 28
"873" 2 0 -45.5833333333333 -19.75 230.075766017249 31.9529991149902 287 10
"874" 3 0 -45.0833333333333 -22.9166666666667 245.658479520487 28.2197494506836 243 22
"875" 3 0 -52.0833333333333 -24.25 291.785076251959 29.2919998168945 192 72
"876" 2 0 -43.5833333333333 -20.5833333333333 208.748745700572 26.9527492523193 291 15
"877" 3 0 -51.75 -25.0833333333333 280.713823435623 25.5375003814697 213 97
"878" 1 0 -44.25 -19.0833333333333 211.673632173933 31.2482490539551 266 9
"879" 3 0 -47.9166666666667 -24.4166666666667 295.476284343575 31.1149997711182 235 55
"880" 1 0 -43.75 -19.4166666666667 209.565789134461 30.411750793457 295 7
"881" 1 0 -51.5833333333333 -27.25 342.324108630694 27.5057506561279 198 104
"882" 1 0 -48.4166666666667 -22.75 243.023717515301 29.7797508239746 227 28
"883" 3 0 -49.5833333333333 -23.25 262.431959780153 29.2894992828369 189 43
"884" 3 0 -43.0833333333333 -22.0833333333333 231.86883018303 30.130500793457 260 25
"885" 2 0 -52.0833333333333 -27.9166666666667 352.720125418742 28.07200050354 198 121
"886" 3 0 -50.5833333333333 -23.0833333333333 266.208454432967 30.5307502746582 173 47
"887" 2 0 -52.0833333333333 -24.4166666666667 291.168100920352 28.9127502441406 190 74
"888" 2 0 -45.0833333333333 -20.75 219.243126513949 28.888500213623 315 19
"889" 2 0 -46.4166666666667 -21.4166666666667 227.158067435067 28.7465000152588 268 19
"890" 3 0 -50.0833333333333 -25.75 312.118884788243 26.7035007476807 179 73
"891" 2 0 -39.9166666666667 -19.0833333333333 190.344188663569 31.0419998168945 178 43
"892" 3 0 -40.9166666666667 -17.4166666666667 185.176375065395 31.746000289917 172 27
"893" 1 0 -39.9166666666667 -18.25 178.473552604404 31.2822494506836 171 60
"894" 2 0 -50.25 -27.9166666666667 315.126501209662 24.3355007171631 147 100
"895" 3 0 -49.0833333333333 -24.75 313.989081171059 28.8142490386963 169 60
"896" 3 0 -49.4166666666667 -24.25 286.457483556354 27.5967502593994 201 54
"897" 2 0 -41.9166666666667 -22.9166666666667 206.281211375464 28.8173904418945 146 33
"898" 2 0 -53.0833333333333 -26.0833333333333 337.978563680305 28.4137496948242 216 124
"899" 1 0 -50.9166666666667 -26.9166666666667 325.758052641007 25.3015003204346 165 92
"900" 2 0 -54.75 -29.4166666666667 401.018650243891 29.7115001678467 163 131
"901" 2 0 -41.25 -17.0833333333333 185.325045762689 29.8279991149902 167 20
"902" 3 0 -52.4166666666667 -32.25 405.837895613803 27.6870002746582 126 72
"903" 3 0 -52.0833333333333 -30.4166666666667 390.767506975901 27.3209991455078 138 103
"904" 1 0 -49.4166666666667 -28.9166666666667 335.959727330966 29.0263004302979 149 81
"905" 2 0 -48.4166666666667 -22.9166666666667 237.05780489167 28.6254997253418 225 33
"906" 3 0 -41.5833333333333 -21.0833333333333 223.927834816686 31.224250793457 202 23
"907" 1 0 -52.4166666666667 -27.5833333333333 341.287641854044 27.7737503051758 194 126
"908" 2 0 -46.4166666666667 -23.0833333333333 239.778668775234 26.6665000915527 242 28
"909" 1 0 -42.0833333333333 -19.4166666666667 197.575624838739 31.3880004882812 226 17
"910" 3 0 -49.0833333333333 -22.75 234.133166602592 30.10325050354 199 25
"911" 2 0 -49.0833333333333 -23.4166666666667 251.723286057653 29.5464992523193 180 33
"912" 1 0 -44.0833333333333 -22.75 235.462515679425 29.1912498474121 245 25
"913" 2 0 -39.25 -17.0833333333333 156.279420336785 30.1603927612305 152 76
"914" 1 0 -42.0833333333333 -16.5833333333333 177.162599441652 30.8945007324219 182 5
"915" 3 0 -42.25 -22.75 220.220046177863 31.3857498168945 157 31
"916" 3 0 -43.25 -17.25 174.469606583821 29.8427505493164 235 4
"917" 1 0 -50.5833333333333 -29.25 316.593446211732 24.142749786377 198 135
"918" 3 0 -40.9166666666667 -17.9166666666667 184.341813644225 31.7670001983643 176 27
"919" 3 0 -43.5833333333333 -22.9166666666667 214.175787836214 32.243968963623 195 45
"920" 3 0 -40.0833333333333 -19.5833333333333 198.8217901148 31.3955001831055 189 43
"921" 1 0 -50.5833333333333 -27.5833333333333 324.51772020113 24.8812503814697 158 102
"922" 3 0 -43.5833333333333 -19.4166666666667 202.174383007683 27.4522495269775 318 9
"923" 3 0 -44.0833333333333 -21.9166666666667 220.918376923143 26.757999420166 287 20
"924" 1 0 -49.9166666666667 -29.4166666666667 325.747482673837 27.4620609283447 152 98
"925" 3 0 -43.0833333333333 -21.0833333333333 226.177043746355 29.4977493286133 254 18
"926" 1 0 -42.25 -20.5833333333333 236.111714017097 28.9325008392334 236 18
"927" 1 0 -41.5833333333333 -16.4166666666667 181.119706654941 30.1014995574951 175 7
"928" 2 0 -51.0833333333333 -22.75 267.744709396624 31.3770008087158 191 40
"929" 2 0 -41.9166666666667 -21.75 237.398235846506 31.0727500915527 209 20
"930" 2 0 -45.0833333333333 -19.9166666666667 215.412452437584 30.847749710083 297 13
"931" 3 0 -50.75 -30.0833333333333 347.726369101058 28.24049949646 147 92
"932" 2 0 -48.4166666666667 -21.9166666666667 232.882587036021 30.3162498474121 244 20
"933" 3 0 -52.9166666666667 -25.4166666666667 329.427472348286 28.5017490386963 216 96
"934" 1 0 -50.75 -24.5833333333333 295.341659810207 27.6257495880127 161 78
"935" 3 0 -50.9166666666667 -23.0833333333333 270.463142043913 30.7600002288818 181 45
"936" 2 0 -41.9166666666667 -18.5833333333333 188.523607220402 32.6749992370605 209 17
"937" 1 0 -50.75 -25.9166666666667 326.392349204825 26.5682506561279 167 84
"938" 3 0 -45.0833333333333 -22.0833333333333 278.916387323741 30.25950050354 288 20
"939" 1 0 -50.25 -24.0833333333333 279.763034069003 28.4282493591309 177 62
"940" 2 0 -49.25 -25.25 283.720977317372 26.2310009002686 224 80
"941" 3 0 -45.75 -22.5833333333333 264.740599756197 28.4249992370605 288 29
"942" 3 0 -54.25 -26.0833333333333 367.659672795048 29.6962509155273 190 104
"943" 3 0 -45.5833333333333 -20.0833333333333 240.166431730097 31.826000213623 284 14
"944" 2 0 -53.0833333333333 -25.5833333333333 353.657410247108 29.308500289917 229 101
"945" 3 0 -50.75 -27.5833333333333 330.444147209239 25.588249206543 164 105
"946" 3 0 -52.4166666666667 -25.0833333333333 313.808131354905 28.04075050354 203 90
"947" 2 0 -48.9166666666667 -25.75 285.90178717996 26.6809997558594 236 83
"948" 1 0 -45.0833333333333 -21.5833333333333 239.579571435708 29.9969997406006 293 17
"949" 3 0 -51.4166666666667 -28.4166666666667 334.673705778628 26.4829998016357 188 116
"950" 3 0 -47.25 -23.5833333333333 240.329390335031 25.7882499694824 241 43
"951" 2 0 -54.9166666666667 -29.5833333333333 410.456824086288 30.2414989471436 164 127
"952" 2 0 -48.5833333333333 -22.25 243.152849693272 30.222749710083 221 23
"953" 3 0 -40.75 -19.0833333333333 190.643680619578 31.4107494354248 187 28
"954" 3 0 -45.75 -19.9166666666667 241.917242817853 31.9032497406006 282 12
"955" 3 0 -51.4166666666667 -29.5833333333333 357.523597676143 28.7247505187988 152 105
"956" 2 0 -53.4166666666667 -26.9166666666667 388.931615489377 29.9132499694824 205 142
"957" 3 0 -52.4166666666667 -28.75 357.612298753287 27.2849998474121 163 120
"958" 3 0 -47.9166666666667 -22.4166666666667 235.248054002408 27.6317501068115 251 27
"959" 3 0 -41.9166666666667 -22.25 220.315911770803 31.4207496643066 204 32
"960" 2 0 -40.4166666666667 -18.9166666666667 188.533699452758 31.2490005493164 181 37
"961" 1 0 -51.25 -25.0833333333333 286.915808378228 26.3547496795654 183 92
"962" 3 0 -54.0833333333333 -27.5833333333333 394.584384140438 30.6592502593994 187 132
"963" 1 0 -44.0833333333333 -18.4166666666667 197.961198612844 30.2259998321533 232 4
"964" 2 0 -44.75 -22.75 255.628472534439 26.4419994354248 275 28
"965" 2 0 -47.0833333333333 -22.75 238.779072187081 28.9892501831055 231 26
"966" 3 0 -51.0833333333333 -31.0833333333333 368.736474459445 27.4156684875488 135 85
"967" 1 0 -54.5833333333333 -30.0833333333333 417.112716709335 30.0475006103516 152 121
"968" 2 0 -53.9166666666667 -28.4166666666667 384.01318854004 30.130500793457 186 132
"969" 3 0 -49.0833333333333 -28.0833333333333 311.140516665236 28.0550003051758 197 81
"970" 3 0 -49.75 -28.4166666666667 294.410969285144 22.9055004119873 170 107
"971" 3 0 -48.75 -28.25 304.86313106318 28.5644950866699 174 87
"972" 2 0 -44.5833333333333 -20.9166666666667 212.384937246583 28.3502502441406 352 17
"973" 1 0 -42.25 -22.25 240.698231003815 26.607250213623 234 30
"974" 3 0 -46.75 -22.25 228.157774332215 28.4472503662109 267 23
"975" 3 0 -50.75 -23.75 265.291486927398 27.460750579834 193 64
"976" 2 0 -44.9166666666667 -21.25 228.165096992246 29.4400005340576 315 21
"977" 1 0 -46.0833333333333 -22.9166666666667 261.992796717401 25.7759990692139 301 31
"978" 3 0 -51.75 -23.0833333333333 272.263007311121 29.4640007019043 171 45
"979" 1 0 -40.0833333333333 -16.75 165.206033709756 29.6377506256104 123 50
"980" 2 0 -50.0833333333333 -29.0833333333333 298.958783166419 23.5387496948242 178 128
"981" 2 0 -40.4166666666667 -19.75 195.987194353919 30.4745006561279 195 45
"982" 3 0 -53.4166666666667 -28.75 373.821752393802 29.349250793457 171 122
"983" 2 0 -50.9166666666667 -25.0833333333333 305.115005030394 27.8309993743896 170 80
"984" 2 0 -42.5833333333333 -16.9166666666667 173.175193675999 31.1494998931885 210 5
"985" 2 0 -44.5833333333333 -19.25 205.901262445009 31.3834991455078 265 9
"986" 2 0 -43.25 -20.9166666666667 224.974331753184 29.3929996490479 263 19
"987" 1 0 -44.4166666666667 -23.25 216.076860855828 31.0777778625488 254 67
"988" 2 0 -40.25 -17.9166666666667 178.764695846409 31.6119995117188 164 40
"989" 3 0 -43.5833333333333 -21.5833333333333 211.024661953887 28.4307498931885 279 17
"990" 2 0 -51.0833333333333 -25.25 300.777984649127 27.0114994049072 177 90
"991" 2 0 -49.5833333333333 -29.25 333.949386474397 28.0796604156494 145 92
"992" 1 0 -40.5833333333333 -16.25 175.800150274211 30.9717502593994 147 26
"993" 3 0 -40.4166666666667 -17.4166666666667 179.203710848062 31.6280002593994 166 36
"994" 3 0 -48.4166666666667 -23.25 239.659677222195 29.2075004577637 206 33
"995" 1 0 -47.25 -21.4166666666667 228.502132901742 30.4912490844727 256 20
"996" 2 0 -41.9166666666667 -20.9166666666667 232.889821261547 30.0494995117188 223 21
"997" 3 0 -51.9166666666667 -22.75 262.153624076032 31.0222492218018 173 44
"998" 1 0 -49.9166666666667 -22.25 267.408926490756 30.2730007171631 212 32
"999" 1 0 -48.0833333333333 -22.0833333333333 231.365806071586 29.0197505950928 243 23
"1000" 1 0 -43.4166666666667 -20.4166666666667 216.998171243878 28.3729991912842 290 17
