"group.all" "pa" "lon" "lat" "layer.1" "layer.2" "layer.3" "layer.4" "layer.5" "layer.6"
"343" 2 1 -40.615 -19.921 -8.93625509915061 6.06073749245217 1.39505581940847 -7.41798516441387 -1.49339178278047 -5.78681895418829
"344" 2 1 -40.729 -20.016 -8.83300017385833 6.11831725922025 1.39369816232441 -7.52284907537465 -1.50237453092674 -5.88317982317389
"345" 3 1 -41.174 -20.303 -8.46362409002228 6.35746558700619 1.39186792526674 -8.22612754546185 -1.46589664158267 -6.09965859800055
"346" 3 1 -41.74 -20.493 -7.98636230488516 6.08140811245515 1.28164649543036 -9.06468992142378 -1.44436601291515 -6.20247459198184
"347" 1 1 -42.482 -20.701 -7.74613707252894 5.14932359700205 1.03312320753856 -9.25514165079746 -1.36438558760286 -5.76902186025856
"348" 3 1 -40.855 -17.082 -8.88766107351668 8.34859612431142 1.2312803029548 -7.23644104076581 -1.7744829381967 -6.94764148636819
"349" 2 1 -41.04 -18.73 -9.20965102129285 7.86731126300529 1.23185223265422 -7.76291177130414 -1.75848183436191 -6.50577066634751
"350" 3 1 -41.48 -18.879 -9.16331271967271 8.21263634724575 1.25898265842184 -8.23517567837146 -1.68390602120314 -6.57093907813196
"351" 3 1 -42.526 -19.499 -8.99303006154459 8.35221160265898 1.36267178063707 -8.453129161882 -1.58276605424863 -6.46695185726982
"352" 3 1 -42.916 -20.263 -8.25413850102049 7.43768239643948 1.25819055589243 -8.70458222604052 -1.34182446102665 -6.14535894531849
"353" 3 1 -43.02 -20.502 -8.15751495418711 7.17317294532907 1.31150045055221 -8.71332075228755 -1.24297011681396 -6.04541349898242
"354" 3 1 -41.778 -17.614 -8.34764544653224 7.8058416649764 0.867338819337501 -8.30052032705234 -1.61311231694901 -6.72926604058008
"355" 3 1 -43.117 -19.847 -8.54275520398332 6.81449300840311 1.1871931058469 -9.13837660554949 -1.27199086695879 -5.73277392861183
"356" 1 1 -42.873 -20.778 -8.23199992995358 6.48632743758279 1.32473784319876 -8.85411019988551 -1.24879615057592 -5.88754850544171
"357" 3 1 -41.201 -15.178 -7.66088029626912 7.41777618495554 0.0645004432178638 -7.04792086689197 -1.61013105906354 -6.37701832578984
"358" 1 1 -43.548 -20.291 -8.15268948290743 4.82188670972987 0.701981795142491 -9.60293690030343 -1.18032982449792 -5.21093117746662
"359" 1 1 -43.423 -19.406 -8.48688449429692 5.4831282050421 0.660537681749812 -9.64898557215046 -1.16585322765648 -5.36135063101798
"360" 1 1 -41.352 -12.478 -8.52860165694761 7.41682202922334 0.659949091691189 -7.30901363886664 -2.21305675086373 -6.85133341793824
"361" 2 1 -48.198 -25.378 -11.3526289819654 4.12812776766825 3.7813863554777 -8.47967299586928 -1.00875703157447 -4.67288179469217
"362" 1 1 -48.548 -25.764 -10.6962608675866 4.12721990736391 3.5696909494181 -7.88145518909597 -1.00107233800802 -4.49611619726757
"363" 2 1 -47.896 -24.615 -9.96650808825127 5.97083997503149 3.38970202730692 -8.03806486386761 -1.25981806151047 -5.15930956687246
"364" 2 1 -48.494 -25.275 -10.7211998557329 4.95433141716778 3.82088314343524 -8.28134107681786 -0.841838707225521 -4.78680803060247
"365" 1 1 -48.874 -25.51 -10.0446846608818 4.81941220698733 3.84691328879321 -8.18687181178893 -0.787546850557833 -4.90401749078637
"366" 2 1 -48.623 -25.936 -10.5456488908239 4.36788010205045 3.63253077470046 -7.7207659410505 -0.990217270681277 -4.56837887705458
"367" 2 1 -48.69 -26.01 -10.4010022866946 4.56139466166973 3.6260897521013 -7.57149877420155 -1.00071858330026 -4.59498759793169
"368" 2 1 -48.962 -26.28 -9.19540472501042 4.21535833292396 3.4857756741771 -7.41256326843626 -1.08189527266239 -5.21298063038454
"369" 3 1 -48.784 -26.641 -9.68672486272897 4.81510746294648 3.64874352451201 -7.33096417286814 -1.08041651620759 -5.10547894528358
"370" 1 1 -48.87 -27.001 -9.10614968784679 4.09725833531287 3.68937568168444 -7.27917590050981 -1.01732863513769 -5.29805282142568
"371" 3 1 -48.688 -27.45 -9.37705244037824 4.46467509796823 3.63471022169285 -6.87327291114575 -0.950564599948072 -4.79661198415036
"372" 1 1 -49.232 -28.619 -8.77418185376754 5.34306864532354 3.75942597450332 -6.98681284919188 -1.14396855150357 -5.75956242753371
"373" 3 1 -49.499 -28.711 -8.46652062648629 5.39156820801604 3.75288242060585 -7.10177556628639 -1.16250814424528 -6.04440265473502
"374" 2 1 -49.68 -28.8 -8.50354279404563 5.10144249437865 3.76964098022927 -6.76569299686544 -1.10418324804594 -5.86541698034597
"375" 1 1 -49.726 -28.956 -8.54254984725752 4.99231241631445 3.7633021650737 -6.50114378946251 -1.07087027489349 -5.69419437930854
"376" 1 1 -49.86 -29.07 -8.67893129486507 4.31482832429424 3.78862896534216 -6.24891807942062 -0.991469439388679 -5.49959510493965
"377" 3 1 -49.857 -29.369 -8.77678468481466 4.06360882010295 3.73102176194395 -5.45961949434713 -0.803065211517734 -4.97109896038851
"378" 1 1 -44.781 -23.283 -10.1674479027281 4.69741501940411 2.77574239761731 -9.16882430548027 -1.47533925314679 -5.43289196674125
"379" 2 1 -47.921 -24.182 -10.1643532227465 5.82943995520834 3.28915454640447 -8.4242869809099 -1.29878363537272 -5.31832682022631
"380" 3 1 -47.249 -24.521 -10.7040528364018 5.02625627769701 3.34651699953775 -8.1217524244471 -1.2747896219552 -4.8433807449101
"381" 2 1 -48.616 -24.571 -8.77186962002695 5.67758079557493 3.31588534277121 -7.75597669839153 -1.18793799360475 -5.66185915311575
"382" 1 1 -48.257 -25.22 -11.1522080023466 4.66270553508239 3.87071917449816 -8.55843549592908 -1.01232198725868 -4.79171189700492
"383" 1 1 -48.716 -25.603 -9.55376560952846 3.58207496894704 3.47054724683732 -8.05358759849412 -0.80594443508781 -4.84063105417918
"384" 2 1 -49.23 -26.37 -8.04640771826473 3.1972717703994 3.25111511428686 -7.44397251719018 -1.06236224743943 -5.5306340500699
"385" 2 1 -49.05 -26.73 -9.28790835278687 4.49741750781376 3.63950320620916 -7.19563602174614 -1.12388232418719 -5.45139416170392
"386" 2 1 -48.871 -26.82 -9.31830709389626 4.54991620202981 3.72995725092555 -7.28147387618381 -1.04134427107345 -5.28013656564429
"387" 1 1 -49.77 -26.91 -8.64538368813076 4.80779452600698 3.74787428631984 -7.31050222195551 -1.15395910390988 -6.09954970523136
"388" 2 1 -49.14 -27 -8.9911061845038 4.08591461263814 3.65850875432653 -7.23379116143266 -1.0580464930482 -5.44729210909632
"389" 3 1 -48.78 -27.09 -8.90577613944001 3.52409487877766 3.47760547864536 -7.24011164339942 -0.975503040783724 -5.1122081516848
"390" 1 1 -49.41 -27.09 -9.02958865354642 4.59592138771302 3.77671541600365 -7.19594395563762 -1.10982163481854 -5.73374714490371
"391" 1 1 -50.038 -27.092 -8.53586679504911 4.78525822295278 3.80280751857262 -7.34933495245178 -1.13483134109139 -6.18423286211502
"392" 3 1 -48.78 -27.18 -9.48086081345611 4.73199277507027 3.85986114371373 -7.15470566073115 -1.02695591104095 -5.19107393054767
"393" 2 1 -49.77 -27.27 -8.61362379719089 4.68410547970025 3.77209596859239 -7.28190176217435 -1.09751019257971 -6.00402182143921
"394" 1 1 -49.05 -27.358 -9.03298754122489 4.14675024992209 3.68284999384697 -7.18449226159261 -0.972770280837828 -5.30481237582759
"395" 1 1 -48.78 -27.36 -9.0651024024485 3.81172427811854 3.51012368080055 -7.13288655968485 -0.942573252718672 -4.98029335371147
"396" 2 1 -48.78 -27.54 -9.39015413489828 4.53148599643977 3.65063177616233 -6.84132448457798 -0.911000982092605 -4.75734126298091
"397" 1 1 -48.87 -27.63 -8.69137521394028 3.28340107208082 3.36777824699733 -7.1118055252608 -0.826503522476755 -4.9202234887595
"398" 2 1 -48.693 -27.718 -9.01924691400467 3.73006629287447 3.41563477031136 -6.79722406279044 -0.657886587313097 -4.31847453052142
"399" 1 1 -48.78 -27.99 -8.85216775022594 3.6916667670116 3.49540510146478 -6.67654575976066 -0.733805718462958 -4.56779338460706
"400" 3 1 -48.96 -27.994 -8.67770663961274 3.59480693556249 3.41277108242702 -6.97768909721563 -0.877313737451255 -4.99428425945516
"401" 3 1 -48.959 -28.263 -9.05607214426009 4.78562075113653 3.74483972393105 -6.65825151674236 -0.976497279214778 -5.08327070289771
"402" 1 1 -49.232 -28.353 -8.85113550347269 5.04117378552501 3.69984130419042 -7.28466944104052 -1.1310514363147 -5.65252015559255
"403" 2 1 -49.497 -28.529 -8.53217884126461 5.13506657241493 3.70164675793103 -7.54203940882522 -1.18316135783926 -6.08774889747512
"404" 2 1 -49.59 -28.62 -8.31479797666754 3.60565136825748 3.48575870072976 -7.05906253747822 -1.07618729196833 -5.80212278378734
"405" 2 1 -49.86 -28.8 -8.42507644871883 3.46985831238302 3.65454935184684 -6.81446006753342 -1.0932319418358 -5.82188634124784
"406" 3 1 -49.983 -29.365 -8.71366184373903 2.93225112037707 3.83863141635666 -6.16107570894904 -0.911019251542014 -5.60068642787436
"407" 3 1 -42.004 -21.978 -8.84621184305451 5.86386858357934 1.77977541528407 -8.08793330700653 -1.34909554678794 -5.26235170999815
"408" 1 1 -43.893 -22.001 -8.25084096345996 4.88768171175419 1.10630194082416 -9.21633817408676 -1.38157102728217 -5.07800470553353
"409" 3 1 -42.531 -22.305 -7.90888391891088 3.96530944456184 1.27004340706701 -8.39078299812658 -1.17761689104845 -4.8947221087401
"410" 2 1 -43.413 -22.551 -8.98851352658364 4.22787953303733 1.78753408260681 -8.65836540537176 -1.26753712394133 -4.8387901990422
"411" 3 1 -43.301 -22.952 -9.77543107267871 5.76110642576764 2.52939584716723 -7.33277641574933 -1.55096934408213 -5.17624364647187
"412" 2 1 -46.479 -23.396 -8.37946347537248 5.01297020408698 1.64456445093303 -8.24250771249371 -1.43549693777216 -5.09938305209234
"413" 1 1 -46.768 -23.468 -8.22927257593476 5.07479476369201 1.66104362423632 -8.19676543613116 -1.41945253248482 -5.2556840960961
"414" 3 1 -46.729 -23.566 -8.39562529504005 5.05770954404169 1.63387137944028 -7.97913740921853 -1.4762113962081 -5.21601123176371
"415" 3 1 -45.753 -23.624 -9.35353635678591 2.20894569496232 2.60363954845257 -8.75399582794137 -1.11103642133974 -5.10396332490162
"416" 2 1 -46.888 -23.641 -8.41261998827408 4.24740298868266 1.83832882951217 -8.31835009489674 -1.37540125195618 -5.06375087599304
"417" 3 1 -46.625 -23.656 -8.16593788684552 4.82191630983138 1.66188861414179 -7.93811500058782 -1.38461054042863 -5.03322104430233
"418" 1 1 -46.491 -23.767 -8.97829068997088 3.38640063989176 2.33231816105679 -8.38231173504197 -1.26205707417786 -4.79406424553304
"419" 1 1 -46.971 -23.772 -8.54577852022011 3.47954866283356 2.05543237432447 -8.62647351189456 -1.21941425690846 -4.8992712478692
"420" 3 1 -48.683 -24.533 -8.77194030200068 5.94727747427164 3.30813119094525 -7.76099561621326 -1.25242226009492 -5.87225534136333
"421" 2 1 -50.13 -27 -8.16627237700088 4.25139792385133 3.72871649043671 -7.43528059234507 -1.09283556307963 -6.20137560603465
"422" 3 1 -49.14 -27.27 -9.2663324187372 4.51617400777607 3.84117939086404 -7.14460493496301 -1.02365924230789 -5.3965150437041
"423" 2 1 -49.41 -27.27 -8.30255209113568 3.3770688572533 3.41392263539532 -7.28059837069798 -1.02902198179026 -5.61216164056259
"424" 1 1 -49.41 -27.36 -8.29162167456405 3.3284011021562 3.38173354718314 -7.25807090188532 -1.02496934655706 -5.5831870481503
"425" 2 1 -49.05 -27.54 -8.89308962101156 3.89593729106738 3.5479452105253 -7.17291431066523 -0.929954826224227 -5.16724049214966
"426" 2 1 -49.23 -27.9 -8.56558793330213 3.7494586958504 3.40567089302716 -7.15584157229435 -0.907087054158631 -5.31501332812407
"427" 1 1 -48.87 -28.08 -8.94129084799414 4.18748520089731 3.61200466111814 -6.64541696814768 -0.841362902984721 -4.76203749968986
"428" 2 1 -49.499 -28.26 -8.21130724551538 3.36881569362458 3.33693518095642 -7.14580103924631 -1.09377874875803 -5.7037977077293
"429" 1 1 -42.928 -22.044 -8.7873207294339 6.10004368274977 1.70809823346699 -9.28227269330961 -1.2957480020975 -5.48653902701012
"430" 1 1 -44.623 -22.428 -7.55736929136867 3.93516881004755 1.12969222794694 -10.1740623289265 -1.31849079243648 -5.3575273355456
"431" 3 1 -43.158 -22.535 -9.3498322034258 3.85190069020803 2.07023507373135 -8.60549603001552 -1.15788794087646 -4.73204023438839
"432" 2 1 -45.358 -22.544 -8.67249039361519 5.13319479180245 1.64562696632544 -10.2691468628575 -1.43322472898025 -5.74327990488383
"433" 2 1 -45.322 -23.327 -7.98820206599926 2.96611103727687 1.68811300742965 -9.27538287707875 -1.17494275221607 -4.86626946098917
"434" 1 1 -46.611 -23.41 -8.22557592222052 4.85103024310892 1.5913308598667 -8.26228143254425 -1.38918523853398 -5.13486053654422
"435" 1 1 -43.885 -21.708 -8.42846677642063 5.31599514951504 1.00812937640891 -9.19102962293071 -1.4452330618342 -5.19440261957271
"436" 3 1 -42.569 -22.441 -8.97369286489582 5.78342792368411 1.74521705368554 -8.44377980489448 -1.34198636083097 -5.18242938110541
"437" 3 1 -43.362 -22.124 -8.93608455167151 6.50901539830125 1.83930235693593 -8.97741238226797 -1.42618034071868 -5.61265733709835
"438" 3 1 -43.318 -21.748 -8.81886998353555 5.33100845839742 1.15272112177016 -8.74331486740691 -1.31346170340665 -4.82752467802656
"439" 3 1 -44.59 -22.034 -7.89937158690595 5.08412290232773 1.19201267748369 -10.0389626059655 -1.36962052709218 -5.69213840820572
"440" 1 1 -44.772 -22.127 -7.76391337061995 4.72069731977452 1.12248697831747 -10.2931153582701 -1.38875727544311 -5.72135925555256
"441" 3 1 -50.606 -21.133 -8.66683851931374 7.65340461299092 1.90402208370648 -8.81616921637914 -1.78276247105065 -6.61087671548698
"442" 1 1 -51.826 -23.279 -8.54987681135246 5.98276265932791 2.61008799249503 -8.11659843079833 -1.57661021961921 -6.56962121303934
"443" 2 1 -53.368 -23.691 -8.91059672647663 6.1567696575207 3.36605329012548 -7.95116927708101 -1.52564313707301 -7.2012986333705
"444" 1 1 -47.11 -22.822 -8.27056514587791 5.90626551218631 1.76453949756945 -8.81776036315576 -1.65391891421094 -5.83742871623771
"445" 2 1 -46.704 -22.935 -8.01948473250495 5.0182705456547 1.53317191211104 -8.67386564315984 -1.46438239516891 -5.5377315926901
"446" 3 1 -51.254 -23.45 -8.91151329751041 5.56815116295086 2.47499160494377 -8.3119885197873 -1.59914485423501 -6.47746839280846
"1" 2 0 -42.69917289 -17.925837543 -8.07923434746471 6.86936388329691 0.570323840897731 -8.62856971650598 -1.41644276834437 -6.0921672512558
"2" 3 0 -44.59917289 -19.525837543 -8.78039385148886 7.20189833713027 0.819484432451465 -9.84294794712837 -1.6560127305503 -6.42201976685075
"3" 2 0 -42.69917289 -22.725837543 -9.48262296171013 6.94271041626624 2.35762493291901 -6.5804918215925 -1.53505742465356 -5.29585177238901
"4" 1 0 -51.39917289 -22.425837543 -8.63910735760566 7.06236442955361 2.42838942660616 -8.37589213080186 -1.69980287587812 -6.76605935709967
"5" 1 0 -41.89917289 -13.625837543 -7.87428203632344 9.09241563007746 0.28492079090693 -7.49313633910796 -2.15055276211456 -7.25128720294702
"6" 1 0 -49.89917289 -23.325837543 -8.80918564605074 6.13608805312645 2.75321430907441 -8.25529881488306 -1.65779110408456 -6.60146642381915
"7" 2 0 -44.99917289 -21.625837543 -8.1512721318806 5.87032872886393 1.09494300815795 -9.9108274653436 -1.47853173024028 -6.06708764478188
"8" 3 0 -40.19917289 -18.925837543 -9.65946388946355 7.46409907686225 1.55781083371267 -6.87180466895372 -1.76688605366799 -6.18850350568143
"9" 1 0 -40.19917289 -19.125837543 -9.72516328758251 7.47561397203004 1.52702575912388 -6.87871524125279 -1.73998814029713 -6.11750955269952
"10" 2 0 -50.49917289 -22.125837543 -8.44098007266705 7.21174963871465 2.22389569069334 -8.56582320563994 -1.69722961540223 -6.63244471572951
"11" 2 0 -53.89917289 -25.025837543 -9.1029628161666 4.6743514395094 3.71166986128902 -8.62397924480446 -1.27456109146534 -7.01923544847169
"12" 2 0 -47.29917289 -22.225837543 -8.24485199972722 6.1143588906841 1.41114381740632 -8.96016904654329 -1.57357819192752 -5.84014468659598
"13" 2 0 -39.99917289 -16.725837543 -9.1864064586971 6.79824775520441 1.77658301654861 -6.11705871790246 -2.13278176213828 -6.5835460001228
"14" 2 0 -45.19917289 -23.225837543 -7.98545998614245 4.10499972893196 1.61811158074015 -9.07090872307536 -1.31956009735757 -5.09312268633229
"15" 3 0 -41.79917289 -11.325837543 -7.48152487547686 8.97085201656797 -0.375548080163414 -6.92713063698247 -2.01561110175381 -7.48861300766925
"16" 1 0 -39.59917289 -17.425837543 -9.87147694241452 7.11104765871071 1.95350903211544 -5.41761100398193 -2.02359672638993 -6.20428759378429
"17" 2 0 -51.89917289 -23.025837543 -8.59961237846706 6.14061502026278 2.51474324584979 -8.04037779313811 -1.64607574904834 -6.65608283607171
"18" 1 0 -45.09917289 -22.425837543 -7.6914842060111 3.93424621045806 1.18285176518161 -10.4469422381017 -1.2941130441354 -5.40430487776535
"19" 1 0 -50.79917289 -20.025837543 -9.0876177282759 7.58429376343399 1.59913868691599 -9.1095052295826 -2.0027807164443 -6.69646787126333
"20" 1 0 -42.09917289 -19.325837543 -8.75324746334426 7.5134301648635 1.23515870090695 -8.8319540857467 -1.5559574910251 -6.38915848383284
"21" 2 0 -54.79917289 -24.025837543 -9.43391052826757 5.76703550969752 3.59635755284721 -8.07552957107905 -1.23711310733943 -6.51561883925595
"22" 1 0 -46.19917289 -21.925837543 -8.31849761293058 5.02376996203402 1.23917312002367 -9.76995584718472 -1.47822337914623 -5.74980177922828
"23" 1 0 -45.29917289 -23.525837543 -10.3946745165207 4.32591073346023 2.8299174988171 -8.755519483684 -1.35860133886201 -5.04835389985756
"24" 1 0 -46.49917289 -23.625837543 -8.27961637879004 4.61559689178912 1.84161000429905 -7.95763444014991 -1.37061406131471 -4.92413118273141
"25" 1 0 -50.29917289 -20.825837543 -8.72283597037131 7.56483502236737 1.72197670836413 -8.92540751330059 -1.8677324492583 -6.6455496615098
"26" 1 0 -54.29917289 -23.225837543 -9.50842080894259 6.3169924011972 2.92960287784005 -8.19397280092794 -1.48646473701259 -6.54588015529596
"27" 2 0 -49.19917289 -26.425837543 -9.46449770523918 5.06402100487409 3.69503305284361 -7.27915032453002 -1.15290495172978 -5.41931990319619
"28" 2 0 -41.99917289 -11.925837543 -6.9096795111711 8.44092620281519 -0.0608915382466759 -7.4770031385051 -2.06938961602792 -7.39552719968431
"29" 2 0 -48.69917289 -27.225837543 -9.47419265358411 4.78926587987597 3.76397395898057 -7.11496124740341 -1.05535775521198 -5.12825363930075
"30" 1 0 -46.79917289 -24.025837543 -10.3491920000258 2.40321799583632 3.04368615222303 -8.92282222192346 -1.13412817632818 -5.01030323274065
"31" 2 0 -49.79917289 -23.725837543 -8.05804316611936 6.13291354648064 2.34273426393955 -7.89879163414639 -1.63355676912943 -6.41673436355726
"32" 3 0 -43.09917289 -17.425837543 -7.9415307521422 7.27317206078117 0.314480504892667 -8.60944175801588 -1.48265378524706 -6.383806164529
"33" 1 0 -49.99917289 -24.725837543 -8.13833583483473 3.79612492046481 2.93329724980956 -7.92032078931034 -1.29579256749059 -6.13849459078703
"34" 2 0 -50.39917289 -26.625837543 -7.59883377839014 3.39270509537405 3.57704709825456 -7.71201612401823 -1.13594202586096 -6.46367174365629
"35" 3 0 -40.09917289 -12.125837543 -8.32438211456951 8.19135549909758 1.03447463781362 -5.76299106028813 -2.1092319714819 -6.66861710645855
"36" 3 0 -49.59917289 -24.925837543 -8.34951822415777 4.89347716350956 3.13012255829189 -7.81475343410743 -1.29605380176633 -6.1132001876913
"37" 3 0 -42.09917289 -18.725837543 -8.73351629872663 7.30903527460006 1.05887315749215 -8.66818198544393 -1.49550094186875 -6.20894682896611
"38" 1 0 -41.39917289 -20.125837543 -8.35279746266189 6.45239654278052 1.28034873804098 -8.57520971423138 -1.50153347373054 -6.21112758494032
"39" 2 0 -50.19917289 -25.025837543 -8.31594483677155 4.71789309053107 3.03493603679854 -7.67164831566552 -1.44432392371737 -6.40913156939192
"40" 3 0 -50.19917289 -21.025837543 -8.6407268481396 7.48489877755806 1.78937865136319 -8.9481015326411 -1.80853387901326 -6.60324806709842
"41" 2 0 -46.49917289 -23.825837543 -10.4557322505917 1.75697484201573 3.01841418252255 -9.29178812864326 -1.04481719415774 -5.04814777872473
"42" 1 0 -40.29917289 -18.825837543 -9.57762434251533 7.48781303053684 1.4705850416063 -6.94890121834944 -1.80916322593464 -6.26905582732351
"43" 1 0 -52.09917289 -23.025837543 -8.51425931212898 6.19751115440992 2.57022443881199 -7.94104171545084 -1.65122944844191 -6.76717685296474
"44" 2 0 -46.69917289 -22.825837543 -8.19510084356563 5.19422534039616 1.57685688620652 -8.8237650512534 -1.46102151790168 -5.62268950846449
"45" 2 0 -49.99917289 -27.725837543 -7.89267810855237 3.73766477598777 3.50708456445719 -7.11261603984919 -1.0321363828627 -5.95318838511825
"46" 2 0 -53.29917289 -22.825837543 -8.83328718055782 7.16776677612885 2.47993368614895 -8.19604116434488 -1.63751010418754 -6.93185850404224
"47" 3 0 -49.09917289 -24.025837543 -7.96265874795331 5.44338471974823 2.51012435968088 -8.0164046653799 -1.44603976388001 -6.08966056071626
"48" 3 0 -49.29917289 -26.325837543 -8.73578001364585 4.58132807455853 3.57942099935328 -7.35466194750837 -1.12097456017481 -5.57805748418776
"49" 2 0 -49.29917289 -21.225837543 -8.73266054961007 7.38711684484437 1.51184341036136 -9.04072497009108 -1.9380997126844 -6.53793801698052
"50" 1 0 -45.89917289 -23.525837543 -8.64151357267428 3.92216244086872 2.14199104773939 -8.12803770332062 -1.27610444984433 -4.81853508972597
"51" 1 0 -41.49917289 -12.325837543 -8.1580052912946 7.71625534967304 0.611534985621353 -7.22874769985941 -2.21912797200699 -6.95031713512022
"52" 2 0 -50.69917289 -24.625837543 -8.31540369730345 4.75118463764126 3.30683496872641 -8.02572748060049 -1.47211068010399 -6.75606459175475
"53" 2 0 -40.59917289 -12.125837543 -8.18837797091756 7.7389853036089 1.01359283416934 -5.84632751580656 -2.18269580503562 -6.79062031547978
"54" 2 0 -40.19917289 -19.225837543 -9.72139905936651 7.50199513751907 1.5659771111729 -6.88211049420637 -1.6793436188778 -6.06274138631241
"55" 3 0 -39.89917289 -18.825837543 -9.90842186974429 7.23915159267938 1.90929660281581 -6.5391704692982 -1.73984737893424 -6.08200077940337
"56" 3 0 -42.89917289 -22.225837543 -8.673621347196 5.22139151247482 1.66873151488022 -9.01232998057972 -1.18166955051767 -5.14691876092816
"57" 3 0 -47.29917289 -24.525837543 -10.5451217840365 5.14766326508085 3.37217135486048 -8.03242369883649 -1.29280279266742 -4.95199313473423
"58" 3 0 -40.99917289 -21.125837543 -9.01179411998907 7.63548258943792 1.64671162313429 -6.26457776948459 -1.43874690434859 -5.8026926375304
"59" 2 0 -49.19917289 -24.425837543 -7.84586841177424 4.85645438325032 2.92674681402791 -8.03239307901841 -1.23768724604023 -5.90637483400024
"60" 1 0 -52.79917289 -22.925837543 -8.52802789498814 6.72236732706131 2.58554307020178 -7.94749190419732 -1.69279951442929 -6.96173353732485
"61" 3 0 -43.39917289 -20.225837543 -8.29829812013659 6.24469777107514 1.03306314380729 -9.22845415719363 -1.24176974150855 -5.55232778549563
"62" 1 0 -44.19917289 -22.925837543 -7.70346056733019 3.56700727656588 1.39831373243578 -9.45773160179868 -1.25515125628898 -5.12609130793651
"63" 3 0 -40.69917289 -13.825837543 -7.83941925146872 9.04640033711889 0.075581573524226 -5.94264246116638 -1.92045424685015 -6.69437281544311
"64" 1 0 -39.69917289 -16.325837543 -9.52447682408594 7.10617919398135 1.67006970577564 -5.83212648703331 -1.97049107504023 -6.21666054406298
"65" 1 0 -42.29917289 -16.025837543 -7.88227674653794 8.22371510163341 0.458102273382065 -8.3404210738707 -1.71588588245355 -6.97663150959461
"66" 2 0 -50.49917289 -25.725837543 -7.90827597834297 4.29802340518675 3.35561418904993 -7.99145529474133 -1.22217642123566 -6.24037996935967
"67" 3 0 -52.29917289 -22.825837543 -8.51455624629489 6.58257944912217 2.5059719555811 -7.89023024753707 -1.6931959439074 -6.86595605772331
"68" 1 0 -54.49917289 -23.525837543 -9.45589215426453 5.96953370595137 3.13289197485892 -8.12154725320345 -1.41504960557463 -6.53815841855674
"69" 2 0 -54.59917289 -23.525837543 -9.49228806624266 5.99382133198777 3.22366471873787 -8.1273033607684 -1.37105237090734 -6.47931656418669
"70" 2 0 -52.19917289 -23.425837543 -8.25092778516188 5.61102903446035 2.6032088839186 -7.80883845841735 -1.579711217315 -6.5450157851401
"71" 1 0 -41.19917289 -16.425837543 -8.36274715113047 9.15098222065907 0.879436487135194 -7.67276695544329 -1.59337125781818 -7.07081067887869
"72" 3 0 -49.89917289 -26.425837543 -7.60920661356491 3.91631920951671 3.36771083572581 -7.63921762471874 -1.16600192495008 -6.23632523521004
"73" 2 0 -41.09917289 -20.525837543 -7.58865876497893 3.56514145310971 1.00643403008372 -8.22971055021985 -1.31584067620177 -5.30201934790008
"74" 3 0 -40.59917289 -15.325837543 -8.10846242324268 7.2887169992064 0.771095736347198 -6.23685813919892 -1.80535587895 -6.39381399706162
"75" 3 0 -43.59917289 -19.625837543 -8.701451331825 6.19908487220991 0.686415932680223 -9.54193256851828 -1.25637018375913 -5.56370727707636
"76" 2 0 -40.49917289 -13.325837543 -7.5488974406982 6.10738223873596 0.429176605842845 -5.5427542876782 -1.93524970608703 -5.78948522888129
"77" 1 0 -41.69917289 -12.325837543 -7.66049857870806 8.101517150251 0.239882745989139 -7.45346933824732 -2.10602284375048 -7.09212008645815
"78" 2 0 -47.89917289 -22.725837543 -8.34327116261837 6.49314947748267 1.74742557026371 -8.67525915909812 -1.54076588103 -6.00611338746588
"79" 3 0 -43.79917289 -21.825837543 -8.54181296061628 5.7925751889338 1.2575531278446 -9.03038144625657 -1.42220027812729 -5.20420360519305
"80" 1 0 -47.59917289 -23.525837543 -7.83543011090166 5.70196742465367 1.79880554913755 -7.88203931718709 -1.4333845791476 -5.68796097871173
"81" 1 0 -46.99917289 -22.525837543 -8.36322792223014 6.09273790872655 1.58518091856003 -9.06297110618463 -1.70170377162483 -5.87801203947108
"82" 2 0 -42.89917289 -18.925837543 -8.50567009106661 5.84669272549707 0.932193777555648 -9.68646752378453 -1.04323216510666 -5.49793496640894
"83" 3 0 -50.09917289 -29.925837543 -8.83608514047847 3.82554941402119 3.97335280954084 -5.3099497442949 -0.560885774324058 -5.13916560205331
"84" 3 0 -41.29917289 -17.725837543 -8.80084451601862 8.02614224057687 1.15098965195436 -7.74138339105102 -1.77985783331536 -6.80123709375493
"85" 1 0 -46.19917289 -22.225837543 -8.34233066232004 5.41018057669611 1.28320956458216 -9.4590885493848 -1.52161827436274 -5.84000166838865
"86" 2 0 -42.59917289 -21.125837543 -8.51978276253677 6.86292887066996 1.55102083544452 -9.29270614868841 -1.3318395012051 -6.18369733026885
"87" 1 0 -40.49917289 -15.925837543 -8.61904219514157 8.83347277644378 1.19013066983736 -6.83904469361069 -1.74927718629882 -6.84696675908601
"88" 2 0 -49.59917289 -22.225837543 -8.28883952782074 6.30495043787243 1.92581270376289 -8.99928345656664 -1.73874909744043 -6.40616189790294
"89" 1 0 -53.49917289 -23.225837543 -8.95344052577419 6.75521702330493 2.90815882447978 -8.06701538362022 -1.59424101132839 -7.1123796822969
"90" 3 0 -43.19917289 -20.525837543 -8.08198328096316 6.49326810603795 1.1421774757057 -8.79239803037398 -1.30196606050837 -5.70537884886338
"91" 3 0 -53.19917289 -24.325837543 -9.36377524247712 5.85063393413801 3.69564280926298 -8.14364254128574 -1.37006180621558 -6.97038020862069
"92" 3 0 -41.39917289 -15.725837543 -7.74107275092728 7.52180302157167 0.233507257397246 -7.26728530153701 -1.68626221043129 -6.42762276840139
"93" 2 0 -39.79917289 -18.425837543 -10.2478166016057 6.66935665746817 2.04249609498867 -6.11082235834592 -1.69379156702206 -5.83132291780405
"94" 2 0 -43.89917289 -19.225837543 -8.64152896872231 6.92520631756541 0.717119450054632 -9.48779991284413 -1.41787660934005 -6.01435844155118
"95" 2 0 -41.19917289 -11.725837543 -7.33037454009995 7.24373171108867 0.266384102024653 -6.32107135587763 -2.06841154725971 -6.71073058083686
"96" 3 0 -50.29917289 -29.225837543 -8.84644817725619 1.98984893440119 3.82730207171156 -6.86734302306528 -0.882689799701741 -6.23110368503006
"97" 3 0 -49.39917289 -28.625837543 -8.58067588157695 5.48719113393847 3.77426058081394 -7.35536620458192 -1.17342893602912 -6.0674378234331
"98" 3 0 -49.89917289 -28.025837543 -7.68772484824978 2.4485737271814 3.07165111353829 -6.91012758471254 -1.07663532817003 -5.74944499952662
"99" 1 0 -51.59917289 -20.525837543 -9.50876782482626 7.73610701923889 1.68197444606106 -8.64405275406975 -1.9085765857063 -6.59127778839713
"100" 2 0 -51.39917289 -21.925837543 -8.51848531687521 7.25641010356314 2.26848964762011 -8.38971465546994 -1.70792174465523 -6.73718884576018
"101" 3 0 -41.49917289 -15.625837543 -7.78344074865165 7.42990750120057 0.190197115032745 -7.42899748220736 -1.63773952046397 -6.39008666717504
"102" 2 0 -51.59917289 -21.425837543 -8.58239214542705 7.51239658474763 2.05940137372771 -8.28074193193147 -1.77421226374565 -6.69020157723845
"103" 1 0 -50.19917289 -21.725837543 -8.34310452546311 7.21326024490988 2.01261285041647 -8.77780742392476 -1.73538539638005 -6.65075084222859
"104" 2 0 -51.09917289 -23.025837543 -8.85180433999397 6.89879774813606 2.54639386669961 -8.33045642372829 -1.7172177828775 -6.68100216513718
"105" 2 0 -41.09917289 -16.025837543 -8.44393351646798 7.87566548087188 0.737158986624134 -7.21390311127556 -1.60787363136646 -6.53451244777366
"106" 3 0 -42.49917289 -16.425837543 -7.98472834081541 8.20848693837621 0.57502115733912 -8.64756725100388 -1.70211269605555 -7.07240219405004
"107" 1 0 -41.09917289 -21.625837543 -8.91632824437627 7.41221192364551 1.78865387346937 -6.23985546964114 -1.56945720316692 -5.60992325447789
"108" 2 0 -51.09917289 -30.025837543 -8.56604042637649 4.68315042074613 3.97393134781738 -6.04888364532357 -0.571118879442166 -5.97127084096481
"109" 2 0 -43.49917289 -21.425837543 -8.84177456874288 5.49768016016725 1.20701224123776 -9.19400898015904 -1.35648316043095 -5.04249475068429
"110" 2 0 -49.79917289 -23.825837543 -8.00747120690079 6.00867325262169 2.41731739736889 -7.90342288389808 -1.58230503343488 -6.36291340036585
"111" 1 0 -49.49917289 -25.325837543 -8.36615964501749 3.50365320454252 2.89742536262407 -7.89727591813225 -1.25343044410661 -5.82228070433768
"112" 3 0 -45.69917289 -21.625837543 -8.50768262268786 6.37136570240923 1.5620537554505 -9.7311737189699 -1.53778775795066 -6.3092601984377
"113" 2 0 -50.79917289 -21.325837543 -8.43998080735972 7.36216910081197 1.91978364370549 -8.7977859494962 -1.74279140342225 -6.58831465965231
"114" 1 0 -52.39917289 -24.325837543 -9.18619340989383 4.6710684474008 3.07064994606748 -8.12199731193897 -1.53164065802939 -6.51351183741108
"115" 1 0 -53.29917289 -22.525837543 -9.18392040734819 7.35227671676216 2.37121379516347 -8.18278627833412 -1.75562690016438 -6.81731323747348
"116" 2 0 -54.19917289 -23.925837543 -9.43275151733689 6.15960351978614 3.47055780226271 -7.91920400844351 -1.30689872039727 -6.61292684490221
"117" 3 0 -53.39917289 -22.825837543 -9.03943667186729 7.27427655313117 2.54824080884243 -8.2044430630924 -1.63339782654114 -6.91500790827553
"118" 1 0 -47.89917289 -22.525837543 -8.45873983621008 6.26380164398516 1.66786129976423 -8.87189781323852 -1.54705975585305 -5.86805258905029
"119" 3 0 -43.99917289 -21.325837543 -8.47575712510647 5.58359483978416 0.949401304118685 -9.2897546971879 -1.43416948903349 -5.50107223167251
"120" 2 0 -50.39917289 -30.425837543 -8.53833613584482 4.1514580583539 3.90970116945518 -5.64823336009367 -0.383406148595262 -5.38553351205572
"121" 2 0 -46.29917289 -23.825837543 -12.1422684262349 1.48903882911944 3.76888520254675 -9.37909254137833 -0.987377452837317 -5.28983199835518
"122" 2 0 -48.19917289 -23.925837543 -7.76325247785976 5.5547151258325 2.39144291244664 -7.6789485126331 -1.34701463365124 -5.75301432945263
"123" 1 0 -49.89917289 -24.725837543 -8.13421918064757 3.958744401246 2.98788095440341 -7.95851092860004 -1.25109784090644 -6.08757437477311
"124" 2 0 -39.99917289 -18.925837543 -9.82968854935922 7.35486320865217 1.79762900426193 -6.65081491622485 -1.72098487613498 -6.06921878870989
"125" 1 0 -42.99917289 -17.025837543 -7.91061385071588 7.93501932936381 0.330038520490587 -8.62058602099679 -1.64416730000535 -6.86799535751057
"126" 1 0 -54.49917289 -22.825837543 -9.81557880096636 6.55531799342011 2.54322826549068 -8.40389029315388 -1.54578162514685 -6.27535538815985
"127" 3 0 -40.99917289 -14.625837543 -7.30039143707992 8.01757249266046 0.0440094077756627 -6.65041051045 -1.77965168950085 -6.54795379907601
"128" 2 0 -51.39917289 -26.425837543 -7.67423052242881 2.50249528016989 3.42730294001279 -7.76706578407954 -1.07937099167071 -6.6828691952642
"129" 1 0 -50.29917289 -21.225837543 -8.60779553810307 7.47092033615074 1.85892998713248 -8.94440015127744 -1.77858590862254 -6.60608583021169
"130" 2 0 -42.39917289 -18.925837543 -9.02237697190184 8.02782042305576 1.18660166270165 -8.68250048228363 -1.57562800455371 -6.42326783770742
"131" 1 0 -53.39917289 -22.325837543 -9.31074933464532 7.16394351834286 2.24718502165078 -8.22558488897793 -1.73721582326351 -6.59925052105427
"132" 3 0 -49.69917289 -19.925837543 -9.13459977876007 8.28116765124299 1.21529112605775 -9.00220139932705 -1.68237413400399 -6.84375996029795
"133" 3 0 -41.59917289 -12.225837543 -7.79049114420713 8.14558333727703 0.314831597570821 -7.1617832089216 -2.1745387875406 -7.10034334096378
"134" 1 0 -51.09917289 -28.625837543 -8.61001908455708 2.67186670333512 3.62524477431557 -6.80022193240776 -0.821551851951397 -6.19603103713616
"135" 2 0 -41.69917289 -21.925837543 -8.97275313598126 7.56681510864944 2.14234953969228 -7.07413751479405 -1.3508577346016 -5.76020738840028
"136" 1 0 -44.29917289 -19.025837543 -8.25809305382607 7.38957387384343 0.715470927939101 -9.18724592201548 -1.61965158682574 -6.50132655981936
"137" 1 0 -49.99917289 -20.125837543 -8.86641295010735 8.01599681092172 1.38493172280666 -8.98441492710526 -1.87159463604525 -6.81804686133822
"138" 3 0 -50.49917289 -30.125837543 -8.55005143507188 4.22086381294803 4.00379321477972 -5.86161353519293 -0.455400076095952 -5.57016712446806
"139" 1 0 -40.29917289 -11.925837543 -8.36839500309835 7.75100596101023 1.22585271826732 -5.87448043667639 -2.12051417037526 -6.75491681757968
"140" 2 0 -43.79917289 -19.525837543 -8.79179497477873 6.75646167443957 0.633700706121502 -9.47796525838196 -1.36242931577037 -5.82284250408136
"141" 3 0 -40.89917289 -16.325837543 -8.65121645271909 8.88702314674334 1.09088090381536 -7.39488588357353 -1.6438538934818 -6.90604816051493
"142" 3 0 -49.39917289 -23.225837543 -8.04563488484466 5.87548685135919 2.0804413534542 -8.52716881186226 -1.66680218347344 -6.45201939082322
"143" 1 0 -52.39917289 -23.425837543 -8.74885103689954 6.44939216821304 2.9504953676679 -7.76946759646941 -1.59301354665579 -6.83964880718074
"144" 3 0 -39.89917289 -18.225837543 -10.0369938743525 6.97350873603353 1.95509746713126 -6.04290872269715 -1.77823730596353 -6.08690856037993
"145" 2 0 -42.89917289 -18.125837543 -8.24363897566835 6.56065964457737 0.666892600085959 -8.96790442211573 -1.30760899753774 -5.88011100350503
"146" 2 0 -53.69917289 -24.125837543 -8.95090681316802 6.37866610308224 3.61256023701528 -7.89854777055773 -1.40550574043348 -7.21106379654848
"147" 1 0 -48.39917289 -22.625837543 -8.52836824376665 6.45383916214977 1.85560722595563 -8.91889487829069 -1.75368660988114 -6.18614887989542
"148" 2 0 -43.99917289 -19.425837543 -8.83164119584972 7.33097098712018 0.722883139241109 -9.41358066630209 -1.46904220495958 -6.16182579739002
"149" 1 0 -41.99917289 -22.125837543 -8.72719186363414 5.49435997009821 1.75928364881976 -7.97694719889865 -1.31068741287981 -5.07876227108905
"150" 1 0 -44.69917289 -18.925837543 -8.58095394228207 7.86351566924575 0.809944761669293 -9.4202405765143 -1.58359644325966 -6.70316545056635
"151" 2 0 -49.99917289 -28.325837543 -7.5847664471951 2.03762206715285 2.98082923104318 -6.836579709531 -0.932403341195589 -5.64720653708955
"152" 1 0 -53.59917289 -23.625837543 -8.80523350028652 6.19960756162903 3.21728179531209 -7.94791912915107 -1.46994769667349 -7.1874358748148
"153" 2 0 -49.59917289 -27.925837543 -7.96995485239416 2.97316311166898 3.25259611932343 -7.12305590004662 -1.09434414282031 -5.67267178140497
"154" 3 0 -49.69917289 -20.225837543 -8.91764103020483 7.85802272901914 1.36896748029676 -9.25072551680523 -2.03262754680796 -6.71525002557685
"155" 1 0 -54.09917289 -24.525837543 -9.20619851375193 5.30856752719864 3.63499126718226 -8.3479056004085 -1.29155335637017 -7.03990901879979
"156" 2 0 -50.39917289 -26.425837543 -7.72940199270704 4.12183829090696 3.69101633637501 -7.85165323901593 -1.16173224702758 -6.52656553008756
"157" 2 0 -44.19917289 -18.225837543 -8.47745435278366 8.11603140956794 0.674362906108312 -9.31274288338556 -1.41888249909672 -6.73081462602001
"158" 1 0 -52.09917289 -22.825837543 -8.75961978535295 6.84575980768398 2.6507727517216 -7.9427124964864 -1.67344920394906 -6.8881183937928
"159" 2 0 -40.19917289 -13.325837543 -7.70203170221028 6.64650223051504 0.576744954956704 -5.29337837370277 -1.95109123830228 -5.90071853473536
"160" 1 0 -43.29917289 -22.725837543 -9.95429542462184 6.63923485093635 2.66714695010217 -7.28076677970888 -1.60579910994732 -5.19673745084882
"161" 2 0 -48.19917289 -23.025837543 -8.34162882595796 6.49545087564278 1.87491016951555 -8.56536797645171 -1.70196701310865 -6.10659670798741
"162" 3 0 -51.19917289 -30.125837543 -8.5877670555169 4.79973357952096 3.96269659811013 -5.97980820810855 -0.608020408541586 -5.93834932717625
"163" 3 0 -46.39917289 -23.125837543 -8.02870000474385 4.95739388405297 1.54768176249306 -8.46264168388954 -1.37461011286276 -5.23319567596529
"164" 1 0 -40.49917289 -18.525837543 -9.40193683724672 7.72770106839249 1.33671569011358 -7.00593865084659 -1.86659560649376 -6.46604050372205
"165" 1 0 -40.09917289 -19.025837543 -9.76009088675749 7.3725451831449 1.6346618654608 -6.74688429231047 -1.72917916518596 -6.07213492412132
"166" 1 0 -42.39917289 -18.325837543 -8.89008249253162 8.15205043757337 1.07204223722334 -8.78695640713965 -1.51335416813438 -6.58518726883075
"167" 3 0 -45.19917289 -21.325837543 -8.35481114512664 6.41125401061143 1.20936849272702 -9.46107239853763 -1.52760016145709 -6.12030845605234
"168" 1 0 -50.59917289 -25.925837543 -7.80147766369729 4.24978045914811 3.44438949654199 -7.94713049506723 -1.2088969014214 -6.32648660860115
"169" 1 0 -49.89917289 -19.925837543 -9.09107929850805 8.08468992009513 1.31530768493404 -9.12476381802977 -1.93855336275581 -6.77234846184124
"170" 3 0 -46.59917289 -24.025837543 -11.0945030069141 1.05042740667407 3.41146845970475 -9.49945288499802 -0.962748530298692 -5.2562917117107
"171" 3 0 -54.39917289 -24.125837543 -9.46932244058762 5.90983304856885 3.57802336083633 -7.98057545534646 -1.20002740922131 -6.50675300788683
"172" 2 0 -43.69917289 -21.525837543 -8.74208282661493 5.68432786147142 1.15374955587116 -9.11975767613561 -1.39290336395059 -5.1604173085028
"173" 1 0 -50.69917289 -26.325837543 -7.78424306453954 4.25794924610588 3.95366291567999 -8.00105217197785 -1.14216923072533 -6.72365414604547
"174" 2 0 -50.39917289 -27.425837543 -7.47230435273942 2.81176637087035 3.42750345082346 -7.18653171338932 -0.884252762013801 -6.09834943730331
"175" 1 0 -41.19917289 -18.825837543 -8.94871259597915 7.36811478351404 1.20228980962298 -8.08789825893546 -1.66758561421384 -6.35083444857681
"176" 1 0 -45.39917289 -22.325837543 -8.31119465732765 5.79960774064061 1.56836562353056 -9.94014893567236 -1.46749021810954 -6.10899255194662
"177" 1 0 -49.49917289 -21.325837543 -8.62639154535663 7.40241605948029 1.69821829382457 -8.93678026806435 -1.88025340326501 -6.60866793159662
"178" 2 0 -40.29917289 -19.125837543 -9.49706563821052 7.2463307543944 1.44783571026606 -7.0630069129876 -1.72313704313286 -6.12995836299119
"179" 2 0 -44.19917289 -18.825837543 -8.45022137448385 7.82156032675197 0.919700474907045 -9.36804827554156 -1.66490339873515 -6.682724163854
"180" 3 0 -42.29917289 -11.525837543 -7.74855308318715 9.22685800894767 0.0563857130399761 -7.82547083500635 -1.88306250838779 -7.67538609529929
"181" 3 0 -42.29917289 -19.025837543 -9.05357335344575 8.06639277505489 1.16615612232193 -8.56912575025956 -1.60392673875738 -6.45042872617895
"182" 1 0 -41.19917289 -12.425837543 -8.50703926215785 7.95446887951137 0.723625541897105 -6.92699874183502 -2.24448937983476 -7.00639939879957
"183" 1 0 -43.09917289 -20.925837543 -8.42843515614993 6.60970685708052 1.42300865955779 -8.98999049593638 -1.23251895368562 -5.77222186460465
"184" 3 0 -46.29917289 -22.625837543 -7.71831111272229 3.39841787811671 1.12899740223413 -9.54252477791202 -1.29069905256039 -5.17124234811993
"185" 1 0 -48.19917289 -23.625837543 -7.91105542550999 5.76591669493571 2.11114942021604 -7.97156421500591 -1.52249697958438 -5.9143297369418
"186" 3 0 -40.29917289 -16.325837543 -8.47399041963208 7.04805961208526 1.49873057141087 -6.23225299042325 -1.99754074610328 -6.68408592643399
"187" 2 0 -51.49917289 -22.525837543 -8.61730471511036 6.89485321453438 2.41602033072744 -8.26292980333284 -1.72294148878897 -6.78912896534593
"188" 2 0 -51.39917289 -24.725837543 -8.86792953279645 5.04871327052351 3.40097857811643 -7.98999248755391 -1.39338799975692 -6.6269247465844
"189" 3 0 -40.59917289 -14.225837543 -7.34862886038957 7.9515231738821 0.118437313039194 -6.01014416891336 -1.80535926184426 -6.29076169846058
"190" 3 0 -51.49917289 -20.125837543 -9.69719515129304 7.36084911757774 1.57319982878906 -9.2228121345637 -1.85112138718277 -6.47284832364102
"191" 1 0 -51.39917289 -20.025837543 -9.78746801410596 7.45986915017798 1.55893453130713 -9.33259384076584 -1.84068447164181 -6.50436061216245
"192" 3 0 -42.89917289 -20.325837543 -8.42418939041134 7.90251323662308 1.38862384801779 -8.65260521504372 -1.35954363623574 -6.30589341229873
"193" 1 0 -51.19917289 -28.425837543 -8.57441361968731 2.88393579796746 3.60912837363597 -6.82647712127228 -0.848559996972289 -6.28505520044865
"194" 2 0 -42.39917289 -19.825837543 -8.72726494470794 8.06274408083893 1.36023613744502 -8.60688658347068 -1.51430734911762 -6.47505446955402
"195" 1 0 -45.19917289 -21.225837543 -8.40456621971292 6.30110782785736 1.19585322781664 -9.52018726321549 -1.49064397657649 -6.01194105349174
"196" 1 0 -41.99917289 -19.825837543 -8.02138384753605 6.03335481002678 1.05816533790163 -8.96642364594432 -1.43646550961332 -6.01681486844619
"197" 3 0 -41.99917289 -17.925837543 -8.6761093405077 7.91395747039125 0.961206049381181 -8.51877649151154 -1.51777053176272 -6.57400845672801
"198" 1 0 -44.29917289 -22.725837543 -8.53642000825397 6.05506285260104 1.76583205384498 -9.21005443521815 -1.48294380328886 -5.59357556076032
"199" 1 0 -42.39917289 -15.925837543 -7.64984401611914 7.79202389358419 0.357100765692072 -8.3975250086027 -1.59949645848818 -6.77925817759776
"200" 1 0 -50.59917289 -23.525837543 -8.43657089843967 5.47960064613812 2.68759124157279 -8.00774243514325 -1.68845509141844 -6.744616734582
"201" 2 0 -42.29917289 -13.625837543 -7.41525203273699 7.567999095594 -0.190830059411174 -7.53269442132644 -1.7007786772359 -6.72898553287425
"202" 1 0 -49.89917289 -23.125837543 -8.80574276667901 6.58646742347266 2.67235025772088 -8.5720446976303 -1.66077593497516 -6.6070122018691
"203" 3 0 -50.89917289 -19.825837543 -9.48263089875751 7.52532555292128 1.51485774251467 -9.33319415973678 -2.06890125126207 -6.60909795820971
"204" 2 0 -50.59917289 -21.225837543 -8.52803081271056 7.37349974525373 1.91565823292387 -8.86785211154371 -1.74164526133564 -6.53584963458658
"205" 2 0 -39.59917289 -17.525837543 -9.93154858556093 6.97913110823049 2.02396427093969 -5.43727753234162 -2.02205361303868 -6.12774441477611
"206" 3 0 -41.39917289 -14.325837543 -7.4207089017174 8.50919637429607 0.0999757508277632 -6.79623244538585 -1.94957322694628 -6.99581056997565
"207" 3 0 -43.79917289 -18.025837543 -8.23828643361749 5.57094155230708 0.402212952915918 -9.16478682145421 -1.03807378839226 -5.18802100616807
"208" 3 0 -40.39917289 -17.925837543 -9.24853775494379 7.81703835219238 1.35693455302697 -6.51739770569996 -1.88164601365701 -6.57830444896587
"209" 1 0 -48.69917289 -23.125837543 -8.21000014710154 5.88387313300344 1.78711578789115 -8.70429162377466 -1.65503678522696 -6.34240156753548
"210" 2 0 -43.89917289 -21.525837543 -8.49287628240383 5.29862330871272 0.959027209425512 -9.17847115758241 -1.4007783028007 -5.25045328548156
"211" 2 0 -41.29917289 -17.825837543 -8.82431810146961 7.89008003182693 1.10942032729007 -7.77532264322323 -1.7893095921083 -6.74640787002081
"212" 3 0 -45.39917289 -21.825837543 -8.26146473144253 6.32852323822485 1.3463345242089 -9.9440269152142 -1.50640311284318 -6.29753489957206
"213" 2 0 -40.49917289 -20.525837543 -9.59972290169159 7.01389442469449 1.84941564150533 -6.1627916210167 -1.44607875175175 -5.69616902475733
"214" 1 0 -50.49917289 -21.225837543 -8.59098145726626 7.39040177637305 1.86686807695403 -8.92017041524631 -1.77588409387867 -6.56763277945098
"215" 3 0 -51.19917289 -27.725837543 -8.31298209454206 2.9527489007159 3.5325150340579 -7.09966819809506 -0.894713576445206 -6.38334848540226
"216" 3 0 -42.39917289 -12.825837543 -8.07150680312995 9.67983628710382 0.148751907640674 -7.70556423717765 -1.96716365019319 -7.7372357273194
"217" 3 0 -40.59917289 -12.725837543 -8.30252249488951 8.14256376221951 0.734325538725288 -5.81792597943642 -2.16070217998927 -6.47946228266478
"218" 1 0 -50.69917289 -29.525837543 -8.88710273470203 3.64813611935654 4.00094967606906 -6.14050791010599 -0.740482533725146 -5.82619011745239
"219" 2 0 -46.29917289 -22.525837543 -7.91726446601806 3.85165812537114 1.25331336583333 -9.67771289849853 -1.51191173468494 -5.25334749765802
"220" 3 0 -44.19917289 -20.825837543 -8.47302014686408 6.00373879440625 0.95799403185548 -9.65176403180898 -1.36172886949555 -5.77411980794617
"221" 2 0 -44.79917289 -22.025837543 -7.91510342011046 5.62552605377983 1.32473370958014 -10.0873198419727 -1.43478461670794 -6.04598420939815
"222" 3 0 -43.49917289 -22.625837543 -10.1785051589174 5.48435667380231 2.31242197788804 -8.8217220977143 -1.58181389967737 -5.43542029732992
"223" 3 0 -41.19917289 -13.725837543 -7.70668695903795 7.41900498345368 0.362154096411218 -6.79641177103215 -2.05166191755802 -6.81901350702959
"224" 1 0 -41.59917289 -21.725837543 -8.87296735924939 7.85785948584852 2.04162726862896 -7.19103518800424 -1.31415037976713 -5.88246313068268
"225" 1 0 -46.79917289 -22.325837543 -8.55730912554521 6.09318199059582 1.4867139796257 -9.30101408613487 -1.62321416580081 -5.92788311173008
"226" 3 0 -41.79917289 -13.825837543 -7.71304662489842 9.02421875159753 0.228679512481642 -7.28238651388895 -2.16110540704967 -7.24273222523884
"227" 3 0 -49.29917289 -25.325837543 -8.31237626851878 3.69676304487451 2.87907699375199 -7.60992069026731 -1.26544061002545 -5.65476545731882
"228" 2 0 -42.39917289 -21.625837543 -8.93440986067049 7.69991140284997 1.80754954835386 -8.88422491566838 -1.3816283560024 -6.27326226992617
"229" 3 0 -50.49917289 -19.725837543 -9.29612414880202 7.61151419540733 1.3759328820254 -9.25495091355175 -2.10137446746689 -6.58110481549691
"230" 2 0 -52.49917289 -24.525837543 -9.2500284071181 4.79944037599306 3.05756804064603 -8.47839153644159 -1.42914495406841 -6.41624260571259
"231" 2 0 -41.79917289 -15.525837543 -7.55230584243703 7.62171616433638 0.157695272961966 -7.53964245945796 -1.54925587568967 -6.6050909225945
"232" 1 0 -42.49917289 -19.825837543 -8.79544707827409 8.29693212629003 1.4011796455268 -8.55051989504173 -1.5397039171743 -6.49301447860587
"233" 2 0 -52.09917289 -24.325837543 -8.89276915791551 5.92211228832768 3.1022184754844 -7.90008104706771 -1.54266233934444 -6.6535114846378
"234" 1 0 -46.79917289 -22.625837543 -8.36752154528836 5.47809629424176 1.49965595169071 -9.14432877144904 -1.51181615171014 -5.75504671446723
"235" 2 0 -52.99917289 -22.425837543 -9.00174131697701 7.59864468406658 2.33635595513042 -7.92919979661414 -1.72239527257216 -6.94888869057155
"236" 1 0 -50.99917289 -30.025837543 -8.55624014776837 4.59283006527073 3.99495501465174 -6.12396672857608 -0.532661592524579 -5.98868874054471
"237" 2 0 -46.19917289 -21.625837543 -8.63709093989935 5.74465596709532 1.48531410632849 -9.81525589531526 -1.74002509537637 -5.87673846224925
"238" 1 0 -47.09917289 -24.225837543 -10.3390153014908 4.35001666697626 3.00229970296912 -8.46054102330254 -1.24704251164381 -4.78551314335891
"239" 3 0 -42.39917289 -16.625837543 -8.1601021052116 9.12885529091232 0.710720834044979 -8.705215061429 -1.77943988449569 -7.44512943659135
"240" 2 0 -46.79917289 -22.725837543 -8.42107174201675 5.38555507444483 1.58941639882093 -9.14278074705432 -1.63506155792104 -5.71042929684656
"241" 2 0 -48.79917289 -24.325837543 -7.77637224373315 4.54368577666276 2.70475053970043 -8.02046042749775 -1.19452928693784 -5.48436688482098
"242" 3 0 -47.69917289 -22.025837543 -8.51685081713036 5.76655286389965 1.28986119831123 -8.7549002997601 -1.5464454922551 -5.57191492134218
"243" 3 0 -40.19917289 -20.125837543 -9.89910338314048 7.51599920749925 1.89119662598167 -5.76214968347628 -1.40562581800523 -5.70599155817433
"244" 2 0 -42.29917289 -13.025837543 -8.10238508069974 9.47162855636973 0.180424912172894 -7.72057111956903 -1.89083477250906 -7.52993776169995
"245" 2 0 -48.99917289 -27.225837543 -9.04346259377555 4.01705175708214 3.64165538809607 -7.20575424675176 -0.989082949894115 -5.26819017094639
"246" 3 0 -49.49917289 -27.625837543 -8.6304846705537 4.23285105786482 3.59003198620808 -7.26442618903036 -1.05207431665423 -5.64454281132011
"247" 2 0 -48.49917289 -23.425837543 -8.17019450039488 6.20782181163881 1.99574068712259 -8.3483692338087 -1.64454637781615 -6.19623825576588
"248" 2 0 -39.79917289 -17.425837543 -9.75073931677774 7.17931701474569 1.84421962815582 -5.72807191141121 -2.06162787865588 -6.29520535889314
"249" 3 0 -45.99917289 -22.025837543 -8.07063276364485 4.49991881045909 1.07723609348468 -9.82476325969413 -1.45458977604051 -5.59725310148239
"250" 3 0 -54.69917289 -23.525837543 -9.59180790077055 6.15515889180511 3.29798624399245 -8.10806571676541 -1.37181465240736 -6.46432891292448
"251" 3 0 -53.89917289 -24.125837543 -8.97248482690397 6.1340618665254 3.55336248722887 -7.93067832606225 -1.45575994865792 -7.13352667589178
"252" 3 0 -45.59917289 -23.325837543 -7.8744233932135 4.65853875796751 1.56640011361447 -8.34582573744594 -1.33542789525597 -5.0424024629324
"253" 2 0 -48.69917289 -25.325837543 -10.5376068472236 4.89927283805708 3.95199902688291 -8.4104299972497 -0.716054909959632 -4.77984959679217
"254" 3 0 -41.69917289 -19.925837543 -8.88313078211991 8.14031974222542 1.43626199297157 -8.54407537220038 -1.62052071662789 -6.70252856270928
"255" 3 0 -45.39917289 -21.125837543 -8.42762819443382 6.60370220815151 1.28789107949615 -9.45513088290553 -1.56513974046384 -6.2519255019714
"256" 2 0 -41.29917289 -15.525837543 -8.08868600965845 7.70260559287929 0.268470506030586 -7.31047501788556 -1.66620657670625 -6.38763656429381
"257" 1 0 -40.19917289 -15.425837543 -8.73535889892648 8.15151896645997 1.15537878189948 -5.97497902830593 -1.80432364904317 -6.44990329459127
"258" 2 0 -44.79917289 -19.125837543 -8.60966873899045 7.58014994815274 0.81045033613649 -9.40945097908665 -1.67547188544686 -6.61531136769059
"259" 1 0 -48.69917289 -23.725837543 -8.12588683955259 6.20407102552692 2.2012801411131 -7.9780925202371 -1.58690518544282 -6.19944589815687
"260" 2 0 -40.49917289 -13.125837543 -8.10887529377573 7.87176536354403 0.555921637975217 -5.88270433717885 -2.13620988531989 -6.30577841299586
"261" 3 0 -52.79917289 -23.325837543 -8.7967671541384 6.76931395949289 2.96367413162843 -7.76712537786565 -1.61178176093546 -7.04513309767217
"262" 1 0 -41.99917289 -11.825837543 -7.1592913816989 8.89308090609789 -0.0938206443705824 -7.33188913867411 -1.86748291344288 -7.57068761400824
"263" 3 0 -44.09917289 -21.325837543 -8.5038332014566 5.68500037014506 0.931529944979382 -9.41528567052512 -1.46251631287672 -5.58792035060133
"264" 1 0 -42.39917289 -21.825837543 -8.94289443198683 7.48564769808102 1.80934201298526 -8.83514571578272 -1.38387407662439 -6.10494430383165
"265" 3 0 -42.49917289 -15.625837543 -7.65988697471037 7.89818166839949 0.176534828236932 -8.30768287669838 -1.67632914424521 -6.79412943975411
"266" 2 0 -47.29917289 -21.825837543 -8.35425833326222 6.51692194721579 1.40554588093862 -9.03811995623649 -1.57377938936194 -5.97868042790826
"267" 3 0 -50.89917289 -29.625837543 -8.8224718095832 4.44515187029764 4.14711410507321 -6.06512988127267 -0.737773904316588 -5.8933267312372
"268" 1 0 -47.59917289 -23.225837543 -8.13385065123388 6.27454159887671 1.80790245614968 -8.09041180778276 -1.50449340792436 -5.91506525177222
"269" 3 0 -42.59917289 -12.625837543 -8.18573785007095 9.89794479941483 0.219224151418634 -7.7629244666963 -2.00817060535666 -7.8593052611661
"270" 3 0 -50.29917289 -20.525837543 -8.73435813413569 7.51948559935727 1.62936579831257 -8.98600877618205 -1.92475629274506 -6.66401983785129
"271" 1 0 -41.79917289 -16.025837543 -7.49537650741121 7.47529480019596 0.312024063158147 -7.76619435597579 -1.54338238254526 -6.6182600645741
"272" 2 0 -54.79917289 -23.925837543 -9.46585086239095 5.84065715881694 3.59443366846811 -8.09176774933567 -1.22274607711538 -6.4356073997661
"273" 3 0 -50.89917289 -20.925837543 -8.55438232660838 7.69620086293476 1.91503757241601 -8.65098506128879 -1.79186122964566 -6.65486743969751
"274" 2 0 -41.69917289 -11.925837543 -7.22083115300789 8.19025297145448 0.139720379622567 -6.9940834300122 -2.135105670109 -7.20192366370359
"275" 2 0 -41.89917289 -12.825837543 -6.70455279066496 6.64172246821861 0.00198074782561455 -7.44214870084422 -2.12010388251045 -6.83170206474554
"276" 1 0 -40.89917289 -14.925837543 -7.45681108705723 7.12341679212606 0.0743382426860723 -6.45827675286214 -1.66376766201234 -6.22048081540867
"277" 3 0 -44.59917289 -22.125837543 -7.77283516944854 4.75379136054287 1.17721866094541 -10.1416159422036 -1.3773562826162 -5.61236188993336
"278" 2 0 -43.29917289 -22.325837543 -9.10884626829334 5.19531473426774 1.82529147182365 -8.74761184839601 -1.33021639829983 -5.08313403482278
"279" 2 0 -43.99917289 -19.625837543 -8.72004526128447 6.88337293169908 0.539563173812897 -9.36892545288547 -1.43753117437171 -5.92919081958851
"280" 2 0 -52.39917289 -22.625837543 -8.67352926953093 7.25292751885266 2.53540104468466 -7.91868852632708 -1.75314989377807 -6.99359532520667
"281" 3 0 -40.09917289 -14.725837543 -9.04027088175135 6.74282924300811 1.29989523106149 -5.72196910502849 -1.91005910305085 -5.83152822379111
"282" 3 0 -42.09917289 -19.925837543 -7.95622373843998 5.91188132276084 1.01799684685957 -8.99308397128076 -1.4325440013251 -5.9603858877134
"283" 1 0 -41.19917289 -19.125837543 -9.21505719713856 8.04802632867627 1.36562295810286 -8.16119144563961 -1.65782577301264 -6.50964960844044
"284" 2 0 -42.79917289 -16.825837543 -7.69360886419964 7.66807532720278 0.348180409363104 -8.583278429969 -1.60564721674867 -6.78962565411714
"285" 3 0 -42.39917289 -11.625837543 -6.73850489021595 7.54832628778866 -0.429055373153121 -7.84055561903772 -1.7097676119061 -7.12100465348562
"286" 3 0 -51.09917289 -25.925837543 -7.86380305313901 3.09346560549967 3.23323776762797 -7.75783814257187 -1.19663767416056 -6.34690762236233
"287" 2 0 -45.19917289 -23.025837543 -7.90125506213657 4.73950643255697 1.46844820885646 -9.1859003006165 -1.3689282050331 -5.26354444642929
"288" 2 0 -50.49917289 -27.925837543 -7.67797715348009 3.08656287808979 3.49013292938595 -6.89590020073398 -0.922166803638651 -6.14598311285576
"289" 1 0 -50.59917289 -25.725837543 -7.91534778145954 4.38070974955898 3.34739629261067 -7.92200370009064 -1.23559945555975 -6.25743871296423
"290" 3 0 -46.69917289 -21.425837543 -8.48436865731889 5.9360177516493 1.24549031791605 -9.38976142815143 -1.55470271941028 -5.75923796918253
"291" 3 0 -48.39917289 -24.625837543 -8.98095695375516 5.26486235719536 3.30746440248781 -7.84383961622984 -1.14473639982591 -5.29207604682484
"292" 3 0 -39.89917289 -18.025837543 -9.8935953841117 7.11428665141355 1.83936498401673 -5.87095095065414 -1.86315544910064 -6.25645578428672
"293" 3 0 -43.19917289 -21.625837543 -8.79512911487445 5.60164131681478 1.28524214950899 -9.14781145240916 -1.34243713427642 -5.16896139713638
"294" 1 0 -42.39917289 -17.025837543 -7.98854720098106 8.75333713572016 0.61348146699692 -8.57779674532164 -1.73674846569192 -7.30674303120818
"295" 2 0 -50.39917289 -23.525837543 -8.65838606950516 6.04362683450612 2.86271262117064 -7.91695905767501 -1.69872508087064 -6.87695197889197
"296" 2 0 -41.89917289 -21.125837543 -9.01375895639795 8.06238731441461 1.6110629353433 -8.28855917523222 -1.38847159329938 -6.27455572070217
"297" 3 0 -50.09917289 -23.925837543 -7.93511946801382 5.33155342953428 2.6747428429012 -7.96777286899015 -1.54052466316141 -6.51097247322408
"298" 3 0 -44.49917289 -21.325837543 -8.58739639779192 5.78715718028625 0.980949423772033 -9.85806817214034 -1.43301801110506 -5.72133612936897
"299" 1 0 -50.19917289 -26.125837543 -7.66445773475997 4.33968762710091 3.41510889684772 -7.88053999361005 -1.22369008564624 -6.41710660438839
"300" 1 0 -44.79917289 -22.525837543 -8.65388844160424 6.18855520643519 1.71135541897792 -9.42725250304124 -1.61270530901132 -5.79510094118998
"301" 1 0 -46.89917289 -22.325837543 -8.42479390214088 5.99935583100445 1.44025495177481 -9.26438170424139 -1.61321492922944 -5.89040191933922
"302" 3 0 -41.89917289 -11.525837543 -7.40099762479356 8.83294438701818 -0.262009989940755 -7.12749364174728 -1.93621467679622 -7.48958545166673
"303" 3 0 -52.19917289 -24.625837543 -9.02113852968393 4.19313347165158 3.13346552033793 -8.25561679164129 -1.38368373449454 -6.4670734433365
"304" 1 0 -49.59917289 -20.425837543 -8.93508193068491 7.593655765152 1.33014620828291 -9.36856464046878 -2.04398877377145 -6.63417612962783
"305" 3 0 -41.09917289 -20.025837543 -9.03333710378393 7.42645407919176 1.38962144601173 -8.03704480750794 -1.61275285119398 -6.43498372210908
"306" 1 0 -43.79917289 -22.625837543 -8.74601038115263 5.96688430793877 1.71342710130758 -8.76939520374762 -1.49671929991525 -5.5806895510268
"307" 2 0 -47.99917289 -22.225837543 -8.39660681005715 5.68378261685035 1.42237147944386 -8.78559405363397 -1.45453008924319 -5.54773009195676
"308" 1 0 -49.89917289 -27.825837543 -7.71820523990462 2.76280550595501 3.2247728229609 -6.99975106449403 -1.08374113896422 -5.80318469945602
"309" 1 0 -43.79917289 -20.925837543 -8.34056263501984 5.44474693908591 0.826432543292904 -9.25486226325821 -1.36989185377267 -5.48739244663702
"310" 2 0 -48.89917289 -28.525837543 -9.12686584994086 4.85017796817515 3.8397798690747 -5.9370444834784 -0.925310042595874 -4.9841851964105
"311" 3 0 -40.89917289 -16.725837543 -8.34589632619263 7.45048115238517 1.16198993328497 -7.13081423401717 -1.78051326881325 -6.7088323749026
"312" 3 0 -39.89917289 -16.525837543 -9.22968994936147 7.58818529813863 1.73109924582281 -5.99521372074502 -2.11342565269537 -6.55935978741927
"313" 3 0 -43.49917289 -18.825837543 -8.93387084314934 6.68135862059326 0.989521063561015 -10.1193005398094 -1.09162611910588 -5.85605211690438
"314" 1 0 -51.09917289 -28.025837543 -8.2711992657698 2.86442884686071 3.60043701312596 -6.95247991884624 -0.865348106305088 -6.30709766585072
"315" 3 0 -42.79917289 -12.125837543 -8.38042709188808 10.1116741557833 0.23263408491612 -8.00798906085021 -2.01382838380336 -7.99030182893487
"316" 1 0 -40.89917289 -14.225837543 -7.74298058924573 8.63588689339445 0.176023675183432 -6.31551729503984 -1.92641066701324 -6.67991792352949
"317" 1 0 -51.19917289 -29.325837543 -8.73822096202652 3.72159048150268 3.96249478829786 -6.49422695615991 -0.829337449245791 -5.87994548375714
"318" 2 0 -41.49917289 -15.025837543 -7.72668363921306 8.24718841808511 0.0618244476627803 -7.33850635802778 -1.73164299593111 -6.74127769816827
"319" 2 0 -50.59917289 -21.825837543 -8.48510439622954 6.93284587387473 2.13148045490946 -8.79980135432007 -1.67828585048184 -6.49357145792843
"320" 2 0 -45.09917289 -22.325837543 -8.13824275087955 5.6602481835797 1.60455447472551 -10.1245739340206 -1.37371352186739 -6.00217743361875
"321" 2 0 -51.49917289 -20.525837543 -9.47225032543457 7.88446759260343 1.76301633718702 -8.67533295231514 -1.86049026463079 -6.63533357027537
"322" 3 0 -47.69917289 -23.025837543 -8.05862490774048 6.48984739785428 1.65623352380988 -8.31798791676799 -1.51017076213918 -6.04975409598176
"323" 2 0 -48.69917289 -23.525837543 -8.17851184418707 6.38787170217914 2.00345281562865 -8.21182325980189 -1.56568454694815 -6.27014734503435
"324" 3 0 -52.59917289 -23.925837543 -9.01318930121153 5.70484392075609 3.19367910624155 -7.64529467579474 -1.55362092097238 -6.71945884244213
"325" 3 0 -48.29917289 -25.325837543 -11.1746875039564 4.42349548837718 3.79440445491775 -8.46204443667332 -1.01170475367775 -4.69769885571605
"326" 1 0 -48.79917289 -24.225837543 -7.7966301025811 4.74220651319813 2.67208995335331 -8.05576223140685 -1.22394762284541 -5.56712068521061
"327" 1 0 -51.49917289 -29.325837543 -8.63450113791414 3.07069279048575 3.88976716833333 -6.70233015892923 -0.931621758300357 -6.06491454561212
"328" 1 0 -41.49917289 -19.525837543 -9.2540412276134 8.50178779482373 1.40264168563821 -8.42871317316335 -1.69356740903451 -6.75195561146943
"329" 1 0 -41.09917289 -13.525837543 -8.00476279859713 8.03251999232887 0.293399681959037 -6.95352160357874 -2.0910261401099 -6.95209119445852
"330" 1 0 -40.39917289 -16.225837543 -8.51535400994948 8.32296070728949 1.4163071654813 -6.63510799674887 -1.84536937428859 -6.84167113082183
"331" 1 0 -53.89917289 -22.825837543 -9.5178188584423 6.72644633878061 2.4928969995874 -8.38332444507186 -1.59908577638032 -6.56046097852111
"332" 3 0 -43.69917289 -18.025837543 -8.49452429779927 6.51576195791695 0.577597256224529 -9.17201482494132 -1.24597633031003 -5.60464195320523
"333" 2 0 -39.89917289 -19.025837543 -9.93352093994861 7.18975079069311 1.8629416283331 -6.51142752365901 -1.65700383734409 -5.92082819939788
"334" 2 0 -40.89917289 -14.325837543 -7.69872183569678 8.54713395261775 0.137323455487193 -6.30324701826752 -1.95398676579857 -6.71791894282449
"335" 3 0 -41.99917289 -11.325837543 -7.76050834337842 9.31194231772519 -0.27798140672709 -7.21514537490133 -2.06502247637282 -7.73064986588117
"336" 3 0 -44.69917289 -21.825837543 -7.98837828082828 5.31167992046016 1.12690514259813 -10.0574035814367 -1.39711719335705 -5.79223664424775
"337" 1 0 -40.59917289 -16.825837543 -8.86683523507849 7.75546422609346 1.45298913752673 -6.8811169123052 -1.88693207996093 -6.72171092732898
"338" 2 0 -42.29917289 -20.525837543 -7.89002665363597 6.10236750845815 1.15491866966352 -9.21294654507993 -1.44723026019048 -6.19741502460859
"339" 2 0 -41.59917289 -12.425837543 -8.23697112482863 7.9883527021601 0.441969000511827 -7.46136155580761 -2.20122091870987 -6.96708082135665
"340" 1 0 -53.29917289 -23.725837543 -9.01254464657033 5.9426838688277 3.24973453324075 -8.15547873737005 -1.61227107780622 -7.08353368638704
"341" 2 0 -41.29917289 -15.925837543 -7.94556207749202 7.40927066739996 0.46371911834814 -7.13210682178294 -1.6531376737403 -6.39691973001493
"342" 2 0 -51.69917289 -20.625837543 -9.44387206207672 7.74370638531648 1.77296970735296 -8.54401657124454 -1.8941975216964 -6.56231241365369
"3431" 2 0 -49.79917289 -24.525837543 -7.83401894819631 4.22944750548889 3.05883160701269 -8.17412205430842 -1.13678711973835 -6.03338580551743
"3441" 1 0 -50.69917289 -20.225837543 -8.60225301861294 7.50761792488098 1.61915886006269 -8.96772361222795 -1.8765230991545 -6.63522422006856
"3451" 1 0 -54.69917289 -23.325837543 -9.54588513348781 6.08851782666337 3.04570075781757 -8.17716653324754 -1.44040956928353 -6.44025498243363
"3461" 1 0 -44.69917289 -19.525837543 -8.68985152249646 7.10673818353914 0.767684147961125 -9.78426236678242 -1.74369205146412 -6.43656051112175
"3471" 2 0 -44.09917289 -21.925837543 -8.12025013086798 4.68183820071756 0.956028824295871 -9.55309537882455 -1.376538713651 -5.24487922675294
"3481" 1 0 -41.19917289 -18.725837543 -9.21070797403822 8.01365324265449 1.20221163638866 -7.94851249662562 -1.75196461558939 -6.55977705325913
"3491" 3 0 -39.39917289 -16.725837543 -10.5041400105816 6.47440736444892 2.30175304083522 -5.4781788940858 -2.01228708771694 -6.17265896082979
"3501" 2 0 -40.89917289 -18.925837543 -8.99955907288347 7.09602037781176 1.16491273946054 -7.83580713172121 -1.71948348451551 -6.28195224229982
"3511" 2 0 -41.29917289 -14.925837543 -7.86067597801413 8.44412620076219 0.131718031586636 -7.12416582330335 -1.76853476892218 -6.69653436941309
"3521" 3 0 -40.49917289 -16.925837543 -9.25931409850051 7.95819707647396 1.50139627116156 -6.89065350766531 -1.88944147941306 -6.64000235614793
"3531" 2 0 -40.79917289 -12.025837543 -7.88291611234454 6.9053545176345 1.01855194324525 -5.971309393066 -2.13568001646676 -6.76779533482753
"3541" 2 0 -43.19917289 -20.725837543 -8.20700952696951 6.54589331194403 1.30617821069928 -8.84843802619626 -1.27611970509058 -5.7299643553109
"3551" 3 0 -40.19917289 -16.325837543 -8.58845946258502 8.38225724815107 1.46153689611271 -6.30433961825038 -1.9697119738441 -6.85818212466694
"3561" 1 0 -41.59917289 -17.725837543 -8.62016474435786 7.88827913431629 1.02418181249357 -8.15330680076056 -1.64906042826841 -6.73045391551089
"3571" 1 0 -52.79917289 -23.725837543 -8.8783255660566 6.14472173973821 3.16989268865798 -7.66122045265758 -1.52431624099197 -6.9049533602844
"3581" 2 0 -54.29917289 -23.825837543 -9.46062477609613 6.1166050139148 3.37007348088789 -7.96302971170481 -1.28905902043502 -6.5130073260906
"3591" 1 0 -41.69917289 -21.325837543 -8.95510738689461 7.95919469668678 1.66148924640786 -7.76330310490878 -1.42596977687573 -6.12325529616979
"3601" 1 0 -43.79917289 -22.125837543 -8.67986571438208 6.23673422605445 1.55249606248297 -9.13932287296619 -1.41918966387071 -5.29489138281941
"3611" 3 0 -52.79917289 -22.325837543 -8.95380300582001 7.55604129811062 2.40419431544459 -7.97244123827803 -1.85803307879144 -6.91231559056484
"3621" 3 0 -43.09917289 -21.025837543 -8.48574896079382 6.32279715611994 1.28863927984022 -9.07679572818731 -1.33653066058853 -5.75385077017139
"3631" 1 0 -40.79917289 -17.425837543 -8.98005153691172 7.78209886966091 1.26790248775044 -7.0631502850085 -1.77077258590461 -6.76643886007732
"3641" 1 0 -51.49917289 -26.425837543 -7.74767955293378 2.58468856055006 3.46027091875274 -7.83743791194121 -1.0310837324388 -6.72310415359811
"3651" 1 0 -42.59917289 -12.925837543 -8.08578669270526 9.57769370747873 0.0823673031797741 -7.81550147986829 -1.97844159888334 -7.74603394450377
"3661" 3 0 -50.19917289 -25.925837543 -7.67423038765306 4.25358312076844 3.32479075553392 -7.96266431958909 -1.2319586512545 -6.33798568777698
"3671" 1 0 -39.99917289 -12.725837543 -7.91919034252382 8.47964689087866 0.560784328775739 -5.27150828820612 -1.97629531311936 -6.34898921481607
"3681" 1 0 -41.09917289 -12.825837543 -8.34626523552241 8.16663629021534 0.610902807206605 -7.008523535479 -2.1232053779938 -7.10436173436882
"3691" 3 0 -43.69917289 -18.525837543 -8.36642264930231 6.09992515559817 0.590607307914389 -9.34994476720796 -1.11417520706211 -5.44916207529569
"3701" 2 0 -49.19917289 -28.025837543 -8.69148533281274 4.05323234953644 3.55279972810648 -7.19971152412338 -0.959613699505047 -5.28818677647882
"3711" 2 0 -47.39917289 -22.225837543 -8.28413259207692 6.22809660640541 1.49151145881855 -8.92678312314834 -1.54288660324825 -5.83596692161134
"3721" 3 0 -48.89917289 -26.325837543 -9.99312963809153 4.99328985263315 3.6486683708931 -7.35057658638303 -1.08298749687796 -4.96213411141628
"3731" 2 0 -49.39917289 -24.025837543 -8.12843324744851 5.80061673299204 2.60469989960357 -8.0326845593673 -1.4990845797674 -6.33382278586238
"3741" 2 0 -50.69917289 -22.525837543 -8.65624619779087 6.80885079735716 2.32170224412098 -8.54399031113033 -1.7167814155143 -6.6327406922218
"3751" 2 0 -49.99917289 -27.325837543 -8.12346912273383 4.0505638565614 3.60822010679075 -7.30102224547531 -1.05843557032367 -6.05129870682649
"3761" 3 0 -52.79917289 -24.225837543 -9.10939072760328 5.52233547074763 3.31279001910495 -7.96102980557283 -1.43754304718848 -6.76150839825747
"3771" 2 0 -40.09917289 -17.025837543 -9.37393626442817 6.09648870311197 1.74416832687689 -6.29715224306073 -2.07025085687381 -6.41620086995308
"3781" 3 0 -50.69917289 -23.625837543 -8.2819072120303 4.96271503994672 2.60573087124956 -8.1497429137357 -1.63049858001515 -6.60172077736403
"3791" 1 0 -40.09917289 -11.925837543 -8.23721908264796 7.73033862494469 1.17747808595785 -5.72802954300303 -2.09327304938442 -6.64475360015536
"3801" 1 0 -50.59917289 -21.425837543 -8.50717185843568 7.27753312146302 1.94502757726552 -8.89229168182634 -1.72371754529025 -6.52094661336641
"3811" 3 0 -50.79917289 -28.225837543 -8.23812212167994 3.0037732443281 3.55446182392472 -6.80535821793036 -0.929557518718232 -6.13263694885624
"3821" 1 0 -49.99917289 -20.025837543 -8.94799288218126 8.05192194854971 1.33228999624752 -9.00028775562392 -1.90946118706955 -6.83708671428925
"3831" 2 0 -49.89917289 -25.025837543 -8.41502130844646 4.20416618430953 2.9679520002497 -7.89267907532934 -1.36347895515019 -6.12897293114906
"3841" 2 0 -49.19917289 -21.525837543 -8.78658822851927 7.32242297639135 1.79039647805866 -9.09901985910055 -1.81788917254895 -6.48439063640348
"3851" 1 0 -40.99917289 -20.525837543 -8.11624238314274 4.9408923604279 1.29421555344792 -7.94967551622601 -1.37687724881425 -5.59192535248648
"3861" 3 0 -50.59917289 -22.825837543 -8.7509444387247 6.95822435513926 2.50584025179345 -8.38609208036254 -1.73475234677181 -6.77281885762357
"3871" 1 0 -40.09917289 -19.725837543 -9.82466894804623 7.57001980576418 1.94499239278507 -6.53050064880809 -1.422640581737 -5.77862909131058
"3881" 3 0 -39.89917289 -16.825837543 -9.81796517230784 7.68177314448194 1.91406030426085 -6.14165267783928 -2.07956444191191 -6.49719750456079
"3891" 1 0 -50.79917289 -24.225837543 -8.20524103584779 4.9766964863141 3.22444553153491 -8.23187741688218 -1.50235538145414 -6.91383423972216
"3901" 2 0 -52.49917289 -24.225837543 -9.23062383017361 4.85613229266764 3.22665588357439 -8.01544504406896 -1.51224753366908 -6.58308122598016
"3911" 2 0 -41.89917289 -16.425837543 -7.52428313482345 7.98253389773249 0.484919552266227 -8.1458983109287 -1.60655902604024 -6.95556233704381
"3921" 3 0 -40.49917289 -11.425837543 -8.15004455998369 7.80867620949141 0.987862770706981 -6.03419648811968 -2.1461936684826 -6.807580911588
"3931" 2 0 -47.49917289 -23.525837543 -7.97571253704246 5.64175193343068 1.81375348612694 -7.83641974844713 -1.42805690187427 -5.63209968369308
"3941" 2 0 -45.79917289 -21.825837543 -8.39325757297793 6.08157327200079 1.4561259293323 -9.68748633534404 -1.5249797488837 -6.19308861236297
"3951" 1 0 -40.69917289 -18.825837543 -9.31565348426803 7.63604078835033 1.23310745820272 -7.43594982283191 -1.81645469008674 -6.41501226214649
"3961" 1 0 -47.59917289 -24.325837543 -10.1060178662309 5.73635015344576 3.28674234495133 -8.0281849856636 -1.32346280636453 -5.18454329854426
"3971" 3 0 -48.49917289 -24.925837543 -8.808853092077 4.22660524457322 3.2724452936642 -7.51096200675209 -0.945621678382299 -5.04901504018349
"3981" 2 0 -42.99917289 -20.125837543 -8.25411608894748 6.99407164748346 1.18745312722815 -8.83164792057069 -1.31302974027209 -5.91134513328122
"3991" 1 0 -41.49917289 -17.125837543 -8.12944429246256 8.06898563976717 0.836092460935975 -7.891742206838 -1.74231228532766 -6.98002686870729
"4001" 3 0 -44.89917289 -19.025837543 -8.68799016618678 7.83018767684789 0.779703497532291 -9.38781130590099 -1.69026602565478 -6.71417922614827
"4011" 3 0 -51.09917289 -22.325837543 -8.59213094181945 6.89708940199478 2.22775839722375 -8.5265757328462 -1.68566622245022 -6.67382214227009
"4021" 2 0 -42.49917289 -18.725837543 -8.5008779420158 6.52814306977217 1.00571241587812 -9.20414091177432 -1.28995564503782 -5.88383950501655
"4031" 2 0 -50.79917289 -20.925837543 -8.59107973846423 7.72008175946965 1.90628678819286 -8.7153767396217 -1.79425291114404 -6.66831961184457
"4041" 2 0 -51.19917289 -23.225837543 -8.90159175737324 6.24503735933817 2.51522049928279 -8.2616027411022 -1.54424498458804 -6.49017912196543
"4051" 1 0 -49.19917289 -24.825837543 -8.02602737306013 6.47163321578234 3.31139190536301 -7.10565910650929 -1.30134808097107 -6.45168408457075
"4061" 3 0 -42.79917289 -16.525837543 -7.96854979813332 8.21162794790185 0.477883796692265 -8.6863599491399 -1.6943369738805 -7.0454479126577
"4071" 3 0 -41.19917289 -18.525837543 -8.84463479081546 7.20758021952661 1.18538505207757 -7.97067141759811 -1.66621322097742 -6.34529789134661
"4081" 3 0 -51.29917289 -24.825837543 -8.67273593977881 4.89200199222817 3.4471765296121 -7.95707998800407 -1.35002926138737 -6.61562265250831
"4091" 1 0 -40.79917289 -13.025837543 -8.41672011787298 8.43340103903052 0.542911728731614 -6.43802799294821 -2.20289352158835 -6.84736524623928
"4101" 1 0 -41.09917289 -14.325837543 -8.16527502606665 8.71326781466989 0.649176156078804 -6.22390338588222 -2.08594165157401 -6.92887148947074
"4111" 2 0 -43.09917289 -19.925837543 -8.39101325779867 6.57446001361478 1.10912508218038 -9.1348185758695 -1.25518992063179 -5.69544284802072
"4121" 3 0 -51.49917289 -26.625837543 -7.66762809290652 2.0729380625029 3.40984368566118 -7.80188651606814 -0.967015889322169 -6.75785589252636
"4131" 2 0 -49.09917289 -23.325837543 -8.05647138414703 6.58127015873241 2.041613548527 -8.25820131028797 -1.72164367085934 -6.58331924275326
"4141" 3 0 -52.89917289 -23.225837543 -8.75834834977192 6.98144812028019 2.89998649953062 -7.8437723998299 -1.60812800037382 -7.09703817486357
"4151" 3 0 -40.59917289 -20.125837543 -8.74966384000278 5.70857635950819 1.39927889659606 -7.33476815350657 -1.47032727542329 -5.73287010876627
"4161" 1 0 -52.69917289 -24.525837543 -9.24379204772689 4.87630478153707 3.13367600389563 -8.57838628015323 -1.33955576767298 -6.54750356233013
"4171" 2 0 -45.29917289 -21.825837543 -8.25763098214473 6.10386138283792 1.17031596219038 -10.1108615915551 -1.49333725283384 -6.22719558843335
"4181" 3 0 -50.39917289 -25.725837543 -7.87373809964032 4.18753987880308 3.29572652763434 -8.04252842019155 -1.22612508500708 -6.23983626584626
"4191" 1 0 -43.99917289 -19.825837543 -8.80923935430325 6.67399306540998 0.645408294118608 -9.44358483056244 -1.45410065408832 -5.89698232417434
"4201" 2 0 -51.79917289 -21.625837543 -8.65378554873118 7.53755914836224 2.20186952501745 -8.23848846669206 -1.79293723699714 -6.75017672362996
"4211" 1 0 -49.89917289 -26.125837543 -7.42796549493018 4.46302359789542 3.24225980142632 -7.66879033321471 -1.24864548482782 -6.42635149203608
"4221" 3 0 -48.69917289 -28.025837543 -9.27037253131739 4.61469428329511 3.61617965595607 -6.16182353565183 -0.798336047185517 -4.3849321946356
"4231" 2 0 -50.79917289 -26.625837543 -7.76465633241391 3.15918985940166 3.79625581109676 -7.69766385126518 -1.13995508090831 -6.6427758521486
"4241" 1 0 -53.29917289 -23.125837543 -8.72467213728706 6.9456006640741 2.72585106475351 -8.10946427457732 -1.60653622552433 -7.12648097662242
"4251" 2 0 -52.29917289 -22.625837543 -8.77104204970743 7.40533710730455 2.56914446120278 -7.91976427823991 -1.7588278421654 -7.03797320275641
"4261" 3 0 -50.79917289 -27.325837543 -8.0255058435901 2.87706178389829 3.6530788997165 -7.25723119685267 -0.963906404928502 -6.46529512521099
"4271" 1 0 -39.69917289 -15.025837543 -9.40126119347637 6.54034081428911 1.56147695556322 -5.28132901917105 -1.90926239395609 -5.68277421911403
"4281" 1 0 -41.49917289 -19.425837543 -8.90421496055368 7.63480071151699 1.28531112582248 -8.55384404787357 -1.63755498943218 -6.5132405288728
"4291" 3 0 -42.19917289 -13.325837543 -7.94184596917215 8.63664753669017 0.0312281516778284 -7.85865117099487 -1.77250818467673 -7.11856550454479
"4301" 2 0 -49.79917289 -28.725837543 -8.35981075345158 3.66466425628698 3.58499942331097 -6.93781605629377 -1.13173085956997 -5.83286391061456
"4311" 2 0 -41.79917289 -14.825837543 -7.31705683753895 8.3318777756543 0.0406669896417997 -7.34195091399233 -1.71377293186089 -6.93733771783747
"4321" 3 0 -50.19917289 -30.025837543 -8.77215383561583 3.93941994583008 3.98576941665962 -5.46275482483189 -0.543753614668361 -5.26734280686107
"4331" 2 0 -47.69917289 -22.625837543 -8.44944457643577 6.51115093979506 1.7415507406629 -8.83327155339764 -1.51544931760834 -5.93049217096666
"4341" 3 0 -53.09917289 -24.425837543 -9.39485893294304 5.56281520440274 3.51856529744783 -8.21416311291249 -1.36719981351806 -6.87749775765999
"4351" 1 0 -49.89917289 -23.225837543 -8.40472633195087 5.63765973705658 2.43943650328056 -8.36580959172852 -1.67331552101706 -6.48151952521009
"4361" 2 0 -43.19917289 -22.925837543 -9.87089261476861 6.12204235466777 2.56671760573765 -6.1503176141996 -1.61908724994473 -4.99897895763531
"4371" 2 0 -49.39917289 -28.125837543 -8.38148702871915 3.6418222316145 3.37203949378829 -7.23054278715994 -1.07618624708973 -5.62351124142224
"4381" 1 0 -41.99917289 -14.525837543 -7.70057224021742 8.80528345152974 0.23294749504871 -7.48683835026253 -2.0082420905386 -7.02071471531534
"4391" 2 0 -44.89917289 -19.425837543 -8.8234882107394 7.50467934696545 0.851552630421788 -9.63603368564197 -1.76388809087304 -6.64480244508418
"4401" 1 0 -47.89917289 -23.725837543 -7.70125535343395 5.56838686416366 1.95991896875113 -7.75285783460458 -1.38074257907918 -5.67663756495141
"4411" 3 0 -44.49917289 -22.225837543 -7.54939777982836 2.9082987968695 0.830539790652052 -10.4624185600979 -1.3105793112835 -5.14990410849276
"4421" 1 0 -39.49917289 -16.625837543 -10.3164706547596 6.5745492776982 2.11365216658815 -5.82779241370632 -2.0640621343169 -6.11075004812842
"4431" 1 0 -41.49917289 -12.825837543 -7.1763133577802 7.08888697154193 0.166451106154536 -7.28205933415029 -2.11462615879626 -6.8429460597504
"4441" 2 0 -51.49917289 -24.825837543 -8.68292453348202 3.98670558704529 3.01122363095333 -7.97858088556873 -1.37095506726104 -6.48502577865754
"4451" 2 0 -40.89917289 -12.725837543 -7.69843397203445 7.34960014763505 0.544029296658563 -6.41317496319147 -2.15332104594812 -6.84728131677139
"4461" 3 0 -40.69917289 -20.525837543 -8.82326116683825 5.98778390905408 1.52005360446868 -7.09384144796127 -1.42998663584679 -5.70585498754829
"447" 3 0 -43.09917289 -18.125837543 -8.39926435274628 6.69467204154942 0.676265449503576 -9.06918133794497 -1.29521161335932 -5.87073622670459
"448" 3 0 -46.99917289 -24.225837543 -10.8777245509134 5.17838748344664 3.24512574103524 -8.18537656016695 -1.29628105084513 -4.73985836143863
"449" 1 0 -43.29917289 -18.125837543 -8.41620164350939 6.44549635927605 0.689000879824877 -9.12266953428495 -1.17273036988482 -5.61158467453155
"450" 3 0 -42.19917289 -16.025837543 -7.89624055180714 8.49043717668782 0.508459682595743 -8.27960700678369 -1.69120630933043 -7.03404966497361
"451" 3 0 -51.29917289 -22.825837543 -8.85941564854675 7.13525783679836 2.55675535700192 -8.25546241285468 -1.73474753421162 -6.78915279455832
"452" 1 0 -42.19917289 -14.425837543 -7.90464676644655 8.54811958965272 0.216537122411943 -7.58104233584763 -2.01095782591648 -6.82437026325409
"453" 3 0 -52.19917289 -24.525837543 -9.00866484256303 4.55549251417436 3.0622666923329 -8.17586475897574 -1.47208366467658 -6.44942464800791
"454" 3 0 -39.89917289 -17.125837543 -9.93153494134397 7.3302322729996 1.8706626714158 -6.10019158757683 -2.02003437972416 -6.37386165097286
"455" 1 0 -47.99917289 -23.925837543 -7.82859989278539 5.48745472398901 2.19351963068323 -7.76499304758226 -1.30323232776866 -5.52339930976505
"456" 2 0 -46.89917289 -22.625837543 -8.34791025707374 5.83292694708823 1.55655725988916 -9.00550460730431 -1.54949586131199 -5.85988695662047
"457" 3 0 -50.59917289 -23.625837543 -8.17486150706578 4.83863420416016 2.58118059559183 -8.10752043909836 -1.62965019063255 -6.58795344009298
"458" 1 0 -49.99917289 -24.625837543 -7.95403493517435 3.76975006020926 2.86322767744091 -8.02026501001362 -1.27523289896659 -6.11831932481083
"459" 3 0 -43.79917289 -22.525837543 -9.08760940070528 6.49769699057387 1.86283108308038 -8.50979835891825 -1.53288419389895 -5.5945738807885
"460" 1 0 -45.49917289 -21.325837543 -8.32273492845786 5.97398138589917 1.31631800813616 -9.78167875508489 -1.54868942213978 -6.13876977731941
"461" 3 0 -47.09917289 -24.325837543 -9.89363133058728 2.78151809898676 2.92791186322014 -8.85220571132335 -1.13513877772852 -4.85997057721793
"462" 2 0 -51.89917289 -22.625837543 -8.74990422960576 7.16473850597614 2.58818724105801 -8.03856704774006 -1.70287402869571 -6.88731561286041
"463" 1 0 -51.99917289 -23.725837543 -8.82990470545829 5.96404763820837 2.99729293834216 -8.15997992332939 -1.50366386146723 -6.67413833744039
"464" 2 0 -43.29917289 -21.625837543 -8.96809200996413 6.27945678223901 1.55652384492142 -9.52977970843715 -1.35874905727628 -5.58417129180703
"465" 1 0 -51.99917289 -23.225837543 -8.55465581596835 6.01837679143066 2.55344517290738 -7.96002580858806 -1.62227931883206 -6.64516663050133
"466" 2 0 -44.69917289 -19.225837543 -8.6584381946191 7.57734531009987 0.78280439912861 -9.46276912914792 -1.6992224801503 -6.64022443479168
"467" 1 0 -50.09917289 -20.225837543 -8.70634602701063 7.63119370384725 1.33752907745603 -8.90821267047288 -1.88534514676128 -6.75333002392991
"468" 3 0 -41.19917289 -17.925837543 -8.6763032357353 7.20791830649665 1.12440500491449 -7.69893041310293 -1.7282172634479 -6.49211456577517
"469" 3 0 -49.89917289 -25.725837543 -7.59400633419785 4.48716663184435 3.16999110464665 -7.68591776872622 -1.25535033146603 -6.24540998634045
"470" 1 0 -49.69917289 -27.725837543 -8.04479100735265 3.48154661541668 3.41289796992213 -7.17051957221507 -1.00499813777307 -5.77914301399096
"471" 3 0 -52.59917289 -24.225837543 -9.15706108306109 4.99501315420471 3.18501339754084 -8.01841817770428 -1.49365625973992 -6.65615947356237
"472" 1 0 -48.59917289 -27.825837543 -9.30265387372141 4.72735330732658 3.45618228667023 -6.2376573932327 -0.819853068111811 -4.23505080374495
"473" 1 0 -42.59917289 -20.025837543 -8.65901129094782 8.21100526029351 1.43257790313665 -8.58676136437075 -1.4951720861215 -6.49061767415709
"474" 3 0 -44.29917289 -22.625837543 -8.71508631581323 6.26948944023191 1.76761148305331 -9.2321208083221 -1.53963756131708 -5.60723853039971
"475" 1 0 -49.19917289 -23.225837543 -8.15359642955183 6.72007171258525 2.03569447903214 -8.41389860363611 -1.72438825232302 -6.59233611539909
"476" 3 0 -41.89917289 -19.225837543 -8.7576015846208 7.36116480948409 1.18515473575323 -8.72805055546626 -1.58570177440317 -6.34414244243129
"477" 3 0 -42.59917289 -20.925837543 -8.00474519886092 5.93020195484382 1.27993792224456 -9.24518475927911 -1.34959022285503 -5.99171925310544
"478" 3 0 -53.99917289 -23.825837543 -9.14743865473493 6.32884328065212 3.41077016149694 -7.94761129748258 -1.36897111700619 -6.91558136663468
"479" 1 0 -39.89917289 -18.525837543 -9.98247488740801 6.996488696906 1.94133626723743 -6.3499751390933 -1.75275316093914 -6.04862027341161
"480" 2 0 -48.19917289 -22.525837543 -8.54122077475313 6.60530965489138 1.79141438470161 -8.77033540119911 -1.58756746662053 -6.08817041384398
"481" 3 0 -40.39917289 -14.725837543 -7.15017653400919 6.35198179077358 0.640758090145039 -5.56392070628674 -1.85558421336063 -6.19955447638395
"482" 1 0 -41.69917289 -18.725837543 -8.98533570460961 7.95307157900788 1.19672900151423 -8.30638321768765 -1.61749982745599 -6.44211372911978
"483" 2 0 -40.19917289 -17.125837543 -9.8576990780202 6.81645621058362 1.92763570634679 -6.50542905008119 -1.96884614450691 -6.42626555477386
"484" 3 0 -43.59917289 -18.525837543 -8.2900924551386 5.68293418708897 0.589052598718531 -9.30617445905483 -0.985383402554885 -5.21938424879687
"485" 2 0 -41.69917289 -15.525837543 -7.92591706070277 7.8629803537551 0.242870387661479 -7.63106415303904 -1.58767047765508 -6.57345412003888
"486" 2 0 -41.99917289 -14.725837543 -7.36391640264322 8.10709546889867 0.0211662988224879 -7.46105202858297 -1.73913823327777 -6.80497172086757
"487" 3 0 -49.79917289 -24.125837543 -7.67257934377008 5.30721689621083 2.87946985766227 -8.14087123684517 -1.20919311061017 -6.2823395950001
"488" 3 0 -42.69917289 -17.225837543 -7.92758988746529 8.05617951872702 0.417183566163978 -8.52480552619543 -1.6241461549035 -6.94265098075005
"489" 3 0 -49.99917289 -19.825837543 -9.12509346940732 7.94101723158609 1.28420839857218 -9.13819806199279 -1.95740396252997 -6.70511196676135
"490" 3 0 -49.09917289 -24.925837543 -8.23567322838784 3.9090632029275 3.01333876749515 -7.78292124389202 -1.18439698005696 -5.54505195006796
"491" 1 0 -41.09917289 -20.125837543 -8.97314489129342 7.3278794137212 1.44873485965599 -7.9782245237948 -1.55661793566317 -6.34990622449133
"492" 3 0 -50.69917289 -23.325837543 -8.5111047393054 6.19152667026154 2.65885460874632 -8.08251727476915 -1.69811132102823 -6.73076581053137
"493" 3 0 -40.29917289 -17.225837543 -9.71667871892414 7.07819300922755 1.74675419974516 -6.52973990767845 -1.98822168361884 -6.5029099029371
"494" 3 0 -43.39917289 -19.025837543 -8.79530558849513 5.94282648290555 0.762713730970265 -10.0873903695027 -1.01773115308398 -5.57900696704465
"495" 1 0 -42.09917289 -21.825837543 -8.8984204770112 7.35692428199794 1.95581694051351 -8.33812849391946 -1.39559191184474 -5.96429303292454
"496" 2 0 -53.29917289 -25.225837543 -8.91329895501805 3.98379856342495 3.85537325811389 -8.47788588944219 -1.31204918452795 -7.19451009709669
"497" 3 0 -49.79917289 -21.225837543 -8.61775664025553 7.54401972907526 1.74758077014962 -8.88697240895298 -1.83971320333541 -6.61606324077654
"498" 2 0 -50.99917289 -28.625837543 -8.58022498159727 2.88935064050652 3.69769198567632 -6.79214894171378 -0.86011880606734 -6.16811159131816
"499" 1 0 -41.39917289 -16.025837543 -7.92118620003541 7.5480103764108 0.470145688828077 -7.38520413867913 -1.56247866874813 -6.44097167827228
"500" 1 0 -44.19917289 -20.725837543 -8.43973838855289 5.94842210414587 0.869699848100779 -9.65681570102405 -1.37718762459735 -5.79939298995619
