"group.all" "pa" "lon" "lat" "layer.1" "layer.2" "layer.3" "layer.4" "layer.5" "layer.6"
"343" 2 1 -40.615 -19.921 -8.93625509915061 6.06073749245217 1.39505581940847 -7.41798516441387 -1.49339178278047 -5.78681895418829
"344" 2 1 -40.729 -20.016 -8.83300017385833 6.11831725922025 1.39369816232441 -7.52284907537465 -1.50237453092674 -5.88317982317389
"345" 3 1 -41.174 -20.303 -8.46362409002228 6.35746558700619 1.39186792526674 -8.22612754546185 -1.46589664158267 -6.09965859800055
"346" 3 1 -41.74 -20.493 -7.98636230488516 6.08140811245515 1.28164649543036 -9.06468992142378 -1.44436601291515 -6.20247459198184
"347" 1 1 -42.482 -20.701 -7.74613707252894 5.14932359700205 1.03312320753856 -9.25514165079746 -1.36438558760286 -5.76902186025856
"348" 3 1 -40.855 -17.082 -8.88766107351668 8.34859612431142 1.2312803029548 -7.23644104076581 -1.7744829381967 -6.94764148636819
"349" 2 1 -41.04 -18.73 -9.20965102129285 7.86731126300529 1.23185223265422 -7.76291177130414 -1.75848183436191 -6.50577066634751
"350" 3 1 -41.48 -18.879 -9.16331271967271 8.21263634724575 1.25898265842184 -8.23517567837146 -1.68390602120314 -6.57093907813196
"351" 3 1 -42.526 -19.499 -8.99303006154459 8.35221160265898 1.36267178063707 -8.453129161882 -1.58276605424863 -6.46695185726982
"352" 3 1 -42.916 -20.263 -8.25413850102049 7.43768239643948 1.25819055589243 -8.70458222604052 -1.34182446102665 -6.14535894531849
"353" 3 1 -43.02 -20.502 -8.15751495418711 7.17317294532907 1.31150045055221 -8.71332075228755 -1.24297011681396 -6.04541349898242
"354" 3 1 -41.778 -17.614 -8.34764544653224 7.8058416649764 0.867338819337501 -8.30052032705234 -1.61311231694901 -6.72926604058008
"355" 3 1 -43.117 -19.847 -8.54275520398332 6.81449300840311 1.1871931058469 -9.13837660554949 -1.27199086695879 -5.73277392861183
"356" 1 1 -42.873 -20.778 -8.23199992995358 6.48632743758279 1.32473784319876 -8.85411019988551 -1.24879615057592 -5.88754850544171
"357" 3 1 -41.201 -15.178 -7.66088029626912 7.41777618495554 0.0645004432178638 -7.04792086689197 -1.61013105906354 -6.37701832578984
"358" 1 1 -43.548 -20.291 -8.15268948290743 4.82188670972987 0.701981795142491 -9.60293690030343 -1.18032982449792 -5.21093117746662
"359" 1 1 -43.423 -19.406 -8.48688449429692 5.4831282050421 0.660537681749812 -9.64898557215046 -1.16585322765648 -5.36135063101798
"360" 1 1 -41.352 -12.478 -8.52860165694761 7.41682202922334 0.659949091691189 -7.30901363886664 -2.21305675086373 -6.85133341793824
"361" 2 1 -48.198 -25.378 -11.3526289819654 4.12812776766825 3.7813863554777 -8.47967299586928 -1.00875703157447 -4.67288179469217
"362" 1 1 -48.548 -25.764 -10.6962608675866 4.12721990736391 3.5696909494181 -7.88145518909597 -1.00107233800802 -4.49611619726757
"363" 2 1 -47.896 -24.615 -9.96650808825127 5.97083997503149 3.38970202730692 -8.03806486386761 -1.25981806151047 -5.15930956687246
"364" 2 1 -48.494 -25.275 -10.7211998557329 4.95433141716778 3.82088314343524 -8.28134107681786 -0.841838707225521 -4.78680803060247
"365" 1 1 -48.874 -25.51 -10.0446846608818 4.81941220698733 3.84691328879321 -8.18687181178893 -0.787546850557833 -4.90401749078637
"366" 2 1 -48.623 -25.936 -10.5456488908239 4.36788010205045 3.63253077470046 -7.7207659410505 -0.990217270681277 -4.56837887705458
"367" 2 1 -48.69 -26.01 -10.4010022866946 4.56139466166973 3.6260897521013 -7.57149877420155 -1.00071858330026 -4.59498759793169
"368" 2 1 -48.962 -26.28 -9.19540472501042 4.21535833292396 3.4857756741771 -7.41256326843626 -1.08189527266239 -5.21298063038454
"369" 3 1 -48.784 -26.641 -9.68672486272897 4.81510746294648 3.64874352451201 -7.33096417286814 -1.08041651620759 -5.10547894528358
"370" 1 1 -48.87 -27.001 -9.10614968784679 4.09725833531287 3.68937568168444 -7.27917590050981 -1.01732863513769 -5.29805282142568
"371" 3 1 -48.688 -27.45 -9.37705244037824 4.46467509796823 3.63471022169285 -6.87327291114575 -0.950564599948072 -4.79661198415036
"372" 1 1 -49.232 -28.619 -8.77418185376754 5.34306864532354 3.75942597450332 -6.98681284919188 -1.14396855150357 -5.75956242753371
"373" 3 1 -49.499 -28.711 -8.46652062648629 5.39156820801604 3.75288242060585 -7.10177556628639 -1.16250814424528 -6.04440265473502
"374" 2 1 -49.68 -28.8 -8.50354279404563 5.10144249437865 3.76964098022927 -6.76569299686544 -1.10418324804594 -5.86541698034597
"375" 1 1 -49.726 -28.956 -8.54254984725752 4.99231241631445 3.7633021650737 -6.50114378946251 -1.07087027489349 -5.69419437930854
"376" 1 1 -49.86 -29.07 -8.67893129486507 4.31482832429424 3.78862896534216 -6.24891807942062 -0.991469439388679 -5.49959510493965
"377" 3 1 -49.857 -29.369 -8.77678468481466 4.06360882010295 3.73102176194395 -5.45961949434713 -0.803065211517734 -4.97109896038851
"378" 1 1 -44.781 -23.283 -10.1674479027281 4.69741501940411 2.77574239761731 -9.16882430548027 -1.47533925314679 -5.43289196674125
"379" 2 1 -47.921 -24.182 -10.1643532227465 5.82943995520834 3.28915454640447 -8.4242869809099 -1.29878363537272 -5.31832682022631
"380" 3 1 -47.249 -24.521 -10.7040528364018 5.02625627769701 3.34651699953775 -8.1217524244471 -1.2747896219552 -4.8433807449101
"381" 2 1 -48.616 -24.571 -8.77186962002695 5.67758079557493 3.31588534277121 -7.75597669839153 -1.18793799360475 -5.66185915311575
"382" 1 1 -48.257 -25.22 -11.1522080023466 4.66270553508239 3.87071917449816 -8.55843549592908 -1.01232198725868 -4.79171189700492
"383" 1 1 -48.716 -25.603 -9.55376560952846 3.58207496894704 3.47054724683732 -8.05358759849412 -0.80594443508781 -4.84063105417918
"384" 2 1 -49.23 -26.37 -8.04640771826473 3.1972717703994 3.25111511428686 -7.44397251719018 -1.06236224743943 -5.5306340500699
"385" 2 1 -49.05 -26.73 -9.28790835278687 4.49741750781376 3.63950320620916 -7.19563602174614 -1.12388232418719 -5.45139416170392
"386" 2 1 -48.871 -26.82 -9.31830709389626 4.54991620202981 3.72995725092555 -7.28147387618381 -1.04134427107345 -5.28013656564429
"387" 1 1 -49.77 -26.91 -8.64538368813076 4.80779452600698 3.74787428631984 -7.31050222195551 -1.15395910390988 -6.09954970523136
"388" 2 1 -49.14 -27 -8.9911061845038 4.08591461263814 3.65850875432653 -7.23379116143266 -1.0580464930482 -5.44729210909632
"389" 3 1 -48.78 -27.09 -8.90577613944001 3.52409487877766 3.47760547864536 -7.24011164339942 -0.975503040783724 -5.1122081516848
"390" 1 1 -49.41 -27.09 -9.02958865354642 4.59592138771302 3.77671541600365 -7.19594395563762 -1.10982163481854 -5.73374714490371
"391" 1 1 -50.038 -27.092 -8.53586679504911 4.78525822295278 3.80280751857262 -7.34933495245178 -1.13483134109139 -6.18423286211502
"392" 3 1 -48.78 -27.18 -9.48086081345611 4.73199277507027 3.85986114371373 -7.15470566073115 -1.02695591104095 -5.19107393054767
"393" 2 1 -49.77 -27.27 -8.61362379719089 4.68410547970025 3.77209596859239 -7.28190176217435 -1.09751019257971 -6.00402182143921
"394" 1 1 -49.05 -27.358 -9.03298754122489 4.14675024992209 3.68284999384697 -7.18449226159261 -0.972770280837828 -5.30481237582759
"395" 1 1 -48.78 -27.36 -9.0651024024485 3.81172427811854 3.51012368080055 -7.13288655968485 -0.942573252718672 -4.98029335371147
"396" 2 1 -48.78 -27.54 -9.39015413489828 4.53148599643977 3.65063177616233 -6.84132448457798 -0.911000982092605 -4.75734126298091
"397" 1 1 -48.87 -27.63 -8.69137521394028 3.28340107208082 3.36777824699733 -7.1118055252608 -0.826503522476755 -4.9202234887595
"398" 2 1 -48.693 -27.718 -9.01924691400467 3.73006629287447 3.41563477031136 -6.79722406279044 -0.657886587313097 -4.31847453052142
"399" 1 1 -48.78 -27.99 -8.85216775022594 3.6916667670116 3.49540510146478 -6.67654575976066 -0.733805718462958 -4.56779338460706
"400" 3 1 -48.96 -27.994 -8.67770663961274 3.59480693556249 3.41277108242702 -6.97768909721563 -0.877313737451255 -4.99428425945516
"401" 3 1 -48.959 -28.263 -9.05607214426009 4.78562075113653 3.74483972393105 -6.65825151674236 -0.976497279214778 -5.08327070289771
"402" 1 1 -49.232 -28.353 -8.85113550347269 5.04117378552501 3.69984130419042 -7.28466944104052 -1.1310514363147 -5.65252015559255
"403" 2 1 -49.497 -28.529 -8.53217884126461 5.13506657241493 3.70164675793103 -7.54203940882522 -1.18316135783926 -6.08774889747512
"404" 2 1 -49.59 -28.62 -8.31479797666754 3.60565136825748 3.48575870072976 -7.05906253747822 -1.07618729196833 -5.80212278378734
"405" 2 1 -49.86 -28.8 -8.42507644871883 3.46985831238302 3.65454935184684 -6.81446006753342 -1.0932319418358 -5.82188634124784
"406" 3 1 -49.983 -29.365 -8.71366184373903 2.93225112037707 3.83863141635666 -6.16107570894904 -0.911019251542014 -5.60068642787436
"407" 3 1 -42.004 -21.978 -8.84621184305451 5.86386858357934 1.77977541528407 -8.08793330700653 -1.34909554678794 -5.26235170999815
"408" 1 1 -43.893 -22.001 -8.25084096345996 4.88768171175419 1.10630194082416 -9.21633817408676 -1.38157102728217 -5.07800470553353
"409" 3 1 -42.531 -22.305 -7.90888391891088 3.96530944456184 1.27004340706701 -8.39078299812658 -1.17761689104845 -4.8947221087401
"410" 2 1 -43.413 -22.551 -8.98851352658364 4.22787953303733 1.78753408260681 -8.65836540537176 -1.26753712394133 -4.8387901990422
"411" 3 1 -43.301 -22.952 -9.77543107267871 5.76110642576764 2.52939584716723 -7.33277641574933 -1.55096934408213 -5.17624364647187
"412" 2 1 -46.479 -23.396 -8.37946347537248 5.01297020408698 1.64456445093303 -8.24250771249371 -1.43549693777216 -5.09938305209234
"413" 1 1 -46.768 -23.468 -8.22927257593476 5.07479476369201 1.66104362423632 -8.19676543613116 -1.41945253248482 -5.2556840960961
"414" 3 1 -46.729 -23.566 -8.39562529504005 5.05770954404169 1.63387137944028 -7.97913740921853 -1.4762113962081 -5.21601123176371
"415" 3 1 -45.753 -23.624 -9.35353635678591 2.20894569496232 2.60363954845257 -8.75399582794137 -1.11103642133974 -5.10396332490162
"416" 2 1 -46.888 -23.641 -8.41261998827408 4.24740298868266 1.83832882951217 -8.31835009489674 -1.37540125195618 -5.06375087599304
"417" 3 1 -46.625 -23.656 -8.16593788684552 4.82191630983138 1.66188861414179 -7.93811500058782 -1.38461054042863 -5.03322104430233
"418" 1 1 -46.491 -23.767 -8.97829068997088 3.38640063989176 2.33231816105679 -8.38231173504197 -1.26205707417786 -4.79406424553304
"419" 1 1 -46.971 -23.772 -8.54577852022011 3.47954866283356 2.05543237432447 -8.62647351189456 -1.21941425690846 -4.8992712478692
"420" 3 1 -48.683 -24.533 -8.77194030200068 5.94727747427164 3.30813119094525 -7.76099561621326 -1.25242226009492 -5.87225534136333
"421" 2 1 -50.13 -27 -8.16627237700088 4.25139792385133 3.72871649043671 -7.43528059234507 -1.09283556307963 -6.20137560603465
"422" 3 1 -49.14 -27.27 -9.2663324187372 4.51617400777607 3.84117939086404 -7.14460493496301 -1.02365924230789 -5.3965150437041
"423" 2 1 -49.41 -27.27 -8.30255209113568 3.3770688572533 3.41392263539532 -7.28059837069798 -1.02902198179026 -5.61216164056259
"424" 1 1 -49.41 -27.36 -8.29162167456405 3.3284011021562 3.38173354718314 -7.25807090188532 -1.02496934655706 -5.5831870481503
"425" 2 1 -49.05 -27.54 -8.89308962101156 3.89593729106738 3.5479452105253 -7.17291431066523 -0.929954826224227 -5.16724049214966
"426" 2 1 -49.23 -27.9 -8.56558793330213 3.7494586958504 3.40567089302716 -7.15584157229435 -0.907087054158631 -5.31501332812407
"427" 1 1 -48.87 -28.08 -8.94129084799414 4.18748520089731 3.61200466111814 -6.64541696814768 -0.841362902984721 -4.76203749968986
"428" 2 1 -49.499 -28.26 -8.21130724551538 3.36881569362458 3.33693518095642 -7.14580103924631 -1.09377874875803 -5.7037977077293
"429" 1 1 -42.928 -22.044 -8.7873207294339 6.10004368274977 1.70809823346699 -9.28227269330961 -1.2957480020975 -5.48653902701012
"430" 1 1 -44.623 -22.428 -7.55736929136867 3.93516881004755 1.12969222794694 -10.1740623289265 -1.31849079243648 -5.3575273355456
"431" 3 1 -43.158 -22.535 -9.3498322034258 3.85190069020803 2.07023507373135 -8.60549603001552 -1.15788794087646 -4.73204023438839
"432" 2 1 -45.358 -22.544 -8.67249039361519 5.13319479180245 1.64562696632544 -10.2691468628575 -1.43322472898025 -5.74327990488383
"433" 2 1 -45.322 -23.327 -7.98820206599926 2.96611103727687 1.68811300742965 -9.27538287707875 -1.17494275221607 -4.86626946098917
"434" 1 1 -46.611 -23.41 -8.22557592222052 4.85103024310892 1.5913308598667 -8.26228143254425 -1.38918523853398 -5.13486053654422
"435" 1 1 -43.885 -21.708 -8.42846677642063 5.31599514951504 1.00812937640891 -9.19102962293071 -1.4452330618342 -5.19440261957271
"436" 3 1 -42.569 -22.441 -8.97369286489582 5.78342792368411 1.74521705368554 -8.44377980489448 -1.34198636083097 -5.18242938110541
"437" 3 1 -43.362 -22.124 -8.93608455167151 6.50901539830125 1.83930235693593 -8.97741238226797 -1.42618034071868 -5.61265733709835
"438" 3 1 -43.318 -21.748 -8.81886998353555 5.33100845839742 1.15272112177016 -8.74331486740691 -1.31346170340665 -4.82752467802656
"439" 3 1 -44.59 -22.034 -7.89937158690595 5.08412290232773 1.19201267748369 -10.0389626059655 -1.36962052709218 -5.69213840820572
"440" 1 1 -44.772 -22.127 -7.76391337061995 4.72069731977452 1.12248697831747 -10.2931153582701 -1.38875727544311 -5.72135925555256
"441" 3 1 -50.606 -21.133 -8.66683851931374 7.65340461299092 1.90402208370648 -8.81616921637914 -1.78276247105065 -6.61087671548698
"442" 1 1 -51.826 -23.279 -8.54987681135246 5.98276265932791 2.61008799249503 -8.11659843079833 -1.57661021961921 -6.56962121303934
"443" 2 1 -53.368 -23.691 -8.91059672647663 6.1567696575207 3.36605329012548 -7.95116927708101 -1.52564313707301 -7.2012986333705
"444" 1 1 -47.11 -22.822 -8.27056514587791 5.90626551218631 1.76453949756945 -8.81776036315576 -1.65391891421094 -5.83742871623771
"445" 2 1 -46.704 -22.935 -8.01948473250495 5.0182705456547 1.53317191211104 -8.67386564315984 -1.46438239516891 -5.5377315926901
"446" 3 1 -51.254 -23.45 -8.91151329751041 5.56815116295086 2.47499160494377 -8.3119885197873 -1.59914485423501 -6.47746839280846
"1" 2 0 -65.09917289 -35.825837543 -3.95580867804471 7.94109474134943 4.40690814405959 -8.71160395997903 -0.111347451654549 -7.61632571075021
"2" 3 0 -48.79917289 -11.125837543 -10.574113251299 9.23319828766616 0.540256374189264 -8.72722788145335 -1.11672425203236 -6.62667049201923
"3" 2 0 -46.89917289 -22.825837543 -8.0523035631262 5.30710478829305 1.57779937757152 -8.95214551367771 -1.60712517237488 -5.633470868883
"4" 1 0 -77.19917289 -11.425837543 -5.11445009274042 8.45634545074095 0.400781371700282 -4.25815872347119 -1.32363436530539 -6.50543640390178
"5" 1 0 -62.69917289 -1.725837543 -14.3646082353823 5.12482739176989 1.38487436368938 -7.16416152255223 -1.33267701189415 -7.89296175943079
"6" 1 0 -59.79917289 -3.225837543 -13.2950323251257 6.65417391577011 0.650568357649168 -6.54183346106766 -0.73352485233436 -6.88945391895114
"7" 2 0 -56.09917289 -31.225837543 -7.35918496792454 5.25341786544358 4.89358694857034 -7.51029880203658 -0.477856725563806 -6.76399620151998
"8" 3 0 -48.69917289 -23.925837543 -8.05460077457586 5.71672506841778 2.41319181467857 -7.93363842362958 -1.43234397287955 -5.97147835323529
"9" 1 0 -72.49917289 -16.125837543 -4.83561273471458 8.71539077725881 -1.16755425611226 -6.05949430644428 -2.27161669970248 -8.49674747667549
"10" 2 0 -46.09917289 -12.425837543 -10.2835491974943 7.94570391761657 -0.448156125718245 -8.68593222477829 -0.845189867568485 -6.29631723716394
"11" 2 0 -44.29917289 -22.925837543 -10.5854103111947 5.93987715618959 2.52347911747522 -7.82474063819251 -1.56118510512114 -5.11905751804444
"12" 2 0 -60.49917289 -4.125837543 -13.2891966105663 6.34568925090898 0.913160203780607 -6.61788511250917 -0.87537629469852 -6.97811671332185
"13" 2 0 -59.49917289 -14.725837543 -9.76406609563967 8.09616583818334 0.820487868853842 -9.2374882271244 -1.40305586886069 -6.87703760795596
"14" 2 0 -56.29917289 4.674162457 -13.2991795390682 6.70015760803112 0.73708317499548 -7.2522791190664 -0.424288150517785 -6.41961440948528
"15" 3 0 -54.39917289 3.974162457 -13.2590839287703 5.97175901207439 0.79771328213616 -7.25739585073286 -0.32384157861201 -6.62078155295362
"16" 1 0 -57.09917289 4.274162457 -12.9580744092762 6.52349629243674 0.552442775398659 -7.52844347958618 -0.243178281049041 -6.34689363693621
"17" 2 0 -66.29917289 4.274162457 -14.3268804443716 6.64110746489419 0.319664264424239 -9.40419167708813 0.956690262488486 -7.66056106629973
"18" 1 0 -66.99917289 8.974162457 -10.8365333569218 9.36132994261081 0.00775153597140502 -7.39707187186902 -0.733237000768308 -7.14463663747609
"19" 1 0 -63.89917289 2.574162457 -12.3226112751268 4.1492836970549 0.838270585667186 -7.29898411528064 -1.90632102173645 -7.85087610321107
"20" 1 0 -39.79917289 -3.725837543 -9.30029630630539 10.1897078331445 -1.13573302623108 -6.58866852119521 -1.24510371441701 -7.77589450315792
"21" 2 0 -64.69917289 0.774162457000001 -14.5297256489147 5.00549122834592 1.42107545186056 -7.70209942732781 -1.48533769735592 -8.07700172906577
"22" 1 0 -62.79917289 -15.025837543 -9.54807806026747 8.42762649031338 1.38196165434507 -8.42467714288996 -1.90283579946522 -7.04487568686464
"23" 1 0 -59.19917289 1.974162457 -12.2779950992302 7.24655057757429 -0.0742629822855272 -7.02768104134118 -0.1920793145953 -7.46893924571153
"24" 1 0 -69.89917289 -13.425837543 -15.194457007816 2.44839669378166 2.69091536949713 -11.2990864525558 -1.9245443310805 -6.66962767495207
"25" 1 0 -65.39917289 -5.725837543 -13.6779301817901 5.62424527620651 1.15496037554871 -8.37336956611752 -1.60670423229628 -6.49873197478003
"26" 1 0 -71.39917289 6.474162457 -13.0559622777396 6.77350330998444 0.162869141776818 -8.4061115335907 0.311100183450397 -6.85356978579614
"27" 2 0 -45.29917289 -2.025837543 -12.8985003649273 7.3858266438485 -0.845444148487454 -6.87657437558748 1.30353000274876 -6.4719710271968
"28" 2 0 -66.59917289 -0.525837543 -14.6758908657777 4.01767685748106 2.0491408153323 -6.91388292186522 -1.60894402150102 -7.96921819928458
"29" 2 0 -45.29917289 -7.225837543 -9.74358280997496 9.8108180540702 0.145592077076212 -7.28422593837286 -1.46098792683935 -7.33250559223172
"30" 1 0 -70.69917289 -34.225837543 -3.90801562092914 6.70494553974269 1.39122059111933 -7.8089859757309 1.301948360213 -7.00869919858877
"31" 2 0 -69.59917289 -4.825837543 -13.6081418112611 5.14258706743106 1.44943450639213 -8.17064458128405 -2.15240196955785 -7.09935572114095
"32" 3 0 -55.89917289 -19.825837543 -10.1058684055873 7.94561953030244 2.10686745426991 -8.59942994931645 -1.88760871855287 -6.56597472904153
"33" 1 0 -57.79917289 -24.825837543 -8.49994179886186 8.23101070409154 3.45265017059829 -7.5780966650216 -1.2842691020889 -6.66926411793392
"34" 2 0 -65.49917289 -31.525837543 -5.19524664064539 9.13830668034129 3.64989339297123 -8.24154200716423 -0.444705309834298 -7.36460829784425
"35" 3 0 -71.09917289 0.674162457 -14.2722382841089 4.55452451059397 1.70132823577516 -7.45438113120313 -0.651160651469068 -7.36663514044649
"36" 3 0 -72.29917289 -12.925837543 -3.05176074291731 3.14873180822498 -1.25456349751709 -8.98025771258539 -1.62127358118467 -7.012126416453
"37" 3 0 -54.29917289 5.574162457 -13.4976653188352 5.76554061852276 1.36103493646995 -6.76768839756787 -0.902030541319744 -6.68119268716435
"38" 1 0 -73.39917289 -5.125837543 -13.8027597386608 5.22735476299136 2.33555346817914 -7.88110840674215 -2.76023486493571 -7.44885025271227
"39" 2 0 -69.49917289 -3.425837543 -13.7802411265282 4.59526242303439 1.93814788236632 -7.3774398262825 -2.56567260112234 -7.276709630836
"40" 3 0 -49.69917289 -9.125837543 -11.49912302127 8.68003989176038 0.31512572953767 -9.26459073999048 -1.24532516382577 -6.68892194075661
"41" 2 0 -65.69917289 -2.925837543 -14.5732762425626 4.20189428365185 1.94175176830795 -7.61138640930329 -1.80979061030669 -7.72963282518307
"42" 1 0 -79.99917289 9.074162457 -13.5160018749924 5.8805321327971 0.315601786675203 -6.75832624739135 0.234148930686465 -5.71426940973838
"43" 1 0 -63.59917289 -32.725837543 -5.26247480149876 7.2652752830966 3.56065575680116 -8.18109941351827 -0.349081535540907 -6.45940182521372
"44" 2 0 -47.99917289 -20.425837543 -9.43372841798857 7.01206310255494 1.03467791803344 -9.49586411445851 -1.84749087303421 -5.98409470404834
"45" 2 0 -75.19917289 2.174162457 -10.4408700031228 3.16934716280087 0.288057324932073 -6.28831156597437 -2.27651934205699 -6.64425505721966
"46" 2 0 -69.29917289 -15.625837543 -3.59848290436405 2.41718655074757 -1.61563490939831 -7.66328939477644 -1.19358308968075 -5.56721679932879
"47" 3 0 -62.39917289 -34.925837543 -4.74162936290356 6.91886389654879 4.35814498953883 -8.0187976447192 -0.0728233734790458 -6.68071807732776
"48" 3 0 -53.89917289 -28.525837543 -9.46829147179008 4.73559993114012 4.49499203814299 -7.22123359407234 -0.913959710531674 -7.06814130798331
"49" 2 0 -52.69917289 -31.125837543 -8.19407178568326 4.58244677628663 3.85960848153525 -6.32063649032295 -0.432529369180584 -5.94998320642446
"50" 1 0 -40.39917289 -20.025837543 -9.82286267991629 7.6723532392589 1.78908372226837 -6.35853560134483 -1.4870166132227 -5.92285769228398
"51" 1 0 -72.29917289 -6.425837543 -12.9967441422725 5.62819365159026 1.70718267389004 -8.25016731881657 -2.46323355841702 -6.57089098462727
"52" 2 0 -70.69917289 -15.325837543 0.308983090376022 -0.8621417455548 -1.58886431693478 -10.5164671660915 -1.04914093709469 -6.12104514497069
"53" 2 0 -49.49917289 -0.725837542999999 -13.9509142767739 6.48542943350348 -0.519928712888635 -7.29492119387885 1.37967701931688 -6.63255597652128
"54" 2 0 -61.69917289 3.474162457 -12.3448812826183 7.6238165388771 -0.350830506186281 -7.61245650612748 -0.633071853658981 -7.73219230537233
"55" 3 0 -57.79917289 -30.625837543 -7.72441487249715 6.27425036399737 4.72593184551731 -7.69097507816004 -0.478976628976218 -6.36674390549327
"56" 3 0 -59.99917289 -19.425837543 -8.24636815025264 9.50378594707902 2.14596803602391 -7.81663665234729 -1.84564702250665 -7.61986981397298
"57" 3 0 -70.79917289 10.174162457 -9.89207198840029 6.75920391251489 -0.12013805808888 -6.52454250854072 -2.10302269431684 -6.20884347419344
"58" 3 0 -75.69917289 0.574162457 -14.7104932227744 3.72866914395932 1.80961333064592 -7.63452839031693 -0.971651210491114 -7.92752937626656
"59" 2 0 -51.09917289 -12.825837543 -10.76707054347 9.02940156856804 0.619560204286149 -9.17997144443521 -1.61066559810591 -6.58172608891389
"60" 1 0 -58.29917289 -26.425837543 -8.62241902201973 7.29639758667035 4.0265421899463 -7.96915176774458 -0.90427668580701 -6.190552811399
"61" 3 0 -42.39917289 -22.225837543 -8.40338836317782 5.59303041426157 1.52509617204049 -8.56669037874647 -1.26260289260087 -5.1864612637766
"62" 1 0 -75.59917289 3.174162457 -11.34331086965 2.94259501346351 -0.255843426868594 -7.80381306357812 -1.215856105909 -6.6353138273499
"63" 3 0 -67.79917289 -0.425837543 -15.3387050576887 3.01603653241572 2.48928832505716 -7.41154896601847 -1.71130888078958 -8.44543450685367
"64" 1 0 -40.89917289 -3.425837543 -10.6608710075335 9.72287993183074 -1.07525143382478 -7.73335458596941 0.0927992044921793 -8.06097131505004
"65" 1 0 -56.99917289 -9.925837543 -11.192583707698 8.19276224210476 0.703742652413881 -10.0693088112925 -0.675945731867821 -6.59078297926987
"66" 2 0 -72.69917289 -6.425837543 -12.9449456946604 5.77363647013112 1.63402700786587 -8.05452516100905 -2.25230901583333 -6.7237344736527
"67" 3 0 -66.99917289 -24.425837543 -0.118276187051091 5.01779728264506 -0.675661299076886 -8.21070612342811 -0.932576987644363 -8.30860290977757
"68" 1 0 -64.99917289 -34.525837543 -4.18603918308974 8.1223232574011 4.15912532692729 -8.65153949453166 -0.241044180234775 -7.60490496587159
"69" 2 0 -48.79917289 -27.725837543 -9.13931368811376 3.97146859151759 3.51649369785941 -6.85906850322307 -0.661615814491853 -4.37514567920996
"70" 2 0 -74.89917289 3.474162457 -11.2978785840427 4.48518720127916 -0.364880491498885 -7.11993726002274 -0.791673304037724 -6.34447827452312
"71" 1 0 -50.19917289 -3.625837543 -13.1107815541438 7.4666291849721 -0.812785281513524 -7.93468968457079 0.872305625864086 -7.50720936487619
"72" 3 0 -57.59917289 -27.125837543 -8.44577212268959 7.54690654153908 4.13690344515376 -7.39311132351558 -1.02088099986369 -6.4244384697888
"73" 2 0 -58.99917289 2.274162457 -12.0937443298844 7.38595150167155 -0.179392575894374 -6.99182047067083 -0.132138945129118 -7.39920133722257
"74" 3 0 -43.79917289 -22.725837543 -9.77469849460295 6.9616704270897 2.1943523009797 -7.63782842322569 -1.74933579467994 -5.62879809369629
"75" 3 0 -65.29917289 -31.525837543 -4.09482784791923 7.19649683094031 2.8777401059795 -8.3539469421542 -0.48111547434786 -6.98140705753691
"76" 2 0 -47.49917289 -1.925837543 -13.1866650257853 6.74424186464112 -0.233284504465401 -7.57882814060138 0.329686729363883 -7.38973040587787
"77" 1 0 -73.19917289 0.774162457000001 -13.2738777519683 5.90801652983126 1.02959602874702 -7.37143610961114 -0.174612594198003 -6.7378266201138
"78" 2 0 -55.69917289 -17.125837543 -10.0795806214109 8.66442215741025 1.71790210820036 -8.77816271912827 -2.00387066566658 -6.51187670063685
"79" 3 0 -70.59917289 -32.425837543 -2.04525679827361 5.22506762937228 0.114369252913895 -7.1667822696686 0.121088030507968 -7.195597429903
"80" 1 0 -57.89917289 -9.525837543 -11.0199629187835 8.15365879716924 0.674009604273304 -9.66447024854347 -0.685924907523028 -6.43281083107714
"81" 1 0 -58.19917289 -14.725837543 -9.91970648582011 7.8640701944584 0.700865776035806 -9.47675233737004 -1.55136851921502 -6.72275583961984
"82" 2 0 -77.09917289 -3.925837543 -13.7727878876951 4.93452510191309 2.40839578006848 -6.96166295041059 -2.92268260164561 -7.70553459328691
"83" 3 0 -72.69917289 8.874162457 -14.7397603456498 6.02745697749743 1.74784491880724 -9.77114906963376 -2.19298323262431 -6.73639062406056
"84" 3 0 -39.99917289 -5.825837543 -8.39867378714494 8.59903986759359 -0.949916872967941 -6.13286097742897 -1.35241948927464 -6.95057786579215
"85" 1 0 -53.89917289 -23.825837543 -8.97299443323088 6.29115606267466 3.32912515473394 -7.9399573245252 -1.38657707605489 -7.03791750246599
"86" 2 0 -58.39917289 -30.825837543 -7.24053285277132 6.60167690065136 4.56015613461356 -7.72342322516038 -0.512230176364611 -6.53481628260489
"87" 1 0 -67.49917289 -18.325837543 -0.886602237084831 4.76168708877729 -0.754139806325605 -9.77828177143839 -1.23053467126393 -8.55923864955257
"88" 2 0 -58.89917289 -2.825837543 -13.2666871617782 6.19290903096762 0.690604523320079 -6.73174886259786 -0.587092329935772 -7.10397726593882
"89" 1 0 -52.09917289 -9.825837543 -11.1298320848602 8.43836902974459 0.698317943386167 -10.1963610936084 -1.61269901429624 -6.61399025686769
"90" 3 0 -72.09917289 -1.225837543 -14.4807477161495 4.41721941055326 2.31807862433292 -7.21877654657729 -1.61644048109705 -7.60792342512244
"91" 3 0 -63.49917289 -13.225837543 -10.2882380700305 8.59917345293866 0.777503655616705 -8.66241477730039 -1.67197595054706 -6.73287225403685
"92" 3 0 -71.69917289 -1.825837543 -14.7656311074147 3.74512721021816 2.5848229086572 -7.16900010007791 -2.19812815591122 -8.18794956937633
"93" 2 0 -66.89917289 1.574162457 -15.4467516717903 3.98807022258361 2.22394082308255 -8.62863545246717 -1.51368870641938 -9.26452959246538
"94" 2 0 -67.19917289 -9.625837543 -11.5669152549768 7.57088684934657 0.661432786155748 -8.52502920223464 -1.64923299762203 -6.25212480281812
"95" 2 0 -50.79917289 0.374162457000001 -12.9769720031545 7.17236145154922 -0.463688820762254 -6.7228980616522 0.818213967984174 -6.24907264541196
"96" 3 0 -72.19917289 -35.225837543 -4.94366829906309 5.33030366646616 0.599330542688956 -7.41427671212277 1.70096542737347 -6.25833631078023
"97" 3 0 -62.09917289 -2.025837543 -14.5073756967239 4.97580130054882 1.50744870210422 -7.27390561075778 -1.33541673552727 -7.72612602246273
"98" 3 0 -70.39917289 -23.325837543 -4.52983281540854 7.39008728357973 0.962202635225229 -3.36924478307079 -1.03237308337428 -5.44455780408758
"99" 1 0 -77.79917289 -3.625837543 -13.6346691460558 4.79631245531412 2.40184937981805 -7.02370810680381 -2.69837568979045 -7.74341698730423
"100" 2 0 -58.29917289 -23.225837543 -8.78155689030428 8.66260146011643 3.28423273601672 -8.14512058575672 -1.46372570730254 -7.02003942661477
"101" 3 0 -42.29917289 -13.025837543 -8.10238508069974 9.47162855636973 0.180424912172894 -7.72057111956903 -1.89083477250906 -7.52993776169995
"102" 2 0 -75.09917289 -14.625837543 -4.38918155224029 10.2676352305985 -0.00615313110436125 -7.7522839693946 -1.60640982998738 -9.46438746355881
"103" 1 0 -74.49917289 10.874162457 -10.0508297615489 10.0251107376763 -0.585837315094112 -6.19107874196037 -2.43912781187089 -7.05081050701734
"104" 2 0 -48.69917289 -2.425837543 -13.820008152402 6.65997638267492 -0.488758090894154 -8.12862603637404 0.714312369836734 -7.77773331936189
"105" 2 0 -55.79917289 -24.725837543 -9.36082491726136 6.09672771535847 3.86478608503554 -7.66406627506284 -1.00827275186607 -6.35030371210602
"106" 3 0 -66.09917289 -17.225837543 -2.56519738279123 2.64110370518428 -1.241858163382 -8.98762863644806 -1.12643490356883 -6.84837458775613
"107" 1 0 -50.49917289 -21.225837543 -8.59098145726626 7.39040177637305 1.86686807695403 -8.92017041524631 -1.77588409387867 -6.56763277945098
"108" 2 0 -50.79917289 -29.325837543 -8.99732322707149 2.09411092678593 3.78809231563763 -6.79095756724649 -0.739139276727352 -6.20195517119881
"109" 2 0 -74.59917289 -13.325837543 -2.61753825601786 1.45414410781508 -1.79967411939631 -9.50367352290139 -1.94094974204948 -6.37891588918469
"110" 2 0 -39.69917289 -15.425837543 -9.3296953444334 7.02574968895143 1.46525286777597 -5.3237851249792 -1.89191890111945 -6.0945900229702
"111" 1 0 -68.79917289 -10.225837543 -11.0074140994989 7.50077350015317 0.938484377734644 -8.54157467086859 -1.7176792716062 -6.20310261605617
"112" 3 0 -55.99917289 -2.425837543 -12.7811710753497 7.06216866004281 0.078392802356259 -7.14273409567015 -0.0334042428046348 -7.03202476879844
"113" 2 0 -68.39917289 -9.925837543 -11.4099076882541 7.32651253935099 0.840740631709481 -8.59630533521871 -1.78528956883888 -6.39659874210581
"114" 1 0 -71.59917289 -1.525837543 -14.736814165671 3.7716994632361 2.58236891205131 -7.15977959736017 -2.07576007886611 -8.09382412436614
"115" 1 0 -69.39917289 -28.025837543 0.483618385999814 1.55790608258932 -1.217858459139 -5.74223231082317 -1.31888278120092 -6.27764820911716
"116" 2 0 -72.49917289 -6.725837543 -12.6930024026961 5.73458374478977 1.60012694585015 -8.19502732579794 -2.15309912328299 -6.51074106868636
"117" 3 0 -64.39917289 -8.825837543 -11.6715977289896 7.65366300051979 0.625923838461872 -8.12816786230263 -1.28754273155284 -6.13206690982789
"118" 1 0 -70.29917289 -25.525837543 -3.94819953092838 7.78570588183954 0.215758694974924 -5.50039099605388 -1.47849613297987 -7.46478632543448
"119" 3 0 -51.39917289 -28.825837543 -8.69729826291946 2.95091215151211 3.8002310253491 -6.76608713718251 -0.77435803498545 -6.20153595825433
"120" 2 0 -58.59917289 -37.025837543 -5.17505874997767 5.72068330921772 4.39557065559721 -7.25146350704026 -0.310044373351859 -6.33543936684479
"121" 2 0 -56.19917289 -3.525837543 -14.1503234202665 6.01028556028209 0.229365030748807 -8.10340147841538 0.885160990468103 -7.40907445490331
"122" 2 0 -55.29917289 -20.725837543 -9.85911951116507 7.37138503698889 2.00233607883877 -8.45107186106231 -1.86687515469514 -6.45903095472037
"123" 1 0 -68.59917289 -14.725837543 -8.5309365080151 4.7550066244942 -0.0210333566475017 -7.84909408597877 -1.7975738713281 -5.51191760200534
"124" 2 0 -45.39917289 -13.025837543 -9.34621495206181 8.3087264377318 -0.00971684062317743 -8.63488490327163 -1.63405019592703 -6.60941507662808
"125" 1 0 -40.09917289 -8.525837543 -7.93042599732426 9.71037331078755 0.137711647872031 -7.0885915583033 -2.11886335055773 -7.85975842145987
"126" 1 0 -72.39917289 -3.925837543 -14.1251202875219 4.46869217002589 2.2039058946486 -7.74530545300184 -2.43478670148012 -7.50201261353945
"127" 3 0 -38.39917289 -7.525837543 -9.19686282722548 9.08163169868674 0.0282206273025329 -7.15293591876363 -1.28606818935672 -6.6240357779543
"128" 2 0 -73.09917289 2.874162457 -13.4711134650902 6.83363846862319 0.976322195440885 -7.80347422698711 0.662869097017875 -6.77874852308723
"129" 1 0 -41.19917289 -7.725837543 -8.83467646903261 10.3745590343875 -0.0844349187955939 -6.9732190506832 -1.89264847004198 -7.49309587852178
"130" 2 0 -59.89917289 -13.925837543 -10.0228387023534 7.47266293694452 0.778826818749552 -9.60364071929268 -1.28022816909 -6.54399835899186
"131" 1 0 -70.89917289 -13.525837543 -7.86369370346909 4.16646993948295 0.330757172135412 -9.44482574008178 -1.85324990396497 -6.96344470579246
"132" 3 0 -64.79917289 -3.025837543 -14.6620727666044 4.65279380209497 1.81982140305122 -7.36586722068529 -1.70835045670454 -7.64364962137832
"133" 3 0 -51.99917289 -10.625837543 -11.054923847279 8.85519968595816 0.672709387578067 -9.91980942219953 -1.58413534931491 -6.72242097693224
"134" 1 0 -59.89917289 0.474162457 -13.0394592786768 6.70418850859151 0.579025965087156 -6.89935479957321 -0.985738424432868 -7.60841360437264
"135" 2 0 -69.59917289 -14.525837543 -1.26410286293964 1.35103929681879 -1.26254199930973 -8.95384453597767 -1.31757576082609 -6.3338497906254
"136" 1 0 -58.29917289 -3.725837543 -13.3740350270868 6.34431412174946 0.86416114438888 -6.87056939390012 -0.579879622903453 -7.21579233057207
"137" 1 0 -59.09917289 -3.525837543 -13.3321184823142 6.40152097800526 0.82787545605708 -6.6125443646925 -0.723528994448747 -7.11789714533917
"138" 3 0 -55.59917289 -25.125837543 -9.45890410284512 6.03924737194845 4.03107932446258 -7.68796478780953 -1.10922222994781 -6.46501113256952
"139" 1 0 -55.79917289 2.674162457 -12.0437396080171 7.1860892657239 0.0366939457897774 -7.38568101337415 -0.693799001900275 -6.58191915036056
"140" 2 0 -46.79917289 -8.125837543 -10.2587345009655 8.66035051723445 0.0404523156244964 -7.67841923485138 -0.741554548509474 -7.26471759873883
"141" 3 0 -46.09917289 -8.825837543 -9.87967058424783 9.35049100914531 -0.0321733044307791 -8.04735741746984 -1.33994761898871 -7.16235341093184
"142" 3 0 -72.59917289 -16.125837543 -4.3696029618238 8.6122121297048 -1.70764295335406 -6.65682256369956 -2.24060589468523 -8.90322791843643
"143" 1 0 -72.39917289 -2.325837543 -14.6436297696245 3.69414063365373 2.66139709865382 -7.14826153202679 -2.41282083391439 -8.29955302046322
"144" 3 0 -54.79917289 -15.725837543 -9.66288829953741 7.02221949946892 1.36662185975794 -10.359622494816 -1.96506657611909 -6.04413161411158
"145" 2 0 -53.99917289 -11.325837543 -10.838647930935 8.15036629589997 1.01608980543585 -11.3075002428866 -1.26486340610368 -6.70860779514596
"146" 2 0 -72.19917289 -1.125837543 -14.3584237810298 4.50702940421148 2.26416040449054 -7.27871759569351 -1.43222250958777 -7.44723113854703
"147" 1 0 -66.89917289 -35.625837543 -3.23132179677826 8.37328454859775 4.16233163302386 -8.52487622864416 -0.196458523475955 -8.22197059913453
"148" 2 0 -75.99917289 -1.325837543 -14.3553701644423 3.80147127724231 2.15840026645469 -7.36918244273739 -1.87164265262032 -8.21461409098266
"149" 1 0 -68.29917289 -7.525837543 -12.8866817217634 6.13741043977901 0.773080677032046 -9.28514331530326 -1.33542014225425 -6.72388566472058
"150" 1 0 -62.49917289 -36.425837543 -4.74768890755801 7.03387878807658 4.49564219499578 -7.95980656659994 -0.0392930862303129 -6.70943709063824
"151" 2 0 -68.29917289 7.774162457 -11.4243398139631 9.02879687550163 0.0604747422074482 -7.2063828970826 0.520569752794763 -6.75013724207127
"152" 1 0 -47.89917289 -23.025837543 -8.15274008094785 6.54537366333997 1.73328330743091 -8.34102685576719 -1.53793470239383 -6.03312410325152
"153" 2 0 -64.09917289 -8.225837543 -11.9473968697535 7.56329422072895 0.546916573619694 -8.23869642166344 -1.13847999168041 -6.01970411010784
"154" 3 0 -72.99917289 10.074162457 -9.13228819521023 2.442563714233 -0.700064323704586 -8.75875955424962 -1.05817245413307 -5.54988616253725
"155" 1 0 -42.39917289 -10.525837543 -8.32983320198911 10.5128022407469 0.103125600020345 -7.77637695212332 -2.07104108228593 -8.32713949691688
"156" 2 0 -72.89917289 -12.925837543 -4.28515991278348 3.76492503253368 -0.964313037221823 -9.27967500384526 -1.77804054197336 -7.16840838126376
"157" 2 0 -76.59917289 6.374162457 -18.9431222155449 0.616535357292607 3.49196051692849 -10.2271521947353 -0.933692668600207 -10.1024323963363
"158" 1 0 -54.09917289 -13.125837543 -10.140638762746 8.24684187016835 0.759801302243255 -10.4715610479787 -1.22349361429489 -6.84425560768123
"159" 2 0 -66.79917289 -6.725837543 -12.9130201308597 6.25599792924233 0.907031369853336 -8.57911919298488 -1.72460368308763 -6.35940137485057
"160" 1 0 -57.49917289 -15.025837543 -10.7813749472469 7.88780229217478 1.28445067308498 -10.0542494269566 -2.21147248026926 -6.38347311124987
"161" 2 0 -50.09917289 -11.725837543 -11.3577100422581 9.00150630122348 0.354860895049103 -9.31279398165123 -1.48108017108248 -6.44957630854913
"162" 3 0 -64.69917289 -18.725837543 -4.97741587738708 6.57769136807019 -0.365126754795342 -7.88424588935911 -1.66232078067282 -7.15913769815997
"163" 3 0 -79.19917289 9.474162457 -13.1888590090795 5.38245825005339 0.450923632237135 -7.35095510110374 0.0114162962610465 -5.39563390340313
"164" 1 0 -59.39917289 -34.125837543 -6.208353431779 6.30460996646361 4.56177824057198 -7.52728963120138 -0.362400512158602 -6.46722832529515
"165" 1 0 -69.99917289 -11.125837543 -10.8294535008433 7.00509533832725 1.33052686794858 -8.97185212064174 -2.21968216183824 -6.1736912458796
"166" 1 0 -37.99917289 -5.825837543 -9.71183834842715 10.0791817490026 -0.866056716354251 -6.70565786443016 -1.42434888909672 -7.46289127403661
"167" 3 0 -57.59917289 -6.225837543 -12.2014403877983 7.34958904019566 0.873287795272992 -8.221966043793 -0.336649385900083 -6.83255679928148
"168" 1 0 -53.99917289 -7.425837543 -11.9529440982967 7.2883140112923 0.502170707576879 -9.70865393316921 0.0358616864396866 -7.24634144889666
"169" 1 0 -69.49917289 -14.125837543 -10.3854151545522 3.43364280961991 0.808703061297227 -9.70537803395273 -1.60779545631133 -5.95899028924314
"170" 3 0 -63.09917289 -16.525837543 -9.7996136235153 7.95957612073596 1.94500197184468 -7.91735023807251 -2.05672840568496 -6.72765652618735
"171" 3 0 -61.99917289 -26.025837543 -6.40126284862711 9.66794442980425 3.23187925854598 -8.49190236449549 -0.939718325830655 -7.71717495373218
"172" 2 0 -70.49917289 -34.725837543 -0.432902331014475 0.712881847491873 -0.327633063306297 -7.93971761200815 1.29976331751601 -5.98207602054545
"173" 1 0 -76.39917289 -7.225837543 -11.1998938010178 7.54287309574782 1.24461823986211 -7.44219192698057 -2.93789269398099 -8.11498401561426
"174" 2 0 -64.29917289 -18.525837543 -7.58969280907672 8.11175207788452 0.921974837260733 -7.75671269393418 -1.80452163286975 -6.9600457747616
"175" 1 0 -52.99917289 4.974162457 -13.9856003675765 5.26345040967973 0.534404982905311 -7.42022395959936 0.4977321298954 -6.46412357351697
"176" 1 0 -71.59917289 3.574162457 -12.7748762027293 7.42362291731658 0.403567049207916 -7.47427525737664 0.853264005372117 -6.60531504824517
"177" 1 0 -65.59917289 -10.925837543 -11.1099537381841 8.46441846710885 0.830462557970188 -8.35282898822371 -1.57948591129386 -6.27498164029912
"178" 2 0 -60.19917289 -12.225837543 -9.8853907184466 6.84164375256865 0.444373942967643 -9.77418209166896 -1.14936664161605 -6.10386088412483
"179" 2 0 -65.19917289 -2.125837543 -15.6540862155095 3.17426672617037 2.46866401876889 -7.79535287955956 -1.62451957950859 -8.62336902641426
"180" 3 0 -66.69917289 8.474162457 -11.0937488301886 8.9832962454773 -0.365326522857026 -7.21038635708629 -0.468086475404164 -7.06914850846111
"181" 3 0 -67.89917289 -22.025837543 1.82980644764536 3.45801917294484 -2.01056628049955 -8.99108230014631 -0.655192790683265 -8.58802051799532
"182" 1 0 -61.59917289 -7.425837543 -12.3159776750781 7.27330838854152 0.732094037181859 -8.69833965596811 -0.822063550054086 -5.94426818440461
"183" 1 0 -58.59917289 -36.825837543 -5.28058537512648 5.7575452494209 4.39204347533495 -7.29810941543146 -0.348981015445194 -6.40392624915211
"184" 3 0 -45.39917289 -8.225837543 -9.49449536567418 9.08202021198267 -0.0987506353568493 -7.64078041974475 -1.34750538064772 -7.14717689222583
"185" 1 0 -69.19917289 -23.925837543 -2.09586478760499 7.10937960637504 -1.1978053246364 -7.26964357640373 -1.31759529523289 -8.5558338975248
"186" 3 0 -73.39917289 -6.525837543 -12.9911017148799 5.85813268159228 1.80703602665698 -8.09634863148906 -2.26336208960321 -6.92034228200709
"187" 2 0 -39.79917289 -14.625837543 -9.63367184211441 6.56349150552245 1.46469649230039 -5.29835426686088 -1.86064293356484 -5.62761027541797
"188" 2 0 -46.99917289 -16.525837543 -8.83805277783459 6.95750793577494 0.61670556651526 -9.21854760850193 -1.87876126363736 -6.25486379411076
"189" 3 0 -56.89917289 -3.125837543 -13.3596786194888 6.67303055773417 0.505687588607462 -6.79473567526002 -0.3333341331977 -7.0282769804474
"190" 3 0 -65.99917289 -28.625837543 -3.95088209906198 8.88178481886507 3.34604947532107 -8.54181833096261 -0.253921881499333 -7.8101687702273
"191" 1 0 -70.59917289 -33.625837543 -3.64671570788498 7.31294126674526 1.43686147880673 -7.85546399783641 0.721729111121981 -7.62786525287115
"192" 3 0 -58.49917289 2.874162457 -12.219496438972 7.76720393173191 -0.0849521882300944 -6.95927096054128 0.0505685039988866 -7.18242629496621
"193" 1 0 -75.09917289 -7.225837543 -12.0145085826938 7.40637677141 1.64099435918147 -7.81446612617791 -2.8993470934868 -7.53032738568457
"194" 2 0 -45.49917289 -7.025837543 -10.0848203328802 9.54621339439002 0.19528059970844 -7.66404577838599 -1.25968001501525 -7.14961486786535
"195" 1 0 -50.89917289 0.774162457000001 -12.6943855732077 7.22216266149506 -0.353850013900924 -6.65738328870149 0.605553973248849 -6.23561531945621
"196" 1 0 -70.99917289 -3.425837543 -14.3043561264111 4.12828486330415 2.16293457055966 -7.59749206247109 -2.3794654057769 -7.63006361580596
"197" 3 0 -58.49917289 -23.425837543 -8.49285210162107 8.78705532536688 3.27859727219944 -8.12122861895489 -1.44669269690178 -7.20162586961978
"198" 1 0 -45.29917289 -23.025837543 -7.7566177284779 3.09166819144888 1.41780660464219 -9.71758189659701 -1.16580325706234 -4.91168778996746
"199" 1 0 -70.39917289 10.574162457 -9.40650956821904 7.3053533695583 -0.627752735542588 -6.63062056978356 -1.70117676700909 -6.1706908868052
"200" 1 0 -70.59917289 -14.525837543 -1.21239223663335 3.05614720028753 -0.212240929385062 -10.8017486047037 -1.33545957318453 -7.80656009033612
"201" 2 0 -62.29917289 -25.925837543 -6.31764154261155 9.69110364228554 3.23248116491953 -8.534737348842 -0.916221322449367 -7.68405699695246
"202" 1 0 -68.59917289 -8.325837543 -11.9992841457392 6.65757016865706 0.8708827560557 -9.17001802782529 -1.69048383424167 -6.7255302951675
"203" 3 0 -68.69917289 -12.425837543 -11.6029505221734 7.0495712222297 1.60260856147863 -9.02672583436412 -1.90956659919492 -6.30398772142201
"204" 2 0 -75.09917289 -5.925837543 -13.2309732231298 6.30518606127354 1.70753454962489 -8.02269329574062 -2.45713675816872 -7.29119878949454
"205" 2 0 -70.89917289 8.674162457 -3.38712942342562 0.562712494321565 -2.11274188957092 -7.33101704547458 -1.70978545590715 -4.91445416489094
"206" 3 0 -70.89917289 8.174162457 -11.3265862997135 7.85801624296411 0.144767243650452 -7.65170396708034 -2.24662971662088 -6.18577208673293
"207" 3 0 -64.79917289 1.374162457 -13.5312462131929 4.06904119636587 1.03132543330238 -7.91235694658937 -1.52617129235125 -7.80672078806716
"208" 3 0 -67.59917289 -34.125837543 -3.3737269305222 8.74948381362718 4.04886869087378 -8.33154200070413 -0.232259839310661 -8.10955967118546
"209" 1 0 -67.29917289 -17.025837543 -0.764831222641096 1.82569841295429 -1.51253221780792 -9.25664376222064 -1.27145470463377 -7.00521522115076
"210" 2 0 -64.09917289 -12.425837543 -10.5292571386402 8.74305519289343 0.688986986165026 -8.64862321632395 -1.64152020831827 -6.62826374998897
"211" 2 0 -67.59917289 -19.425837543 -0.772997056463774 5.05077850084393 -1.13445359641228 -9.394896341182 -1.0260378650097 -8.4312171569067
"212" 3 0 -49.39917289 -15.125837543 -10.374784193952 7.88554317820167 -0.00471026016346104 -7.91191826562399 -0.715241211635628 -5.79456382054347
"213" 2 0 -44.09917289 -10.225837543 -8.24485718531073 9.55220093705544 0.359389712815429 -8.64673995534624 -1.84150052590551 -7.86890854626321
"214" 1 0 -57.39917289 -20.325837543 -9.6703141143838 8.53296047389096 2.47240168215994 -7.93067876981976 -1.78598954570124 -6.73191686968664
"215" 3 0 -50.69917289 -14.825837543 -10.5889624431874 8.6769962617622 0.158923302216991 -8.48757350543266 -0.89442279175537 -6.2676371160098
"216" 3 0 -62.39917289 1.674162457 -12.5184519148498 7.23407789374246 0.0575494817359744 -7.19243986022668 -1.13332440219332 -7.58270556727429
"217" 3 0 -53.79917289 -0.725837542999999 -12.4412964312636 7.05127076063101 0.330435773777438 -6.84496899040713 -0.720925245272052 -6.70624545304627
"218" 1 0 -57.09917289 -24.325837543 -9.17194464334483 7.11352194011964 3.40376285807144 -7.63303393969518 -1.20280371934967 -5.93641476658896
"219" 2 0 -64.59917289 -26.225837543 -5.99914578095629 8.41527645268007 2.62067597762795 -8.96703916267932 -0.791176278253986 -6.90054659208195
"220" 3 0 -56.39917289 2.174162457 -12.1875188238081 7.65302255207809 0.162430938805294 -7.89622950946392 -0.355255033421546 -6.95175198440932
"221" 2 0 -68.79917289 -5.825837543 -13.201769601643 5.62754332367081 1.11084576841771 -8.64412089575418 -1.87397910409011 -6.65298636307219
"222" 3 0 -63.89917289 -15.625837543 -11.2086609924254 7.13143802812069 2.29729661383827 -9.22001289148884 -2.06701342647207 -6.41235640896785
"223" 3 0 -56.49917289 -9.025837543 -11.4606296965376 8.29241429051361 0.801735991984819 -10.1124060722161 -0.603382004901706 -6.54860072589355
"224" 1 0 -65.29917289 -4.725837543 -13.7299231978222 5.54224695762418 1.2063840915482 -7.80266654289949 -1.82342937680109 -6.6378328534344
"225" 1 0 -43.29917289 -2.425837543 -12.0763256251577 8.3755111723928 -1.23183651905521 -6.80118451173761 0.578944910673194 -6.6474571297783
"226" 3 0 -60.79917289 -5.025837543 -13.6174354367118 5.99368619963115 0.794566815421193 -7.27256727797883 -0.356674882633393 -6.98434280184432
"227" 3 0 -77.99917289 -8.625837543 -2.47656795191599 4.53046478952729 -1.74214362209038 -7.5864956817812 -2.28239404479725 -7.9419143504905
"228" 2 0 -57.29917289 -3.425837543 -13.3508501338438 6.47075247884012 0.796523621192599 -6.73114905978463 -0.601140372711401 -7.1119803759008
"229" 3 0 -70.39917289 4.974162457 -12.8634397273823 7.2879683701094 0.368474088435756 -7.59730096773077 0.949833671330443 -6.48631710590346
"230" 2 0 -71.39917289 -3.025837543 -14.4294346083278 4.0559018715334 2.23834261832085 -7.56188230117824 -2.32871388324588 -7.74716185076977
"231" 2 0 -67.89917289 9.874162457 -9.72841521027236 7.77547131707472 0.195344745316109 -8.3253998519382 -1.66324971543357 -6.55037152658899
"232" 1 0 -71.89917289 -36.625837543 -5.1903537879173 5.2056633748515 1.43263128418598 -7.95765875837696 1.87737708805854 -6.50910158145371
"233" 2 0 -45.19917289 -18.525837543 -8.84160073720282 8.10683490850467 0.713270550114881 -9.38778643191189 -1.75568511389868 -6.70123989531369
"234" 1 0 -40.49917289 -18.725837543 -9.44102686205182 7.66888078898331 1.34293029377122 -7.12554614876607 -1.83079655324136 -6.40608296996987
"235" 2 0 -62.19917289 -12.625837543 -10.1249654969354 8.07223031340044 0.734900505773485 -9.14437793898255 -1.58573675602344 -6.60856064589508
"236" 1 0 -67.69917289 2.474162457 -15.5399884033147 4.21638255863736 1.6523413958365 -9.20863464087279 -0.139235976355353 -8.88090717735419
"237" 2 0 -36.69917289 -10.625837543 -10.8527514113199 7.49395512710276 0.666246489438619 -6.00964085031375 -0.623928848703254 -5.96833509969393
"238" 1 0 -64.99917289 9.374162457 -10.3553591169775 9.6376980683102 -0.190110673087903 -7.38592573468533 -1.78880698865513 -7.31317763257993
"239" 3 0 -68.69917289 -17.825837543 -0.481112664976674 3.57816579344182 -1.23030839214584 -9.72769649447867 -1.22268772364258 -8.0831603194615
"240" 2 0 -60.79917289 -13.325837543 -10.2889852688796 7.46146003129296 0.683287961910558 -9.63820266060403 -1.24131281285448 -6.45478684321412
"241" 2 0 -55.99917289 -22.525837543 -9.23157457956842 7.08710504243092 2.83583468358615 -7.79426252144989 -1.44084209776794 -6.56256669880573
"242" 3 0 -53.29917289 -20.325837543 -9.86511420093071 7.17432540115405 1.52265192505111 -8.55645389250871 -2.02337704844599 -6.37738053819465
"243" 3 0 -52.89917289 -17.925837543 -9.48850950362084 6.78654001891155 0.818136106226041 -9.17515692801604 -1.45374225207807 -6.22746567130136
"244" 2 0 -62.59917289 -26.125837543 -6.25568552225522 9.71877999818238 3.1723164514257 -8.58425953458413 -0.916549297733532 -7.75226934574825
"245" 2 0 -64.19917289 -12.025837543 -10.6436782746645 8.58491247614992 0.659817354902625 -8.60861198467998 -1.65539735485883 -6.54096037824922
"246" 3 0 -43.19917289 -8.525837543 -9.02993413023505 9.84624001633281 -0.143324900731784 -7.88344211577582 -2.21189297010204 -7.9823940818722
"247" 2 0 -67.99917289 3.974162457 -14.2235150323751 6.24985673781959 0.55694897883548 -8.03696973776033 0.990409556748238 -7.29584205773859
"248" 2 0 -74.89917289 10.174162457 -10.8202810284073 9.90949224363493 0.531931655408786 -7.46241058238854 -2.09910917843743 -7.57354232846956
"249" 3 0 -41.59917289 -11.325837543 -7.40170219229733 8.56464247425022 -0.356506166596906 -6.90374110562232 -2.19811731564427 -7.20037260424306
"250" 3 0 -50.29917289 -26.925837543 -7.48978701807312 2.6487460431682 3.41132063325917 -7.4642674369404 -1.07638200542752 -6.27195876232459
"251" 3 0 -44.69917289 -15.825837543 -7.67287453327916 9.5599465967144 0.686322371759297 -8.99747906172675 -1.55001035842874 -7.96827213360129
"252" 3 0 -46.39917289 -23.125837543 -8.02870000474385 4.95739388405297 1.54768176249306 -8.46264168388954 -1.37461011286276 -5.23319567596529
"253" 2 0 -57.99917289 -26.625837543 -8.86526993214703 7.07596065101403 3.99723256074541 -7.77745021144435 -0.867628830197555 -5.92231304705857
"254" 3 0 -64.69917289 -5.325837543 -13.4553811935613 5.91311035604131 1.02054399518904 -7.74519413885191 -1.42806009459805 -6.57015513108296
"255" 3 0 -43.09917289 -22.125837543 -9.28773213806658 6.39945236009315 2.06896984720737 -9.31250744994272 -1.35402259916762 -5.54747045717458
"256" 2 0 -63.89917289 -28.125837543 -5.52646947893734 9.63224143468818 3.68843235468606 -8.92677491570811 -0.552414207612672 -7.77425212521844
"257" 1 0 -71.89917289 2.874162457 -13.2166128530313 7.20878927080481 0.838667442726726 -7.55094347795046 0.827572778538663 -6.67389825138039
"258" 2 0 -62.29917289 5.474162457 -12.3769291085551 4.29866606997183 -0.271985617393872 -9.61143571376193 -0.874664771826372 -6.1009861860642
"259" 1 0 -40.79917289 -18.825837543 -9.29985282321572 7.79381264990525 1.26026780123387 -7.56553115166296 -1.77751732026515 -6.45564893356546
"260" 2 0 -56.29917289 -26.025837543 -8.86343787227671 6.33887334649396 3.97030920226962 -7.51651618706107 -1.06298793261207 -6.44935850008502
"261" 3 0 -49.39917289 -22.225837543 -8.34299433989706 6.80430187729859 2.03050300796552 -8.8492956047147 -1.77955363387721 -6.60457172547327
"262" 1 0 -69.69917289 -23.825837543 -3.9205560539862 7.80954924537066 0.477116088639849 -5.28300716781325 -1.34228348518187 -7.18860464859885
"263" 3 0 -66.59917289 -35.525837543 -3.49421446328142 8.57752919055247 4.27225601612651 -8.73909109933225 -0.261950672086428 -8.27910629236573
"264" 1 0 -59.69917289 -12.925837543 -9.88231398090198 6.72866962346965 0.438412446722898 -9.91624836168496 -1.03093174501192 -6.19978310162392
"265" 3 0 -42.09917289 -21.025837543 -8.3815760673315 6.878345529604 1.56299222197915 -9.12793419634119 -1.42949642506658 -6.29938633803979
"266" 2 0 -66.79917289 5.174162457 -13.6845918980111 6.53892708909237 0.0790591240448204 -9.19544721054238 1.55073736013649 -7.41712508965047
"267" 3 0 -72.29917289 -36.025837543 -5.01805628204694 6.21761354557647 1.38016743082609 -7.09791360099243 1.46967057396914 -6.24536063422858
"268" 1 0 -50.49917289 -0.225837542999999 -15.1403277552184 5.37351889907746 -0.346917211009037 -7.96305244248469 2.56257937718583 -6.79888525011345
"269" 3 0 -43.39917289 -14.225837543 -8.18217840567457 9.43621204806546 0.0946874692196384 -7.71312964887927 -1.79386339502088 -7.37612446134925
"270" 3 0 -51.09917289 -25.625837543 -8.0135072393449 3.17527373068598 3.08123632702478 -7.67366741289154 -1.22016552349886 -6.16802964236871
"271" 1 0 -54.39917289 -19.925837543 -9.96210184782149 6.96771223577648 1.41811284298255 -8.42195685507736 -1.82189566154943 -6.34603063944664
"272" 2 0 -71.79917289 7.174162457 -13.1917220101046 6.04034447992841 0.349256179403743 -8.48215048730491 -0.0185245455945173 -7.30569815492565
"273" 3 0 -59.29917289 -32.425837543 -6.53790526635514 6.66080838854586 4.41973621281465 -7.69418696468571 -0.296253250376987 -6.30246372817495
"274" 2 0 -45.79917289 -3.725837543 -11.9471185132754 8.4359423020467 -0.42464320552411 -7.59006817173989 -0.661771907889694 -6.89509721616043
"275" 2 0 -71.29917289 6.974162457 -12.5675668534069 7.21234139958679 0.0966417374606219 -8.30272520870239 0.0745219913163078 -6.99212282052695
"276" 1 0 -70.59917289 -1.625837543 -14.8544958326859 3.49668295707184 2.46778652878715 -7.51775962554969 -2.26140149508093 -7.95232489062614
"277" 3 0 -58.79917289 -9.425837543 -10.8283880668028 7.99776152481077 0.57828465183298 -9.41320350380681 -0.671868115014356 -6.35261651175284
"278" 2 0 -59.99917289 -35.625837543 -5.723781763699 6.2776077146295 4.50956562800326 -7.87668941749238 -0.299011809885693 -6.54270121798445
"279" 2 0 -47.19917289 -3.625837543 -11.7344224893979 8.43901115797585 -0.944145707074293 -7.46007043879436 -0.019311618902029 -7.58413462107386
"280" 2 0 -50.09917289 -6.725837543 -11.4528623487295 7.71612733575172 0.115640970992486 -8.1009255942081 -0.594220943149584 -7.18960792295369
"281" 3 0 -77.09917289 -3.125837543 -13.8069435634713 4.50446748258573 2.47198593373571 -7.0339778458366 -2.80425260950346 -7.96389256781299
"282" 3 0 -56.29917289 -10.525837543 -11.0142783611681 8.22221866276946 0.902132945200492 -10.4594826517885 -1.41784823223451 -6.64265991528978
"283" 1 0 -54.19917289 -24.225837543 -9.2198612280593 5.69361116018818 3.662791105451 -7.92672467474573 -1.35899036192215 -6.82000997667326
"284" 2 0 -66.89917289 -12.025837543 -11.0152141365531 8.19128341113215 1.14800451036776 -8.27560842392278 -1.64833775554417 -6.61177832135726
"285" 3 0 -70.79917289 2.074162457 -13.9308891132208 5.64495078436541 1.14190801015799 -7.70088236046228 0.400928401999516 -6.98888974282171
"286" 3 0 -57.89917289 -5.525837543 -12.5770433416729 6.94597775348824 0.768200400702443 -7.64577683483423 -0.11155977332206 -6.9424728223716
"287" 2 0 -58.19917289 -24.225837543 -8.23224500779626 8.56537419900486 3.39496538870282 -7.64170956316359 -1.31753586578542 -6.91475792444399
"288" 2 0 -67.69917289 -32.025837543 -3.51171745176114 9.50007618145669 3.89755882467523 -8.08189809879256 -0.0909016470313133 -8.10971779342002
"289" 1 0 -46.89917289 -13.125837543 -10.2713741592187 8.57326478521974 -0.00271517677952429 -8.26657230703521 -1.05208630456992 -6.29271472829615
"290" 3 0 -73.09917289 -14.225837543 -2.93199426854838 2.91249784138778 -1.39636193269429 -9.52136999170486 -1.23818545567556 -7.16431584489413
"291" 3 0 -70.79917289 -31.825837543 -1.77121669947958 5.01265378425414 -0.175714744040308 -6.76462129675212 -0.0960779286329296 -7.02192415875368
"292" 3 0 -37.49917289 -6.625837543 -9.20335743969225 10.030725707123 -0.755374878024943 -6.55551339050172 -1.4192391299933 -7.12114805039949
"293" 3 0 -45.79917289 -3.825837543 -11.9250533070382 8.50887318252824 -0.425239131318657 -7.58489484143152 -0.67896774485094 -6.88398822479327
"294" 1 0 -75.39917289 -4.025837543 -13.1347357858806 5.47214743719646 1.89615894087603 -7.30360222897028 -2.67167224169042 -7.2960932700523
"295" 2 0 -68.59917289 -7.325837543 -12.8008060567295 6.19675907403042 0.857647611466025 -9.11735232706606 -1.52043074726513 -6.69213695346406
"296" 2 0 -55.69917289 -28.925837543 -8.71446671861124 5.33393738710585 4.74354852315055 -7.66299311660936 -0.592443109279514 -6.87153051560459
"297" 3 0 -70.39917289 -9.425837543 -11.46681598561 7.18625248994062 0.863142841752455 -9.2528897645729 -2.2950771962318 -6.19691714850341
"298" 3 0 -49.89917289 -28.525837543 -7.86127984634844 2.16599837958458 3.15248364376998 -6.82787705340235 -1.02954220670373 -5.7144119970142
"299" 1 0 -53.29917289 -26.325837543 -8.99917987070168 3.3234125281842 4.11627810213528 -8.51048386859285 -1.25028208673576 -7.46264546726883
"300" 1 0 -76.79917289 0.0741624569999999 -15.3236168086366 2.28738800459763 2.65219812871805 -8.17654530439271 -1.87247254338463 -8.77800146467836
"301" 1 0 -51.99917289 -4.325837543 -11.8658325777522 6.55992946784023 -0.250075318890821 -7.392257566551 0.13406947832367 -7.10768248142008
"302" 3 0 -70.89917289 -3.225837543 -14.339625288725 4.05462040913445 2.20086780331609 -7.60553126881932 -2.37203381491421 -7.6680816160185
"303" 3 0 -50.09917289 -0.225837542999999 -14.6857510057183 5.8070100262082 -0.359063293525532 -7.69639109742243 2.39333231703054 -6.63248336577954
"304" 1 0 -49.19917289 -14.425837543 -10.4148649745516 7.91143907133714 -0.133522720925322 -8.3951740424163 -0.639160590990403 -5.7380556669222
"305" 3 0 -75.19917289 1.274162457 -14.0631269122365 4.98264113567168 1.05077024293506 -7.65140011339082 -0.015617847067416 -7.18791845471715
"306" 1 0 -66.59917289 5.274162457 -13.5050929114809 6.564059121013 0.00523683051921572 -9.36088751232094 1.71340855185796 -7.44579451332096
"307" 2 0 -66.29917289 -27.325837543 -0.849174976372572 4.79352111180492 0.34176255945401 -7.7748103856735 -0.619395309613426 -7.22327931698784
"308" 1 0 -68.59917289 -24.725837543 1.25345423573821 2.54801895304166 -1.97978501410729 -7.29588284927257 -1.14267663628623 -7.60049869945593
"309" 1 0 -69.49917289 -7.625837543 -12.4862266993194 6.40098895983043 0.907802205110546 -9.00073841936653 -1.83469269285951 -6.58307545463274
"310" 2 0 -57.29917289 -5.625837543 -12.622186963404 7.18046358477938 0.969400639531558 -7.99787615190488 -0.381446546630385 -6.86469780355584
"311" 3 0 -54.99917289 -10.425837543 -10.8971628927707 8.4712133693743 0.769701932280382 -10.4551123255938 -0.843041240379926 -6.88768866829881
"312" 3 0 -49.49917289 -5.125837543 -12.4678064195879 7.68103685563749 -0.798188001796243 -7.49222395022384 0.615911340453494 -7.30988330008421
"313" 3 0 -68.99917289 7.574162457 -11.6492201610196 8.66978968750459 0.370194012981781 -7.28363243678327 0.460045373066573 -6.49206944788498
"314" 1 0 -48.79917289 -3.925837543 -12.9835819287584 7.5245242301315 -1.04404994069422 -8.11858382123988 1.01361845224961 -7.56897869216442
"315" 3 0 -56.19917289 -5.425837543 -13.2092854559213 6.52640297269772 1.01163513403235 -8.44961203831525 -0.293581057126516 -7.06363429715707
"316" 1 0 -59.89917289 1.974162457 -12.2640657507195 7.27408352299094 -0.45249037282538 -7.40541563475571 -0.183693363339691 -7.33265071405412
"317" 1 0 -68.79917289 -25.425837543 -0.738252664710578 4.14631999853258 -1.31210984201136 -6.30269235162075 -1.5182753757353 -7.41806326666239
"318" 2 0 -56.39917289 -15.525837543 -9.74760462682825 8.08342103678261 1.5770484113733 -8.07495478394053 -2.1751882247545 -6.3100990167076
"319" 2 0 -56.39917289 -30.125837543 -7.87600392518066 6.02661445374697 4.78483005556324 -7.53684066541887 -0.664832341439834 -6.71229165823704
"320" 2 0 -74.19917289 -15.525837543 -2.53879706426276 6.43261279742124 -1.99083914660131 -8.34735392904901 -1.83003307815397 -8.73290227151487
"321" 2 0 -50.19917289 -21.425837543 -8.52637132455528 7.28614793566257 1.88660241876594 -9.00432903883704 -1.73995535769116 -6.50951766917982
"322" 3 0 -53.29917289 -27.625837543 -9.49495922250699 4.19865017734085 4.16166147128249 -7.29738176419795 -1.04040689605702 -6.9790231271985
"323" 2 0 -71.69917289 -12.025837543 -12.4195576034737 5.69531821755256 1.43297667616949 -9.33681633204317 -2.3950781515673 -6.81468974173628
"324" 3 0 -65.19917289 2.974162457 -13.9409934654711 5.83783385821811 0.945145258666422 -7.70250478932506 -1.05206356755592 -8.00625376254207
"325" 3 0 -67.19917289 -33.625837543 -3.61623004849966 8.89954649908911 4.08182903235506 -8.41354298674173 -0.193884940118976 -8.04151138409299
"326" 1 0 -76.19917289 -11.925837543 -1.5945212322328 -0.760052033250868 -2.17430650380016 -9.04639247895274 -1.6155208651031 -5.35567094716242
"327" 1 0 -74.49917289 -9.325837543 -11.9701061758298 7.13442028635053 1.36903047231502 -8.35656157068837 -2.77269350539441 -6.90424341145099
"328" 1 0 -48.09917289 -8.425837543 -11.3844492135728 8.74489673608246 -0.0245757644655764 -8.08523614297192 -0.059634085706374 -7.33192102781559
"329" 1 0 -60.89917289 -30.425837543 -6.53031336368747 7.70409475189023 3.98876174556495 -8.1723354562963 -0.571553535304429 -6.68541225184978
"330" 1 0 -60.99917289 -30.825837543 -6.46144216184871 7.59277763547633 3.98030853152075 -8.12168780436067 -0.527486172876518 -6.62456309770356
"331" 1 0 -74.69917289 1.174162457 -13.3518757113362 5.53020811809646 0.998819911917724 -7.36813876474214 -0.241348325381803 -6.97535626010383
"332" 3 0 -59.99917289 -2.925837543 -13.2843808343817 6.43666077798896 0.912217214540292 -6.58274347431186 -0.881085868551399 -6.88292594913163
"333" 2 0 -68.39917289 -28.325837543 -1.34884869993301 5.11035559013952 -0.12013993932498 -6.98086821580098 -0.983531541060658 -7.34443999363488
"334" 2 0 -54.39917289 -5.525837543 -11.8813126374092 7.2744485688185 0.321135213176643 -8.26123508716469 -0.358826428099514 -6.92924512147779
"335" 3 0 -36.89917289 -10.425837543 -9.63420308165873 7.79383134880109 0.747552725532388 -5.79898189118595 -0.894912736177044 -6.27334576779585
"336" 3 0 -46.69917289 -6.925837543 -10.1243749097723 8.69908094449744 0.235399447140952 -7.82193985382709 -1.16945024570523 -7.01194865035878
"337" 1 0 -54.19917289 -33.325837543 -7.27891737477396 5.17590795146234 4.21780385861011 -6.54677543236308 -0.461017579476586 -6.4407408102722
"338" 2 0 -54.89917289 -12.225837543 -10.4355374725131 8.48266509269289 0.852287629709582 -10.6167729292656 -1.35827341778899 -6.80495705206497
"339" 2 0 -48.79917289 -14.025837543 -10.6677649540462 7.63849622260471 -0.130056735233473 -8.71581602154557 -0.636273069676816 -5.75430662773677
"340" 1 0 -48.39917289 -15.625837543 -9.27167810607925 6.92378209893046 -0.279735611598819 -7.77133226469413 -1.06482605892962 -5.69812787933943
"341" 2 0 -62.89917289 4.074162457 -13.2785055061277 3.68421975140616 1.04942902902352 -8.35391949311967 -1.1202539474643 -7.86952261404516
"342" 2 0 -66.89917289 2.174162457 -15.5109881160927 4.12758613522038 2.10692354976451 -9.57238911735167 -1.35264391224874 -9.4696040861552
"3431" 2 0 -46.49917289 -21.125837543 -8.25743590565161 4.84942866243154 0.923895733438667 -9.60197192003833 -1.78121879555654 -5.50211733428957
"3441" 1 0 -63.39917289 3.174162457 -12.4587419221154 4.79611386404023 0.736985813606959 -7.31596437518916 -1.73768110951181 -7.95841495224242
"3451" 1 0 -76.99917289 -3.225837543 -13.7016582067129 4.62101741642255 2.41681243429927 -6.98289208258085 -2.83849543758605 -7.90469734045251
"3461" 1 0 -65.69917289 -14.225837543 -10.9821796415677 7.6539143799604 1.6591549982992 -8.86769967291726 -1.69241922108424 -6.55509689822198
"3471" 2 0 -61.09917289 -21.225837543 -7.38016325671676 9.9441045033452 2.68835609614451 -7.78776078917387 -1.22790781561754 -7.62193357221256
"3481" 1 0 -41.19917289 -6.525837543 -8.98879190402847 9.48650904510711 -0.545003313588195 -7.08475358445557 -1.25675620081346 -7.10403682213759
"3491" 3 0 -73.19917289 -14.925837543 -1.05777561091484 0.574139606070015 -2.02240084732267 -10.3586817560396 -1.15619231482443 -6.54699731063118
"3501" 2 0 -70.39917289 -9.925837543 -11.2038344684262 7.2831288170422 0.91486120239427 -9.04125166614017 -2.32198113453944 -6.22045367127383
"3511" 2 0 -56.19917289 3.774162457 -13.4643351594009 6.40646399669142 0.46186667965702 -7.73544366938172 0.517820170030065 -6.33204633177198
"3521" 3 0 -57.99917289 6.574162457 -12.7078555969492 6.28913137814615 0.652424104336108 -5.52343286157658 -1.34672787784166 -5.73961960346319
"3531" 2 0 -77.49917289 0.774162457000001 -6.46169839885023 0.157050907293194 -0.730254598286184 -5.87759859679736 -2.33586807187826 -5.74710879085217
"3541" 2 0 -57.69917289 -25.425837543 -9.04777705278678 7.56417709070247 3.91285417673138 -8.05109404769194 -1.28062904535156 -6.5432410316057
"3551" 3 0 -51.29917289 -18.025837543 -9.84300525894058 7.30159852221915 0.519463057246899 -8.71058075963488 -1.56892496030271 -6.24503580699335
"3561" 1 0 -53.29917289 -10.625837543 -11.2633247693757 8.04616295177616 0.929446705291881 -11.3459387369179 -1.29676550672887 -6.58831013683621
"3571" 1 0 -52.59917289 -2.025837543 -12.7640521488382 7.17490677473445 -0.147820746558854 -7.08619480248306 -0.120654569668025 -6.99718025350157
"3581" 2 0 -73.69917289 -2.725837543 -15.4566472786914 2.93029299423037 3.09074814626114 -7.69765946276797 -2.63334509730735 -8.90232127949662
"3591" 1 0 -42.59917289 -9.725837543 -8.49188095212296 10.2826880271822 -0.0852138830842514 -7.47594599880844 -2.28742355696448 -8.22378282288759
"3601" 1 0 -62.79917289 -9.425837543 -11.6607451138828 7.63296625513912 0.477385963290561 -9.03655975112224 -0.620718845750941 -5.95039512104359
"3611" 3 0 -57.59917289 -14.425837543 -10.7808568471761 8.11738257797994 0.852634149732048 -9.91417195939397 -1.31776684975832 -6.59891531531296
"3621" 3 0 -76.19917289 -4.125837543 -13.1847664618017 5.50596531587172 2.03818135910677 -6.84402447227466 -2.93313483135981 -7.31084640286916
"3631" 1 0 -74.19917289 -3.125837543 -14.9419060337434 3.19964087449921 3.04708372149695 -7.49523202480612 -2.81736622539583 -8.83751245518773
"3641" 1 0 -55.99917289 -9.925837543 -11.1094888701709 8.25851708983375 0.769959877847911 -10.3313961380495 -0.77022165780196 -6.75044843759866
"3651" 1 0 -38.99917289 -8.525837543 -8.11465446844814 9.63844063548244 0.0493883978011815 -6.48266514279811 -1.73523682014228 -7.2721985041337
"3661" 3 0 -68.29917289 -17.425837543 -1.03454481850081 4.26483048936817 -0.603471322760164 -9.54912695633077 -1.24477573528354 -8.11425130266353
"3671" 1 0 -44.59917289 -14.325837543 -8.28394887097683 9.25010084671784 0.177887586008673 -8.54808919911163 -1.46680322107136 -7.36396478942605
"3681" 1 0 -48.89917289 -24.025837543 -8.02219397284212 5.46579976292853 2.5399544423323 -7.91176629397115 -1.42771240141092 -5.97326125549358
"3691" 3 0 -65.29917289 9.474162457 -10.3232215918216 9.6536598872202 -0.229930737629653 -7.32490817401268 -1.69179279095237 -7.35529425785635
"3701" 2 0 -61.49917289 -15.425837543 -9.13626239391442 8.5125167476549 1.40769453393627 -8.89549305079975 -1.86837300353593 -7.28191575654868
"3711" 2 0 -62.29917289 -18.325837543 -8.14294239794128 9.48406889438042 1.77105147425658 -7.39766216072738 -2.05443138565263 -7.70754590779887
"3721" 3 0 -68.49917289 8.774162457 -11.2288295294805 9.1994213106983 0.169210073307139 -7.31595753278816 4.48609367145192e-05 -7.05744456827195
"3731" 2 0 -64.79917289 -22.325837543 -3.71099475735751 7.17797230075459 1.22657917561545 -9.74655124661102 -1.17647601431368 -8.15451549868961
"3741" 2 0 -56.49917289 -9.725837543 -11.365494881513 8.04283677383986 0.993218867592174 -10.6269964272885 -1.20930319177264 -6.49978747999557
"3751" 2 0 -56.69917289 -1.225837543 -14.1705250391009 6.32381469866278 0.810194490128541 -7.4494950673097 -0.0577428990355178 -7.28876177328569
"3761" 3 0 -66.99917289 8.874162457 -11.0041926689461 9.24657476378506 -0.0598857208642673 -7.31987216177125 -0.642990933087686 -7.09565695922406
"3771" 2 0 -68.49917289 8.274162457 -11.3131373864692 9.12355213498522 0.158811064964104 -7.1661472172362 0.19864985475287 -6.86558953595748
"3781" 3 0 -51.49917289 -27.025837543 -8.53099255955619 3.08507678247598 3.67396537905885 -7.69982381267743 -0.937165194965297 -6.85673986751251
"3791" 1 0 -69.29917289 -2.425837543 -15.1500125166587 2.76704901126075 2.56033675597834 -7.92229741303793 -2.26267267288408 -8.14858451317444
"3801" 1 0 -59.09917289 -22.625837543 -8.06649545962115 9.36490607768688 3.00546337468897 -7.62440168371704 -1.49816947915226 -7.32376146291077
"3811" 3 0 -59.09917289 -33.025837543 -6.58958862440247 6.46955361684762 4.39685723877602 -7.4845021936268 -0.335471216227837 -6.24728802429328
"3821" 1 0 -73.49917289 -13.125837543 -6.8353790249925 6.99945827552145 -0.23942735398422 -9.15398069587301 -2.215948791088 -8.24736887453345
"3831" 2 0 -53.39917289 -25.925837543 -9.20995438515944 4.16171658095435 4.16771419982943 -8.87258467395133 -1.20357102645811 -7.38656162948776
"3841" 2 0 -47.29917289 -8.125837543 -10.9168106953361 8.7948394011492 -0.00986877324808733 -7.75294967754069 -0.0989964419431806 -7.19837085309813
"3851" 1 0 -65.99917289 -9.325837543 -11.267917649025 7.91594892623527 0.55411506034449 -8.39864157417353 -1.84921841334719 -6.1082023659887
"3861" 3 0 -46.19917289 -4.225837543 -11.0835501202295 8.20993583369623 -0.558873086820908 -7.60898541574056 -1.01462010696583 -6.89804354207468
"3871" 1 0 -76.99917289 -3.425837543 -13.6280434072006 4.83497575997471 2.40205556564288 -6.92923553566149 -2.85584955660443 -7.75199354176656
"3881" 3 0 -56.69917289 5.674162457 -13.0146223682394 6.7103669988005 0.880969371458142 -6.62275971047889 -1.32898912222715 -6.49857529936491
"3891" 1 0 -61.49917289 -17.425837543 -8.76030617373988 8.99567350367116 1.63752081969849 -8.01661047535659 -1.80489594071101 -7.54346325301535
"3901" 2 0 -65.69917289 -27.225837543 -6.20744939276599 7.79820903922763 3.69450893552745 -8.37920937436401 -0.628095430736928 -6.90540391070069
"3911" 2 0 -68.89917289 5.974162457 -13.1333501970424 7.65274082071128 0.380258678591982 -8.07839945329814 1.04852063458323 -6.71796616479904
"3921" 3 0 -58.29917289 -21.725837543 -9.26090038073391 8.5454317519497 3.08402478975792 -7.7587739192745 -1.61132904727681 -6.90416340087384
"3931" 2 0 -41.69917289 -14.625837543 -7.11978871378399 8.32853677849814 0.0108173146993975 -7.0870978102826 -1.74990278154691 -6.98178597153307
"3941" 2 0 -66.39917289 -22.425837543 0.502557828749525 5.15166120829212 -0.281666379408135 -9.69191531490709 -0.689240123061071 -9.02299317302828
"3951" 1 0 -67.19917289 5.374162457 -13.46974332443 6.46680015930745 0.123337734827889 -8.81926405241402 1.37408750644325 -7.26778647254626
"3961" 1 0 -41.59917289 -14.825837543 -7.59392040769351 8.64988008595713 0.0816753590403287 -7.23553514245537 -1.79590743408803 -7.00136204203382
"3971" 3 0 -61.19917289 -13.925837543 -9.88545149914728 7.88523547456347 0.829390114006056 -9.20578756161177 -1.43332120688011 -6.73328377388427
"3981" 2 0 -56.69917289 -9.525837543 -11.4290854640071 8.02649159316912 0.997739996728322 -10.4950584809244 -1.18989510398464 -6.46889655911393
"3991" 1 0 -57.59917289 -11.025837543 -10.7566824631767 8.2479233503151 0.69909458333138 -10.1066529896937 -1.2265641747207 -6.54900396598793
"4001" 3 0 -65.59917289 -11.225837543 -11.0282285853752 8.55633432156671 0.82786019148225 -8.39212013714894 -1.56019959058129 -6.3711643774705
"4011" 3 0 -63.49917289 -6.625837543 -12.5227053244889 7.02434971069466 0.70490169979555 -8.09297030677111 -1.13857613503466 -6.20607031977806
"4021" 2 0 -76.39917289 -8.625837543 -11.8100351892906 4.94415330910591 1.45726962513603 -9.03437732881497 -3.11707547596358 -7.66817117816311
"4031" 2 0 -52.79917289 -20.025837543 -9.98460226424407 7.4684636431072 1.60409359377734 -8.76864223353557 -2.01357770266777 -6.4244424118267
"4041" 2 0 -66.39917289 -23.825837543 0.344593677174285 4.75086329595087 -0.436938542513052 -8.886865329884 -0.787384837063003 -8.49447879988187
"4051" 1 0 -80.89917289 -5.825837543 -5.69899547867971 11.3195591637452 -0.601463625709303 -6.55060250471474 -1.25096678350439 -8.57396595800161
"4061" 3 0 -57.09917289 -24.125837543 -8.99132140388681 7.26969541393031 3.39171522759791 -7.44899377266679 -1.26806746804446 -6.21886640687226
"4071" 3 0 -62.39917289 -6.025837543 -13.4397958910478 6.27726506469496 0.47319299033372 -7.94408021970221 0.153859554917763 -6.77117341705323
"4081" 3 0 -58.69917289 3.174162457 -12.1434923972098 7.97469297356173 -0.25412751379609 -6.92360088193054 -0.164844710510041 -7.13314800459097
"4091" 1 0 -39.89917289 -7.725837543 -8.49556020409266 9.19478061861424 0.0378022913455267 -7.01391496845529 -1.83793401003078 -7.18336152652505
"4101" 1 0 -57.49917289 -12.525837543 -10.6997728479333 8.16149722954825 0.724760715273555 -10.4860973243153 -1.06282666176509 -6.595057932141
"4111" 2 0 -68.99917289 -13.225837543 -12.6571986231165 5.77604980190614 1.79992992580559 -9.32108090547704 -1.81362442313258 -6.34384896527791
"4121" 3 0 -71.09917289 -12.825837543 -14.3131072613574 3.31957054471365 2.09896629971406 -10.1491074628687 -1.7996515094885 -6.97777460084157
"4131" 2 0 -72.79917289 -11.325837543 -11.7042091354193 6.9983818062042 1.38335089673455 -8.57785319743816 -2.75736821001778 -6.93863252523248
"4141" 3 0 -62.99917289 -27.525837543 -5.89115929442575 9.70563698050821 3.68181293302876 -8.81101619723753 -0.693675497382949 -7.78280543464385
"4151" 3 0 -47.29917289 -3.725837543 -11.6110678587186 8.52592604969617 -1.00675093718172 -7.48212748694146 -0.0310172613607187 -7.61424984822297
"4161" 1 0 -56.39917289 -0.725837542999999 -14.0909839144811 5.93158379615175 1.16021801072329 -7.59193740017416 -0.486059572988518 -7.51739773481813
"4171" 2 0 -63.39917289 -30.725837543 -5.75855020036909 7.90039022321209 3.50863933922828 -8.66727757767756 -0.636939672832043 -6.85410525468504
"4181" 3 0 -65.09917289 -32.025837543 -4.74071085490464 8.01250258727798 3.37616168408872 -8.51033913016475 -0.449016695738041 -7.12996013600418
"4191" 1 0 -59.39917289 -27.625837543 -7.78118947168415 7.45789069766945 3.9662553451609 -8.07941153440018 -0.83445788737243 -6.27596125307603
"4201" 2 0 -58.59917289 -26.825837543 -8.41686660577575 7.31723425712351 3.95397083089324 -7.93206314567575 -0.794187928385627 -6.17658390116906
"4211" 1 0 -80.89917289 7.974162457 -12.5876207532566 7.40577321190233 0.294100586323092 -9.10386627916319 0.239264300311774 -6.26480744244347
"4221" 3 0 -76.09917289 -12.225837543 -1.66027872083043 -0.623139179679588 -2.2821038007894 -9.20266593337589 -1.67014768960957 -5.41478003355592
"4231" 2 0 -63.49917289 -9.225837543 -11.9691062877564 7.31073996726296 0.707007218350362 -9.05937553152342 -1.21084757812022 -5.85888895849749
"4241" 1 0 -64.39917289 -6.425837543 -12.8747817070512 6.73075177635641 0.85402709930573 -8.12043345745735 -1.30751325529504 -6.19735858642832
"4251" 2 0 -70.79917289 -14.825837543 -1.1594818774546 3.14850769718578 -0.117612021118465 -11.3637210749548 -1.26792105628539 -7.98620289788705
"4261" 3 0 -69.99917289 -33.225837543 1.82189817485985 -1.0935953562493 -0.889071649798915 -7.57581017021359 0.721928745282804 -5.47392948169083
"4271" 1 0 -65.59917289 -9.725837543 -10.9773857835901 8.38865378646981 0.461697202605709 -8.18209815707418 -1.85842052012275 -6.15678337468239
"4281" 1 0 -64.09917289 -29.625837543 -5.20631600825447 8.35825217723195 3.36705691640671 -8.74515610931506 -0.606160583934461 -7.2711014380832
"4291" 3 0 -64.99917289 -33.325837543 -4.3726094252883 7.09363805524641 3.4488876993956 -8.68586050794793 -0.359353844774916 -6.99453054158406
"4301" 2 0 -61.19917289 -28.225837543 -6.92813259750867 8.80213618437665 3.97113199670364 -9.00185546225753 -0.817378492446361 -7.24720108156014
"4311" 2 0 -76.09917289 -9.025837543 -13.4612143485931 4.43285045569677 1.65380121488109 -9.83988070023988 -3.16618479548161 -7.6404524317963
"4321" 3 0 -77.49917289 6.774162457 -15.9777989034937 2.91014430838388 0.60112022646806 -9.00148794086805 1.6304004977551 -7.50203295867954
"4331" 2 0 -59.49917289 4.074162457 -11.0571324866123 7.64950690994315 -0.574603009804236 -6.49502638638291 -0.597839196865398 -7.05072505662183
"4341" 3 0 -65.39917289 -1.125837543 -14.3947726046803 4.49316718249749 1.82210448576896 -7.07917047647816 -1.78079644430563 -7.97151787885628
"4351" 1 0 -68.79917289 6.574162457 -12.7446636708764 8.11148488210225 0.146085274283817 -7.98655280524798 1.47414892143481 -6.69269756877064
"4361" 2 0 -45.09917289 -10.225837543 -8.49380202657498 9.47340418306266 0.464250536968571 -8.81017086116772 -1.79464324356746 -7.68290939615511
"4371" 2 0 -56.69917289 -27.425837543 -9.43992419718107 6.20401280550238 4.61857739176242 -7.78664890302974 -0.663574584021032 -6.44249665758195
"4381" 1 0 -58.59917289 -24.625837543 -8.12504128539987 8.67892310699242 3.53435832512879 -7.78257989176298 -1.21691512538127 -6.98595639871498
"4391" 2 0 -53.89917289 -7.025837543 -11.8499641940823 7.46504935362049 0.356514079578148 -9.10719939845703 0.236276025498951 -7.25348438557293
"4401" 1 0 -54.99917289 -3.925837543 -12.0050167023645 7.03172143148253 0.246259746203547 -7.19377470332635 -0.458500488509662 -7.14971263116102
"4411" 3 0 -52.49917289 -13.825837543 -9.6520849747676 8.49377505520453 0.751950653037816 -9.61704091956442 -1.58773553379965 -6.80669398262922
"4421" 1 0 -64.69917289 -33.625837543 -4.79656934062901 7.43784381773545 3.67838296692931 -8.61110060575773 -0.351943993875653 -6.9756610395363
"4431" 1 0 -50.09917289 -1.225837543 -14.2122156218482 5.92449924755917 0.311073830391323 -7.60154803871506 0.207019974118281 -7.47791027729212
"4441" 2 0 -68.39917289 -2.225837543 -15.4341361961027 2.49171097499012 2.82194937503255 -7.40833810590739 -2.0551123299452 -8.76273579738598
"4451" 2 0 -78.09917289 -2.525837543 -12.7614993543996 2.00568363320789 1.53837861711332 -8.15506571543568 -1.3536733462907 -8.08991177942892
"4461" 3 0 -58.99917289 -0.925837543 -13.7270635723888 6.12385191149434 0.521461160335519 -7.19983437768973 -0.353354198855561 -7.34425115743698
"447" 3 0 -69.49917289 -11.325837543 -10.4864805792506 7.28768767633457 1.65478134131108 -8.79249161144406 -2.00331693449585 -6.1144619161032
"448" 3 0 -39.39917289 -6.425837543 -9.95317770379978 9.90154878190255 -0.104015753084255 -6.97225056122761 -0.80992211646313 -7.3245354341294
"449" 1 0 -65.39917289 -29.625837543 -5.14181450581733 9.79587078396472 3.75520685499249 -8.19440018763477 -0.409100204685885 -7.64057809335927
"450" 3 0 -69.99917289 -22.425837543 -3.06592290174595 6.80087035215622 0.125930960015878 -5.4883822443688 -1.48906563966514 -7.24254175443475
"451" 3 0 -72.79917289 -2.025837543 -14.5462023678954 3.88239950713517 2.61742493286538 -7.04999003415773 -2.42278974532859 -8.22017840469328
"452" 1 0 -50.19917289 -20.325837543 -8.71684914228326 7.34546978140698 1.52032543096877 -9.06143486305825 -1.96351734242925 -6.61534752868257
"453" 3 0 -75.09917289 -4.325837543 -13.334046901911 5.50279407117313 1.93166946590903 -7.3522705197769 -2.6591068559154 -7.32922030378908
"454" 3 0 -63.49917289 -3.925837543 -12.9221882947027 6.2874280954774 0.861294424653377 -6.67341061734165 -1.40783666594783 -6.82194962494
"455" 1 0 -54.19917289 -16.625837543 -9.72039187080697 8.13878670629589 1.20496017841777 -9.44884739464825 -1.16442765133522 -6.53133799491547
"456" 2 0 -40.79917289 -11.625837543 -8.01104456513704 7.18003729271593 0.981714488167307 -6.02922097396447 -2.15945569170624 -6.81305805895249
"457" 3 0 -48.69917289 -20.725837543 -9.02446929227472 7.26462340551614 1.18871088504139 -9.25612788933731 -1.89255871478842 -6.39426425497269
"458" 1 0 -73.69917289 0.374162457000001 -13.5730229660914 5.51481396902733 1.19139014886708 -7.45323213230571 -0.300459434894056 -6.80952701583239
"459" 3 0 -73.99917289 -1.825837543 -14.730696587787 3.70515519975499 2.49054657973402 -7.1916482497755 -2.1118404280619 -8.34771251360624
"460" 1 0 -63.69917289 -0.625837542999999 -14.0640109508131 5.32638637974768 1.2957659550728 -7.1227473517055 -1.61645058768173 -8.07411114946274
"461" 3 0 -49.29917289 -1.725837543 -13.816380800415 6.66557895753849 -0.441678217476495 -7.93842125432959 0.639160410649415 -7.27950902629869
"462" 2 0 -67.19917289 -2.825837543 -14.5232440144414 3.83428159809641 2.25654483149212 -7.32761596464817 -2.0479368585347 -7.90483681053254
"463" 1 0 -59.19917289 -26.925837543 -7.89687041225052 7.57037405403679 3.84556631820779 -8.1792589864311 -0.864481098264372 -6.41977211160666
"464" 2 0 -57.69917289 -0.525837543 -13.7887474071938 6.32995599762859 0.901036946281337 -7.44813667363245 -0.516974839170499 -7.26370075855171
"465" 1 0 -60.39917289 -9.125837543 -11.249133290409 7.93744945600983 0.526065450124776 -9.23740278327063 -0.668363490736459 -6.11466640377602
"466" 2 0 -41.99917289 -22.525837543 -9.15249831707296 6.97927312351839 1.91748690523932 -5.83831727333141 -1.50377795317764 -5.32292875151054
"467" 1 0 -43.39917289 -15.825837543 -8.11877878478073 8.80910899573485 0.228992186978088 -8.25041348214197 -1.80113050671968 -7.07694347616579
"468" 3 0 -69.19917289 -22.225837543 -2.4138588171533 7.30626465418081 -0.442507318666446 -6.76340293708395 -1.14967837224613 -8.02400845228599
"469" 3 0 -68.09917289 -4.125837543 -13.7355404819712 4.8009122967935 1.62812902556068 -7.47630814794722 -2.07168068250798 -7.13392955328239
"470" 1 0 -47.19917289 -14.125837543 -9.98383025115522 8.48252855095449 -0.0607983075156863 -7.70687795475168 -1.1807342058635 -6.05104179106884
"471" 3 0 -57.39917289 -23.125837543 -9.31197905871536 7.76638440696341 3.42706923969456 -8.04255084530503 -1.41888715142529 -6.6112960680118
"472" 1 0 -59.39917289 -25.725837543 -7.53094554706992 8.56024568699675 3.63606361447531 -8.30646836717303 -1.04366061933942 -7.11816920564476
"473" 1 0 -67.49917289 -6.825837543 -12.9679066476732 6.26273028988228 0.867923458898578 -8.73919843874386 -1.66463211710589 -6.47944849843043
"474" 3 0 -58.89917289 -11.125837543 -10.1535807040192 8.1319203481157 0.370453859723529 -9.48789775707105 -0.715228351733569 -6.50134307535979
"475" 1 0 -74.79917289 -7.525837543 -12.1730094361761 7.04037948444324 1.71994740535688 -7.94893617156534 -2.71119508674487 -7.27089127735835
"476" 3 0 -39.99917289 -19.025837543 -9.8222569821548 7.27795822108255 1.75142915120755 -6.65500772604485 -1.69581357806401 -6.00367775723517
"477" 3 0 -52.79917289 -4.425837543 -11.267226022337 7.36225781834449 -0.25078724795574 -7.12431666066906 -0.498444686626364 -7.06992494914843
"478" 3 0 -60.39917289 -20.625837543 -7.66553511346328 9.98704208306578 2.45625899809425 -7.4650806446671 -1.61659312968569 -7.7072403557475
"479" 1 0 -53.59917289 -5.925837543 -11.4892256846297 6.97283754389992 0.105530654265186 -8.52799687722656 -0.430487539305067 -6.98923746048937
"480" 2 0 -47.59917289 -16.825837543 -8.46535272855657 6.49005370770139 0.435216213069319 -8.88893444056858 -1.56897889920314 -6.34381872730589
"481" 3 0 -60.49917289 -31.825837543 -6.53735135742607 6.97078405858246 4.05363202894267 -7.82109505608457 -0.376755444212473 -6.13085664055901
"482" 1 0 -59.39917289 5.774162457 -13.7454438201752 5.25688223330243 1.21427409159216 -6.95437412390133 -0.937951745648419 -6.65982132846637
"483" 2 0 -46.19917289 -19.825837543 -8.40552294544519 5.99511858559997 0.831382475088035 -9.92830337040958 -1.53637231775291 -5.90682912799448
"484" 3 0 -66.29917289 -25.225837543 -0.514845783714671 5.16804700299245 -0.384163519055291 -8.16915898243751 -0.808577216451169 -7.97430307124874
"485" 2 0 -56.49917289 0.474162457 -13.1595252001629 6.8087127509782 0.745393322799114 -7.67599610301495 -0.540058069901391 -7.27267742942815
"486" 2 0 -62.79917289 5.074162457 -15.3350185596074 4.21413086082136 0.302850469155986 -9.46115754277712 1.55716574434367 -7.98453517532185
"487" 3 0 -76.79917289 -2.325837543 -14.510775875007 3.29353889071033 2.5693720929352 -7.64767063400705 -2.35930873998355 -8.52640725420375
"488" 3 0 -39.29917289 -9.625837543 -7.36101456756432 9.03434561387449 0.66870697346274 -6.50910764954376 -2.13119610680778 -7.45850600700249
"489" 3 0 -70.69917289 -15.925837543 -1.09075090074555 1.76648640212647 -1.58876282824452 -10.0397553002238 -1.43156325564054 -6.91090619838949
"490" 3 0 -69.39917289 -32.625837543 -1.93606948268698 6.12287350695405 2.35095931891532 -6.99259348747804 -0.634895735151871 -7.43095234956373
"491" 1 0 -47.89917289 -13.125837543 -9.63797186865152 7.31661696665549 -0.262032430664321 -8.71952483077182 -0.677566196332849 -6.01272486323396
"492" 3 0 -53.49917289 -24.925837543 -8.93495325253343 4.49267973503972 3.65637008879755 -8.56221244682908 -1.31894652967206 -6.98816663557883
"493" 3 0 -56.09917289 -8.625837543 -11.7353211153951 7.37734052789558 0.577003777091749 -9.81259644699999 0.845784188349732 -7.38977152521973
"494" 3 0 -47.89917289 -7.825837543 -11.4362579695277 8.64059746632433 0.0532906905647981 -7.93618276326491 0.0376919864823697 -7.16065333923609
"495" 1 0 -73.99917289 -3.325837543 -14.7721593374052 3.50315595820951 2.97589215961174 -7.55895452605746 -2.84706890227701 -8.56198686784337
"496" 2 0 -57.69917289 4.274162457 -12.9473463962051 6.96046361532784 0.545261327310089 -7.4084038032092 -0.595775748910299 -6.52001151300979
"497" 3 0 -73.59917289 4.374162457 -12.8737916889128 0.402443399964077 0.0699968444757383 -10.594748379827 0.748803000415509 -6.33040447878593
"498" 2 0 -64.79917289 -21.725837543 -4.25352517178202 7.63711562036563 1.22823642380276 -9.79912576102835 -1.29686689773217 -8.20333431996053
"499" 1 0 -53.29917289 -4.825837543 -11.3418035133736 7.34131786355309 -0.129059119144093 -7.48863655029053 -0.487291793633459 -7.10493568343325
"500" 1 0 -65.59917289 -19.125837543 -3.44286562714375 5.40188762304984 -0.592619243572322 -8.91627292927555 -1.27049438929932 -7.58708765693876
