"group.all" "pa" "lon" "lat" "layer.1" "layer.2" "layer.3" "layer.4" "layer.5" "layer.6"
"5" 2 1 -39.832778 -15.150278 -9.24121614369035 7.3668066095974 1.21713480126767 -5.4610233887975 -1.86901924458205 -5.89701366501293
"6" 3 1 -36.494167 -10.339722 -10.4923136072558 7.84047058043696 0.78147541128632 -6.25091391395252 -0.787790449655743 -6.34856655799778
"7" 1 1 -46.106111 -1.335556 -12.7156941093389 7.50794197658948 -0.904186690763455 -7.1677172230505 1.42674324419395 -6.5418050134231
"8" 1 1 -43.780556 -18.993056 -8.70889652989631 7.03942830804221 0.938344081766143 -9.71402281090783 -1.3248217897102 -6.05858465094826
"9" 3 1 -43.776111 -19.004167 -8.70889652989631 7.03942830804221 0.938344081766143 -9.71402281090783 -1.3248217897102 -6.05858465094826
"10" 3 1 -55.216389 -3.3625 -12.1568209411344 7.30356922046311 0.183369202562633 -6.96118552896121 -0.404877469924327 -7.26535740760488
"11" 3 1 -72.901944 -7.598056 -12.2325251344282 6.25953759345516 1.4583499363544 -8.13770081397212 -1.89860920911316 -6.23138242272013
"12" 1 1 -59 -2 -13.4354478162849 6.35119063013583 0.636708785014325 -6.83279661141771 -0.574613840316798 -7.14318073298248
"13" 1 1 -61.75 0.4775 -13.5097675500523 6.35534251627792 0.631586016129539 -7.32505565237381 -1.16517547980975 -7.68340744735875
"14" 2 1 -72.286389 -9.047778 -11.4528021024783 7.26028528302852 0.953279309681637 -8.37552353657565 -2.39200771967097 -6.27052202205058
"15" 2 1 -68.1375 -9.716389 -11.5924044051083 7.34258471569656 0.847403368168522 -8.55851542259049 -1.79737979289411 -6.47593413793676
"16" 1 1 -65.041944 -9.559444 -11.4951340148615 7.78249661811787 0.71771255073977 -8.2142978205862 -1.7980995959272 -6.23235476502908
"17" 3 1 -65.45 -9.616667 -11.0993066121506 8.30003721086866 0.481604860955874 -8.13680297892068 -1.88631186167498 -6.19122560681836
"18" 2 1 -42.089722 -19.57 -8.73868506232585 7.43619772500694 1.28867372597781 -9.01750749466329 -1.54569378707334 -6.41863818554397
"19" 3 1 -51.455278 -1.727222 -13.0534297521268 6.94215765462355 0.245358931385183 -7.10537681739027 -0.529410220234529 -7.36305583448273
"20" 1 1 -54.933611 -2.511944 -12.0566047501079 7.27477707291786 -0.121981387161854 -7.3886212390205 -0.195784783524372 -6.48763625639186
"21" 2 1 -41.72 -21.883889 -8.97275313598126 7.56681510864944 2.14234953969228 -7.07413751479405 -1.3508577346016 -5.76020738840028
"1" 2 0 -63.89917289 -34.425837543 -4.82205118921139 7.76988118740511 4.21765795875016 -8.51981114032976 -0.170024957122345 -6.99036795853593
"2" 3 0 -65.89917289 -7.325837543 -12.4449770694493 6.79496842726483 0.793072824332311 -8.38313952654583 -1.73188571284255 -6.25403144122163
"3" 2 0 -60.49917289 -22.225837543 -7.85851148665635 10.1077464363095 2.9225731804283 -7.87154448877989 -1.44519440289298 -7.56372365166848
"4" 1 0 -67.09917289 -11.225837543 -11.1589221054537 7.9230993801619 1.22083810511521 -8.3012236442229 -1.75813468717759 -6.37715715440279
"510" 1 0 -51.99917289 1.674162457 -13.1371320363436 6.09594421417446 0.593552281082567 -7.29809400330689 0.197478188448723 -6.68751583814638
"610" 1 0 -41.69917289 -3.625837543 -11.0693061111745 8.99877614158103 -0.739313415559858 -7.24942291937113 -0.150582723691873 -7.56847106135883
"710" 2 0 -69.09917289 -34.725837543 -1.97440317400216 5.34178849404266 3.19042192586782 -7.34126947840895 -0.18332004127947 -7.53379203110705
"810" 3 0 -44.19917289 -13.125837543 -8.24054077199122 8.92639873957699 0.0869216047216604 -8.28423120729522 -1.94454822813104 -7.38220671191195
"910" 1 0 -56.89917289 -15.825837543 -9.81057894613572 8.1097896793678 1.45346987245207 -8.60001048664135 -2.18461029340779 -6.52924434044857
"1010" 2 0 -57.69917289 -36.725837543 -4.92787378369301 6.00687442390482 4.44944205868266 -6.55779993132955 -0.244346282120532 -6.18606400064476
"1110" 2 0 -39.29917289 -12.825837543 -9.33186239772531 6.56421532807289 1.71608204756831 -4.5196737822836 -1.81570643411541 -5.40898510308987
"1210" 2 0 -54.69917289 4.074162457 -13.6329119805211 5.98421229609485 0.873304216291187 -7.52716750648337 -0.116083072808365 -6.624558916425
"1310" 2 0 -52.69917289 -14.425837543 -9.6690153670097 8.32726702269585 0.834267025276073 -9.84165066255911 -1.54573223727116 -6.86368707092438
"1410" 2 0 -61.19917289 3.374162457 -11.8572230282659 8.14576472645678 -0.686646319307594 -7.43075523931727 -0.461176903344307 -7.54667290589507
"1510" 3 0 -68.89917289 -3.625837543 -13.8394218613993 4.58885312227281 1.87091400677908 -7.58665923555682 -2.50043157962013 -7.23329309377232
"1610" 1 0 -55.69917289 -29.925837543 -8.2132848588681 4.77386715212728 4.89020896230593 -7.47934773150535 -0.554684278426475 -6.72683675062171
"1710" 2 0 -44.89917289 -4.225837543 -11.7316984326839 8.92836708108316 -0.648405208239429 -7.65155956695243 -0.0988089880776668 -7.06169169658262
"1810" 1 0 -72.29917289 -8.825837543 -11.481093222927 7.16145708792782 0.993951509995614 -8.36968897522448 -2.25698142373534 -6.27603315149466
"1910" 1 0 -48.69917289 -2.525837543 -13.7804723886948 6.75909598390613 -0.570977929323094 -8.19612010160642 0.790323280379651 -7.77307979690029
"2010" 1 0 -63.19917289 3.774162457 -13.3972579206159 4.94730482529267 1.2351348757242 -7.69491752993189 -1.56311282079198 -8.09518173740754
"2110" 2 0 -55.49917289 0.774162457000001 -12.3976619875905 6.76407954107053 0.309942439329603 -7.73348599776466 -0.405999794723331 -6.93914632887501
"22" 1 0 -54.19917289 -14.725837543 -9.55077610544209 6.88070696359067 0.756200512173198 -10.4495898820053 -1.21366895618519 -6.40011596773094
"23" 1 0 -67.49917289 -1.925837543 -15.111168419083 2.97913212758085 2.48569555608676 -7.2850005244212 -1.72807874878168 -8.49087613075039
"24" 1 0 -72.29917289 -13.125837543 -1.74779944586895 1.55975696911722 -1.50532877450046 -9.28856160051812 -1.27896792874506 -6.67704609291051
"25" 1 0 -42.59917289 -9.125837543 -8.66715244116502 10.5240993844014 0.147233912766755 -8.10585206671211 -2.4584495654855 -8.43688298194465
"26" 1 0 -40.69917289 -6.425837543 -8.61596284639883 9.45522616305722 -0.804489419797299 -6.53118236121748 -1.49195223803284 -7.17044748757774
"27" 2 0 -70.39917289 -2.025837543 -14.8020014194403 3.46074141590022 2.29872297288975 -7.66196548417229 -2.27427135032157 -7.81080681214177
"28" 2 0 -62.79917289 -0.525837543 -13.5421088078299 6.16421155917614 0.735842054405225 -7.1232897426886 -1.19351816626282 -7.71937197710134
"29" 2 0 -55.09917289 -9.125837543 -11.5550816588117 7.34278843397753 0.493690174858355 -10.4112571593969 1.08727027640713 -7.55633400517177
"30" 1 0 -64.39917289 -33.125837543 -5.16653016706688 7.04937264586852 3.37438904379107 -8.33007488033084 -0.376922349689625 -6.45879949261127
"31" 2 0 -48.69917289 -12.025837543 -10.2933996668598 9.31304062724257 0.439322149041862 -8.48090240665626 -1.17662972975856 -6.66629614729721
"32" 3 0 -63.39917289 -19.325837543 -7.39041353847078 8.46780233898081 1.26909312751141 -8.30026698888495 -1.58955894682877 -7.17824924437888
"33" 1 0 -59.29917289 -24.125837543 -7.73074285985614 8.94979265077595 3.4264204584824 -7.8297458832587 -1.25203354427163 -7.35037177566753
"34" 2 0 -69.59917289 -30.525837543 0.915822003549027 1.32821966324362 -0.305574647256888 -6.31653448476016 -0.602578879055607 -6.26803957223448
"35" 3 0 -52.49917289 0.674162457 -13.0300795122024 5.67319547679012 0.622474560510314 -7.09044426301737 -0.303939510062981 -6.78447911511626
"36" 3 0 -40.49917289 -12.725837543 -8.34655130031656 8.10012020936871 0.775957766748462 -5.8095846922927 -2.16240199279717 -6.47259996657519
"37" 3 0 -61.89917289 -32.625837543 -5.72463303108324 7.2536594547945 3.91188241973554 -8.18054248183855 -0.417882797244721 -6.57319333847395
"38" 1 0 -50.29917289 -5.025837543 -12.3242169495233 7.43923509405391 -0.577765087492073 -7.75664947940653 0.324521841659491 -7.31554003869862
"39" 2 0 -60.39917289 3.374162457 -12.0386594296168 8.27928357927753 -0.782638993798206 -7.37031996015459 -0.196556656604123 -7.30385978198245
"40" 3 0 -78.59917289 8.974162457 -12.6841407893829 5.74786851523091 -0.583549372401393 -7.62356521376294 0.499897622447548 -5.60382555034857
"41" 2 0 -48.99917289 -4.025837543 -13.0651757489495 7.53793496194955 -1.05472654705893 -8.06380271779419 1.16287279738406 -7.57812838581069
"42" 1 0 -41.39917289 -8.925837543 -8.18890720902915 10.2629567807498 -0.0334873036364529 -7.39502397698621 -2.33237765256252 -8.29927561084755
"43" 1 0 -71.49917289 -31.625837543 -3.95812182951194 7.34807178535888 0.326731199404282 -5.6968766031188 -0.250870418210754 -6.68875400940561
"44" 2 0 -45.89917289 -11.625837543 -9.2076175282661 8.49844810068736 -0.0946590469572853 -8.62221586358818 -1.25835412431362 -6.90414275804082
"45" 2 0 -64.09917289 2.174162457 -12.8336582011311 5.5431427783807 0.687230106529842 -7.46316644844928 -1.72608178365555 -7.60592465122155
"46" 2 0 -57.79917289 -15.325837543 -10.5554062503824 8.18530608001341 1.46084627380679 -9.8795025054546 -2.13971356435191 -6.51663151121935
"47" 3 0 -73.99917289 -15.325837543 -2.5702934620179 4.53204743666158 -1.92026717315247 -9.45104110730233 -1.87154801603118 -7.95688399083265
"48" 3 0 -49.99917289 -27.725837543 -7.89267810855237 3.73766477598777 3.50708456445719 -7.11261603984919 -1.0321363828627 -5.95318838511825
"49" 2 0 -69.59917289 -10.725837543 -10.5211142684774 7.46982390042787 1.01992695129613 -8.76887384516726 -2.20099357427525 -6.10807083863061
"50" 1 0 -49.29917289 -19.525837543 -9.40128166806903 7.91761041330055 1.20806398817994 -9.59651624219044 -2.0009526082109 -6.5876972016378
"51" 1 0 -74.39917289 -6.325837543 -13.0844866209273 6.33709296490047 1.82526213666951 -7.99303197149443 -2.42993555865862 -7.19786816222618
"52" 2 0 -61.89917289 -15.025837543 -9.34664142731073 8.41334204868169 1.30385719892633 -8.78223189480593 -1.89265237393766 -7.10379206959076
"53" 2 0 -59.19917289 -0.725837542999999 -13.5758675677664 6.35292335049986 0.621523198975892 -7.31678935009246 -0.710275616208845 -7.10743227665411
"54" 2 0 -71.09917289 -3.425837543 -14.2801845066401 4.18972836991241 2.21537195543773 -7.58301522877735 -2.35508884083966 -7.60118573327741
"55" 3 0 -68.69917289 -27.925837543 1.99714098962644 -0.33330067858363 -1.64919017509444 -6.47834483441988 -1.1010003424317 -6.15206732291935
"56" 3 0 -69.89917289 -18.925837543 -2.8273319552663 7.94282663479018 -1.00940814952045 -6.86441128990917 -1.17826924581895 -8.25916230523006
"57" 3 0 -39.49917289 -10.025837543 -7.42869505139871 8.56697437946523 0.737389630748915 -6.3000422152286 -2.18170766387232 -7.35950733683625
"58" 3 0 -77.99917289 0.574162457 -5.51360042370279 3.45842089824026 -1.76638567611836 -6.34866676252259 -2.60150541373042 -6.45254242016008
"59" 2 0 -61.29917289 -12.525837543 -9.67891090114482 7.52629401702554 0.565457195046506 -9.30413182743116 -1.44873992790695 -6.46233244799247
"60" 1 0 -66.89917289 -5.625837543 -13.1701761132008 5.93395133891311 1.04039054799869 -8.08714154888085 -1.75647634378735 -6.3632550625841
"61" 3 0 -63.59917289 -21.625837543 -6.59989360583485 8.33272413700498 2.33238780073721 -9.22494089941064 -0.937044585268486 -6.88572860401657
"62" 1 0 -47.99917289 -1.125837543 -13.6828180507217 6.39006422360874 -0.486598004570861 -7.46279490759331 0.747570388824937 -7.11724503987868
"63" 3 0 -78.99917289 -7.125837543 -5.91568226407892 8.0818110556788 -1.13223172069705 -7.42852273931413 -2.14054041363163 -7.84632338327819
"64" 1 0 -65.89917289 3.374162457 -15.0154192722566 4.59111875127839 1.1565838521154 -9.04599162595237 0.0386822647528267 -8.27727474843082
"65" 1 0 -56.59917289 -22.325837543 -9.42411603970562 7.24803272018273 3.02607701397588 -7.82013181166988 -1.46937592871326 -6.56470342976814
"66" 2 0 -71.09917289 -6.325837543 -12.9462747279919 5.72947270134176 1.51149995017267 -8.19122213101884 -2.3510221820916 -6.73214549201902
"67" 3 0 -62.59917289 -27.825837543 -6.03947697131442 9.60370065130864 3.785034545995 -8.84709225870002 -0.731447559239349 -7.80458886618041
"68" 1 0 -68.99917289 -33.325837543 -2.56142486817685 7.28658909857525 3.65810075875566 -7.90569713057231 -0.360437140982503 -7.9235109628576
"69" 2 0 -70.49917289 -26.825837543 -3.04543261875988 7.03599137448094 -0.968225698583669 -5.47277846292574 -0.933540673901948 -7.02253600878213
"70" 2 0 -68.49917289 -3.425837543 -14.2119517402646 4.03272377537865 2.01152129350406 -7.36203204762546 -2.10702402844104 -7.66707783325697
"71" 1 0 -53.09917289 3.574162457 -12.6795861296007 5.54286468705356 0.771617021915598 -7.38835510148049 -0.152694297186667 -6.58192365403281
"72" 3 0 -58.09917289 -26.325837543 -8.96943502262236 7.19309849759855 4.0959904958031 -7.89741465900145 -1.02027745190475 -6.07393318306997
"73" 2 0 -67.49917289 -2.225837543 -14.9471159518748 3.18059267785892 2.52765015691191 -7.30681655743339 -1.81026120081669 -8.34020792710339
"74" 3 0 -59.39917289 -22.125837543 -7.75019443640922 9.87740039896124 2.82553719085535 -7.33034911146761 -1.54006476358617 -7.48153011684591
"75" 3 0 -69.49917289 -30.525837543 -0.0336649191587158 3.15321934217399 0.631151756273387 -6.39376915949512 -0.670754522207986 -6.74806740128195
"76" 2 0 -68.79917289 1.874162457 -15.1410263840749 3.90436120291393 1.91149406580811 -8.22458667943495 -0.825071447861948 -8.42988780947581
"77" 1 0 -75.09917289 0.774162457000001 -13.4648586370737 5.22385056115183 1.19304412192433 -7.23216390030042 -0.470580002010567 -6.96178644519222
"78" 2 0 -51.69917289 -7.925837543 -10.7947295636146 7.54824494845194 0.41784380566681 -9.82221718461514 -1.81955408841464 -6.58749676929925
"79" 3 0 -59.49917289 -31.425837543 -6.71551589833649 6.97997205303502 4.2941273198256 -7.87070008154812 -0.407132586662511 -6.35513901800386
"80" 1 0 -44.39917289 -17.525837543 -8.40570984011022 8.0340657153728 0.66227490814112 -9.33368367839228 -1.5596646224964 -6.71435040026908
"81" 1 0 -51.09917289 -14.425837543 -10.5013614995982 8.61440448753924 0.483545875128958 -9.03398579031955 -1.54833213103755 -6.40956845593122
"82" 2 0 -53.89917289 3.874162457 -12.6565238339986 5.54809734275613 0.694060440463581 -7.11653758112739 -0.357280610671631 -6.50209874910455
"83" 3 0 -57.29917289 -8.725837543 -11.5916537203841 8.14140197106745 0.877341029283868 -9.82256057734692 -0.621017336504326 -6.36929138880048
"84" 3 0 -73.09917289 11.074162457 -10.1487087082276 7.68746771050123 -0.374962084391016 -7.63795601029528 -1.82386030786924 -6.47663721528975
"85" 1 0 -47.59917289 -23.125837543 -8.18421246649858 6.47429329192187 1.75640635154599 -8.17683905382399 -1.52599446054904 -6.01759583822008
"86" 2 0 -50.19917289 -29.925837543 -8.81594618432578 3.88488527093754 3.99864847121332 -5.42571890119218 -0.56286843945516 -5.24360515596916
"87" 1 0 -58.59917289 -17.925837543 -9.66394796288548 8.3057112781622 1.94689187441341 -8.46297632664363 -2.04041556348591 -7.02188388241028
"88" 2 0 -67.99917289 2.774162457 -15.1785630854103 4.76018115224614 1.27421232107065 -8.83471228409543 0.211437798817799 -8.30897553880975
"89" 1 0 -51.79917289 1.874162457 -13.1329712495936 5.93981143540993 0.424911963156512 -7.48550410509356 0.609213046086791 -6.62149771517618
"90" 3 0 -69.49917289 -2.025837543 -15.0631025539997 3.02551520313127 2.31536794697999 -8.14492992210819 -2.34241871894905 -7.80111734061603
"91" 3 0 -52.09917289 2.074162457 -13.0036579730012 5.9547905142903 0.570983130947519 -7.53786412548225 0.446098832226305 -6.62950442994799
"92" 3 0 -44.89917289 -2.925837543 -12.1684926876231 8.23483939574251 -0.717576770889405 -7.10744551476931 -0.243073614126457 -6.69262097709898
"93" 2 0 -75.29917289 1.574162457 -14.5292146146801 4.47165672065722 1.13765024918986 -8.01566078283003 0.180958820272939 -7.46295789494343
"94" 2 0 -65.59917289 9.474162457 -9.93960708722504 9.66424145412511 -0.372582784210166 -6.88920177921233 -1.18118583945034 -7.91064828248777
"95" 2 0 -73.49917289 0.374162457000001 -13.581960025673 5.61335816412675 1.17858785814344 -7.42397553727591 -0.313591969395049 -6.79846798862078
"96" 3 0 -70.99917289 -33.925837543 -3.78913988515567 6.06700110544234 0.961625055816194 -7.79311188672433 1.28301722701002 -6.86693745106477
"97" 3 0 -63.69917289 -2.025837543 -14.5257714848236 4.71015059824849 1.61235909793775 -7.19710757662951 -1.35819503876258 -7.95632587386404
"98" 3 0 -59.89917289 -15.325837543 -9.64050975869469 8.46710812227839 1.08958462817903 -9.00078740659795 -1.36789130535176 -7.05223556212405
"99" 1 0 -71.89917289 -6.025837543 -13.0871100233595 5.45510463278687 1.71161436093838 -8.16851433271571 -2.53565051634619 -6.75433494591994
"100" 2 0 -60.69917289 -22.625837543 -7.39263305241248 10.0226042677843 2.92235011937255 -7.81991616470584 -1.37759483855671 -7.6101936182343
"101" 3 0 -71.19917289 5.474162457 -12.0785365579777 7.89519730165266 0.189363568022007 -7.05195250010198 0.227790316172374 -6.63184061780506
"102" 2 0 -70.79917289 -14.325837543 -0.470169035875968 0.912528943859378 -0.8405521225619 -10.6151423985316 -1.16289662640437 -6.84584308292684
"103" 1 0 -75.29917289 10.674162457 -10.7984525709656 8.87252712830146 -0.645158221172523 -6.32711511446313 -2.02898311443869 -5.78670817188152
"104" 2 0 -56.09917289 2.374162457 -11.550392184804 6.91896045861282 -0.133713276727318 -7.54058844371562 -0.519592383226216 -6.70191655428989
"105" 2 0 -54.39917289 -14.225837543 -9.79915323065089 7.84027614695335 0.863135944974557 -9.88038510555666 -1.54295414340762 -6.67888856041811
"106" 3 0 -67.49917289 -16.825837543 -0.312606718691944 1.0686647294339 -1.8729093545917 -8.849727868142 -1.00569202944383 -6.64839448090078
"107" 1 0 -74.99917289 -7.325837543 -12.0324685120629 7.31288030105179 1.70601446993597 -7.71013160493097 -2.80407870655356 -7.48519484325116
"108" 2 0 -59.49917289 -3.325837543 -13.3530030324876 6.44290566137156 0.874941515699199 -6.55341488305766 -0.807127346503534 -7.0073130632716
"109" 2 0 -40.29917289 -13.125837543 -7.56167150265948 6.33368082440963 0.620095934324163 -5.38564485528127 -1.9501707957949 -5.87392764408623
"110" 2 0 -66.59917289 -15.025837543 -11.0824351878227 6.99601879168635 2.05879813509893 -8.5588870306934 -1.54214083378147 -6.22741687690954
"111" 1 0 -40.19917289 -10.125837543 -7.74203040717168 8.62556903827243 0.701633898782743 -6.44961992839892 -2.30151816315052 -7.39688752168477
"112" 3 0 -67.19917289 3.674162457 -14.8547990580405 5.92633263151818 0.667565492057173 -8.79686234971079 1.19451008054316 -7.84962723914985
"113" 2 0 -40.49917289 -11.825837543 -8.26373724594155 6.86486550957876 1.23331138605817 -5.90587877692689 -2.06904484393683 -6.69024027710312
"114" 1 0 -57.99917289 -6.625837543 -11.9416348670258 7.82866563657904 0.957708624464602 -8.61661362996797 -0.807294403680103 -6.10849186500161
"115" 1 0 -69.69917289 8.874162457 -11.4058670123242 8.97844848613125 -0.0737035762488919 -7.02578316566687 -0.294276772600603 -7.00480836929445
"116" 2 0 -46.59917289 -17.525837543 -9.59482138793213 7.8532478943593 0.652379083580391 -9.27821758093013 -1.97389271084351 -6.41460331144108
"117" 3 0 -38.49917289 -8.725837543 -7.98735225157421 9.85029076290984 0.102794032650779 -6.16391790485023 -1.85142330791482 -7.27459433800966
"118" 1 0 -58.99917289 -24.825837543 -7.82058688789375 8.80393128966245 3.62585732989357 -7.98803455208161 -1.15518226344941 -7.12802537649922
"119" 3 0 -39.49917289 -9.525837543 -7.43710731754075 9.55120498389437 0.519451951416135 -6.64975182078434 -2.1230253364292 -7.68597588966712
"120" 2 0 -58.69917289 -36.825837543 -5.28625989861364 5.76416927693332 4.37264654674288 -7.33663876081853 -0.347263935710906 -6.37866385714884
"121" 2 0 -77.19917289 -6.625837543 -8.21404467292703 5.98002419693144 0.241444614688814 -6.59284870710899 -2.54814029096499 -6.92363803449978
"122" 2 0 -57.29917289 -20.225837543 -9.77238972054677 8.44663203482192 2.4284932391515 -8.04983837563609 -1.82404959056052 -6.62478715539611
"123" 1 0 -73.99917289 -4.725837543 -13.7574615838513 5.41864549369733 2.1753358279306 -7.6778312604371 -2.82112977959117 -7.43237903569453
"124" 2 0 -38.29917289 -12.825837543 -11.0622710333561 6.41213591274023 1.25681576277376 -5.41946768093163 -1.02257105575046 -5.77039926871587
"125" 1 0 -76.39917289 4.974162457 -19.9668402754798 -1.86514779337224 3.9488202228325 -10.2576397041919 -0.951773446936159 -11.3337579259051
"126" 1 0 -72.29917289 8.074162457 -11.7624870621607 6.02530579586869 1.27471386436229 -7.4639970200295 -2.5358385159665 -7.61406854157133
"127" 3 0 -63.29917289 8.274162457 -10.3025471410511 9.63089021161183 -0.0067441499275559 -6.29854429218026 -1.98678105327933 -6.9005306931862
"128" 2 0 -45.69917289 -11.325837543 -8.69812495581755 8.70696908398348 0.364967043017428 -8.99143335671499 -1.85415131622385 -7.21001181767994
"129" 1 0 -39.29917289 -7.625837543 -8.01281712883162 7.66569095354174 -0.25788610316824 -7.08228519487611 -1.43576047581988 -6.47685229631191
"130" 2 0 -59.49917289 -13.625837543 -9.90263237260459 6.93440814216835 0.625683365438207 -9.8919689843046 -1.17546972814751 -6.3990370122055
"131" 1 0 -72.39917289 -13.225837543 -5.66926872013462 5.54123099542326 -0.779820454223282 -9.13458261345968 -1.98457684722668 -7.580810593374
"132" 3 0 -57.29917289 -3.025837543 -13.4057416438996 6.60994810770023 0.625187549726001 -6.73742444359924 -0.293773580146472 -6.94718641167054
"133" 3 0 -66.69917289 -10.425837543 -11.3107808397325 7.94432491204151 0.984222350530486 -8.44638472408114 -1.77953035873261 -6.25271735057728
"134" 1 0 -71.19917289 0.474162457 -14.2546819222681 4.50649979941551 1.79598567182001 -7.43074926726145 -0.784738928207394 -7.37352652777716
"135" 2 0 -65.89917289 -14.225837543 -10.9962422206864 7.59845861073628 1.65333214021793 -8.75032173100101 -1.68860051284041 -6.53451503971991
"136" 1 0 -56.89917289 -3.725837543 -13.4404566914574 6.39924674312877 0.673611409254956 -7.03093805375081 -0.304182204443005 -7.32001619883969
"137" 1 0 -70.99917289 3.474162457 -13.0367477356362 6.95888491967889 0.45451630811332 -7.63832404531411 0.968418010565857 -6.54947077501774
"138" 3 0 -47.09917289 -24.325837543 -9.89363133058728 2.78151809898676 2.92791186322014 -8.85220571132335 -1.13513877772852 -4.85997057721793
"139" 1 0 -57.99917289 -0.725837542999999 -13.7077681780153 6.37559270325331 0.756810375960177 -7.34931748116589 -0.550271971153823 -7.22951046864161
"140" 2 0 -38.39917289 -8.025837543 -8.2887989656107 9.03224175767834 0.221973507358924 -6.71733655156794 -1.49864178183637 -6.83029209204893
"141" 3 0 -67.69917289 -8.725837543 -11.7367898549587 7.1566692673952 0.707070358687229 -8.86543910762368 -1.7645593792446 -6.481102147373
"142" 3 0 -44.49917289 -8.625837543 -8.96736841749342 9.42705283046497 -0.0838583527257304 -7.31470981139607 -1.57933496620655 -7.45128669398064
"143" 1 0 -60.69917289 2.274162457 -11.988492699869 8.19549418510249 -0.563575278993635 -7.21031496851607 -0.0847524870132899 -7.46662543871095
"144" 3 0 -69.39917289 -20.825837543 -4.08987251945112 7.81527318941487 1.23395809653175 -4.93168087830277 -1.42553059056044 -6.89248600851539
"145" 2 0 -42.59917289 -11.125837543 -7.61885057512356 9.09917599693095 -0.0375944290191406 -7.86558473978629 -1.94750485512059 -7.73270115586804
"146" 2 0 -76.29917289 0.374162457000001 -15.4058743283053 2.43539336752706 2.65337388340533 -8.31865284556584 -1.7452711845241 -8.52389698615597
"147" 1 0 -70.09917289 -34.225837543 -1.24429300700307 2.31075702474157 0.183469681544775 -7.93666170965688 1.17272697087468 -6.32491998134153
"148" 2 0 -69.39917289 -1.325837543 -15.2485478604752 3.18559552284964 2.27903735684563 -7.84217110629293 -2.03986160726691 -7.94580807378862
"149" 1 0 -67.79917289 -4.725837543 -13.4938459554216 5.29148024770831 1.4258265863581 -7.72681761710314 -1.97071593865698 -6.7737294207448
"150" 1 0 -59.09917289 -35.225837543 -5.97862163781612 6.16214279324174 4.66157956733692 -7.57874489962397 -0.336172904604687 -6.5106166319613
"151" 2 0 -73.99917289 5.174162457 -5.74448735803331 1.65349701291284 -1.08531140185033 -6.20824517917958 -2.02630539300606 -5.25213452234821
"152" 1 0 -59.19917289 6.174162457 -13.2579852393994 5.33922694367033 1.33923035807664 -6.4030043757048 -1.29363214803545 -6.43615183732046
"153" 2 0 -56.89917289 -23.225837543 -9.29790474845679 7.38235798423437 3.32872573816306 -7.98749667017775 -1.29965842329026 -6.57522426149662
"154" 3 0 -48.79917289 -9.925837543 -11.1933260254491 8.5140411684825 0.174390153923456 -9.15929835264873 -0.96806006313034 -6.40774896632873
"155" 1 0 -45.69917289 -10.325837543 -8.65588670048153 8.63731524969123 0.290291154004372 -9.00019521936677 -1.72134353558669 -7.20458189474312
"156" 2 0 -41.49917289 -12.725837543 -6.79148870722975 6.10854270706944 0.224671085476909 -6.95254498208099 -2.10110659310058 -6.68261811791616
"157" 2 0 -61.69917289 6.274162457 -13.4803047651698 5.90894707938729 1.17348306996178 -8.31639861106325 -2.09894504061381 -6.93400784118222
"158" 1 0 -60.89917289 -12.825837543 -9.7832316176341 7.22208028147174 0.604904422481142 -9.44042897302255 -1.377460905034 -6.31706472912866
"159" 2 0 -72.99917289 -12.925837543 -6.44144034205354 4.82283115798974 -0.377477283176508 -9.95042311563242 -1.99280485743044 -7.37618276275895
"160" 1 0 -47.19917289 -14.725837543 -9.9186689028304 8.4978815768715 -0.00982627129040314 -7.87711131001345 -1.13335474645411 -6.14501008171546
"161" 2 0 -74.49917289 -11.425837543 -10.5535041793239 6.43715716470717 0.834407147720058 -8.49451547778009 -2.56903259639497 -7.15073512680927
"162" 3 0 -50.69917289 -18.325837543 -10.0501762325657 7.62708344705605 0.621551026026135 -8.96495758503909 -1.54101149821214 -6.32176376852563
"163" 3 0 -69.79917289 -22.825837543 -3.63795356215711 7.44939764684343 0.430094910048418 -5.30753115057133 -1.46029160008023 -7.17988576834538
"164" 1 0 -71.99917289 -4.925837543 -13.3984384687059 5.19820450597861 1.89718203621067 -7.77271365020128 -2.57164424043598 -7.05669785601363
"165" 1 0 -67.89917289 -32.825837543 -3.28377051146471 9.19023064090422 3.84323840948944 -8.10111233881574 -0.113004271393135 -8.10539302406919
"166" 1 0 -49.19917289 -5.725837543 -12.1503183132742 7.84551562186976 -0.296276048258737 -7.64705876018704 0.0855945719379838 -6.95228504376407
"167" 3 0 -77.09917289 -6.125837543 -10.2280022705637 5.71593511138858 1.44566327623423 -6.24123931364604 -2.21745048657938 -5.90584216397736
"168" 1 0 -35.09917289 -7.325837543 -10.3175928302722 7.35840206417943 0.444768422553971 -6.71405089100187 -1.1037577235392 -6.54322654942059
"169" 1 0 -43.49917289 -16.725837543 -7.84998851149164 7.61123503693026 0.0356582086553401 -8.67963137526947 -1.65425847730107 -6.73578524401642
"170" 3 0 -72.59917289 -16.125837543 -4.3696029618238 8.6122121297048 -1.70764295335406 -6.65682256369956 -2.24060589468523 -8.90322791843643
"171" 3 0 -60.99917289 -21.525837543 -7.48783107852995 9.98127318471739 2.83256411802703 -7.84089098137885 -1.21676066971674 -7.55257392076802
"172" 2 0 -69.89917289 -33.525837543 2.19838990977474 -2.15092623673845 -0.99108288765849 -7.64803612718875 0.699162059218718 -5.32358423648407
"173" 1 0 -60.69917289 -7.125837543 -13.0834774193511 6.5370637660224 0.952227816511886 -8.72900972488941 -0.237005427572855 -6.59793115864894
"174" 2 0 -52.19917289 -18.125837543 -9.8390963587834 7.25737235829603 0.726221416984326 -8.87690555238608 -1.47013513932035 -6.32683374118168
"175" 1 0 -62.39917289 -35.725837543 -4.71440111261338 6.88557928829092 4.35141525371211 -7.88265945951044 -0.0374760641987273 -6.69290704972182
"176" 1 0 -46.99917289 -3.525837543 -11.5403452842945 8.50170996102752 -0.735842065096089 -7.68643193363495 -0.999984942191158 -6.96548060836815
"177" 1 0 -66.99917289 -24.025837543 0.0676260911877244 4.98804204019291 -0.676873769419308 -8.43508807201062 -0.894706889817583 -8.43513356284091
"178" 2 0 -45.19917289 -11.925837543 -8.82720161843908 8.68520611729686 0.369666741927604 -9.1759123628089 -1.78448689427052 -7.16710087258959
"179" 2 0 -72.09917289 0.974162457 -13.6098438556596 5.85430843255366 1.24398109021917 -7.40985579159706 -0.114269741466773 -6.87061934795277
"180" 3 0 -68.09917289 -27.225837543 -0.506718149750778 3.7715348907053 -0.722914238051114 -6.47723074249865 -1.15815439081368 -7.00905910293548
"181" 3 0 -50.69917289 -0.425837543 -14.5611432440044 5.65067678835102 0.0757480914932906 -7.68403482766666 1.22796451249735 -6.88903611013879
"182" 1 0 -50.29917289 -3.225837543 -13.2775461400849 7.09885397086285 -0.636143437894406 -8.09388453144771 0.850297291249127 -7.47428645085783
"183" 1 0 -60.79917289 -36.225837543 -5.44123937157343 6.20714113195499 4.43236083056725 -7.98829808171357 -0.157832737485392 -6.35918152059206
"184" 3 0 -35.29917289 -8.125837543 -9.69714915526879 7.30549063324178 0.500960627207177 -5.38855701713508 -1.21631458615553 -5.75607084403658
"185" 1 0 -60.19917289 -17.125837543 -10.2005826067202 7.10237232239966 2.2197497391914 -9.30026718294642 -2.03152609563349 -6.61134508962744
"186" 3 0 -77.29917289 -6.425837543 -6.60357417899305 2.95202377636798 -0.498108081923851 -7.452453561299 -2.43438995394675 -6.62925341900757
"187" 2 0 -72.79917289 -14.225837543 -1.91525540124981 1.76839455250667 -1.45100186110029 -9.96167314381187 -1.49499836849701 -6.81773577431293
"188" 2 0 -55.49917289 -16.125837543 -10.1475509936496 8.49107682626708 1.70880475976967 -9.12754995169745 -2.05026630090032 -6.27725156487525
"189" 3 0 -68.69917289 -5.725837543 -13.2078100176091 5.58558520706348 1.1516310881481 -8.6167190719833 -1.82637115831321 -6.62987392440938
"190" 3 0 -72.49917289 -14.425837543 -1.16865750906995 1.12971424195928 -1.61793959981971 -10.2815108232106 -1.26983769593232 -6.68822286538026
"191" 1 0 -65.59917289 -8.325837543 -11.968794711424 7.49608524266687 0.557083543482634 -8.60569775660985 -1.75838113783883 -6.07352367698619
"192" 3 0 -57.59917289 -2.825837543 -13.372214422626 6.82024138115747 0.428641663938558 -6.81392642537288 -0.108779687120649 -6.91323730234219
"193" 1 0 -47.89917289 -6.825837543 -11.1545187963316 7.77839214836084 0.104747610094985 -8.06396924994275 -0.29176455272909 -7.08759411164262
"194" 2 0 -46.19917289 -6.925837543 -9.61385250689505 8.74141692215944 0.107316240161679 -7.73566888405259 -1.23845976194055 -7.05568548374184
"195" 1 0 -57.79917289 0.774162457000001 -13.0517646321789 6.40972204499488 0.394076559276778 -7.49575478168002 0.113338820182567 -7.50867496112976
"196" 1 0 -52.39917289 3.374162457 -13.0035774003288 6.10929694408731 0.770959166412481 -7.84550645187917 0.415725469285784 -6.5737077381569
"197" 3 0 -67.29917289 2.374162457 -15.5342117863468 4.28524112374858 1.69112896439865 -9.44406794873634 -0.611106683581481 -9.16640841766674
"198" 1 0 -54.89917289 -2.825837543 -12.1497133520075 6.77492325294595 -0.227646541305883 -7.4823062415835 0.201078396427004 -6.93499230554255
"199" 1 0 -38.59917289 -10.425837543 -8.14327749515805 7.93414848642505 1.15897186739027 -5.91547171167606 -1.79363371959661 -7.14625684781629
"200" 1 0 -66.99917289 -14.225837543 -11.1703356614149 7.74523412949436 1.44127049423494 -8.38650384784056 -1.70083185255183 -6.68816625252409
"201" 2 0 -42.49917289 -19.125837543 -8.83815277567115 7.36876032940081 1.17086518909996 -8.91548598121362 -1.47552368784961 -6.15570357876135
"202" 1 0 -51.79917289 -8.225837543 -10.6610347313773 7.23246856355769 0.353314001598917 -10.0159839042836 -1.75480104495743 -6.51614504483526
"203" 3 0 -42.59917289 -12.225837543 -7.30417605543014 8.64053281211951 -0.0391153321918367 -7.92165688809597 -1.81322425913812 -7.50962369695658
"204" 2 0 -63.49917289 5.874162457 -12.2853026336609 4.55658781700494 -0.753305154552803 -9.92522770071151 -0.462813950764706 -5.72971662124093
"205" 2 0 -38.19917289 -8.525837543 -7.85148590265866 9.24365727283414 0.434771604348606 -6.4930748806285 -1.90920913486124 -6.87692628983882
"206" 3 0 -63.79917289 8.074162457 -10.6154904281085 9.67398062880068 -0.0852279098330369 -6.5637166917762 -2.01680356899625 -6.91906477459272
"207" 3 0 -59.09917289 1.374162457 -12.4074915002828 6.29048063258559 0.0471936642655369 -7.231655430506 -0.182557380902498 -7.41894825891965
"208" 3 0 -62.19917289 -33.025837543 -5.4537988914376 7.16157232717227 3.88389138348278 -8.182335273802 -0.446897392297163 -6.65647387959804
"209" 1 0 -70.79917289 -16.625837543 -2.38438318907291 5.86661100792034 -2.05194731684293 -8.17472563406762 -1.87710888062042 -8.54747553701928
"210" 2 0 -60.99917289 -17.025837543 -8.92538057379839 8.39208234919115 1.66027033938499 -8.6951290853947 -1.69558931514664 -7.35954427394742
"211" 2 0 -50.09917289 -19.025837543 -9.66614025436253 7.47018097771306 0.547222914429056 -9.03960339838024 -1.44016100610937 -6.39133830312577
"212" 3 0 -58.89917289 -14.825837543 -9.51177141250655 7.6793731778206 0.709717324156171 -9.33420363869106 -1.46296329626877 -6.7412605221568
"213" 2 0 -75.59917289 2.574162457 -10.5107954168796 5.97199237887284 0.106229423584675 -7.51801147360031 -2.62047382356374 -6.45313872012772
"214" 1 0 -46.99917289 -20.725837543 -8.80969112624959 5.67019103415516 0.792039933413965 -9.11195733354809 -1.86001802928498 -5.39377034635132
"215" 3 0 -42.79917289 -14.525837543 -7.88817840683203 7.96970757622231 -0.349866529555382 -7.6383684268543 -1.87330559209247 -6.65679788086477
"216" 3 0 -68.39917289 1.674162457 -15.591536370324 3.39164684213398 2.20389099520668 -8.38286921009596 -1.00252130074309 -9.00981086425927
"217" 3 0 -57.49917289 -37.025837543 -4.91271955880983 5.8162718341144 4.38305820922775 -6.25198835778775 -0.22805316829025 -5.95981236728857
"218" 1 0 -58.79917289 -26.825837543 -8.19043547709335 7.44350994576203 3.92905622312946 -8.06189695404572 -0.805686954130719 -6.27502371803449
"219" 2 0 -51.49917289 0.274162457000001 -13.0403749860601 6.74648041719558 0.0426197957673089 -6.69449845451446 0.225427012149364 -6.4905310309572
"220" 3 0 -48.69917289 -11.125837543 -10.4896141520175 9.26611133847464 0.603512421853564 -8.74160387947384 -1.09215576262393 -6.63235976096045
"221" 2 0 -60.79917289 5.774162457 -11.0565132914783 6.46277027646783 0.446692041460952 -6.88029828387094 -2.06627416606749 -6.69392108680609
"222" 3 0 -49.89917289 -15.325837543 -10.2480917450239 7.01363003732164 -0.209002994130528 -8.33508558485088 -0.438370226867497 -5.66531141405813
"223" 3 0 -40.89917289 -8.925837543 -7.82808389212441 10.1607192993823 -0.107442239949333 -7.36163355425306 -2.21471343414105 -8.36361105597688
"224" 1 0 -73.69917289 -4.625837543 -13.783519921729 5.30030857152604 2.16082066474746 -7.71730721993949 -2.74194454268949 -7.39688303604895
"225" 1 0 -78.29917289 -2.425837543 -10.0529825059705 1.12862518381676 -0.253636942610348 -8.60921889671489 -0.470990183274995 -7.51478700910769
"226" 3 0 -66.89917289 -7.125837543 -12.7696452385949 6.36674520728376 0.923774721775174 -8.73089633395028 -1.78135574966564 -6.37393912895219
"227" 3 0 -64.69917289 8.874162457 -10.0619175009702 9.45619294798126 -0.342935337711296 -7.07297482085841 -2.03362011365531 -7.19579977080942
"228" 2 0 -51.99917289 3.374162457 -13.2563411423596 6.0264900789742 0.485468263310279 -8.15930831416819 1.10562350254016 -6.62508228560008
"229" 3 0 -66.69917289 -4.925837543 -13.4985498380645 5.60797618670634 1.35955575896973 -7.85050446873511 -1.90153875669199 -6.36224354468706
"230" 2 0 -67.69917289 -25.425837543 0.400757509455108 3.56948050409838 -1.32715355687747 -7.30516695116355 -1.09276943533657 -7.64431965461987
"231" 2 0 -59.59917289 -9.725837543 -10.8140709102263 8.12442889808607 0.554703656718838 -9.26118751872609 -0.721815620507051 -6.33698878123265
"232" 1 0 -57.79917289 -5.025837543 -12.8368900798399 6.63895880706357 0.782963262159364 -7.46721982032552 -0.251486651022324 -7.10239046863899
"233" 2 0 -54.39917289 -18.125837543 -10.1403456333737 8.36811524905083 1.4514328065105 -8.72921979193304 -1.37579656043307 -6.66549090976296
"234" 1 0 -59.19917289 -18.225837543 -9.49996782947809 8.64600256773248 2.11090825694486 -8.29685577728481 -2.03930692594511 -7.20934783001353
"235" 2 0 -64.49917289 7.674162457 -11.7023100582537 8.72718156203767 -0.291917251941887 -6.93668744197956 -0.665057565073777 -6.95123710410001
"236" 1 0 -79.39917289 -2.425837543 -11.546199999897 7.25493896464025 0.336590867250868 -9.68720805848225 -2.42747404831058 -5.37005901591963
"237" 2 0 -69.69917289 -32.425837543 1.6435157837068 0.0657449517488051 -0.658899086797944 -7.20091584121241 0.330290352309936 -5.88199429328384
"238" 1 0 -63.19917289 -9.225837543 -11.9425318864853 7.35454473545048 0.656727478820844 -9.2542665921993 -1.00025560838257 -5.75858556262535
"239" 3 0 -64.79917289 -17.425837543 -10.2059679268288 4.83743380513969 2.0679501095908 -10.2574693080595 -2.00362722781762 -6.46072978014235
"240" 2 0 -60.69917289 -31.025837543 -6.53420196161783 7.52175221157513 4.03362533333066 -8.00571261797893 -0.49933217213702 -6.53320175459635
"241" 2 0 -69.59917289 -21.925837543 -4.19759139758089 7.9480058035687 0.799762476561021 -4.91881758730348 -1.41072265015096 -6.9297512503366
"242" 3 0 -58.19917289 -19.825837543 -9.17165481360704 9.19380654622977 2.34693293273404 -7.68654056593265 -1.93503510425905 -7.24558190636823
"243" 3 0 -75.29917289 6.474162457 -11.3137698135525 4.4118648830821 0.0324354784351254 -8.2948538292357 -1.98028472534099 -6.76097066260313
"244" 2 0 -53.49917289 -4.725837543 -11.4612389754335 7.38886064644796 -0.151065320202957 -7.44463363337936 -0.524777338014376 -7.13005529180841
"245" 2 0 -69.59917289 1.374162457 -15.0475689045155 3.50141257507337 1.96456075934049 -7.87822865040838 -0.812213260973935 -8.18902991813452
"246" 3 0 -68.89917289 -8.425837543 -12.1167819560221 6.35287838507621 1.07919608959467 -9.67025935728302 -2.12048002120432 -6.59494944308573
"247" 2 0 -75.19917289 -3.925837543 -13.2290690488647 5.34968074322981 1.95648815495598 -7.33524060664121 -2.51221028086934 -7.33633719853309
"248" 2 0 -50.39917289 -10.025837543 -11.2567439675099 8.99822812517602 0.314724051913074 -9.1041521657564 -1.28134416929233 -6.6939203366545
"249" 3 0 -44.19917289 -20.625837543 -8.38600664105753 5.84716599981339 0.746885453439143 -9.6881260264864 -1.39900888958216 -5.81825688890515
"250" 3 0 -51.59917289 -26.125837543 -7.96883485321678 2.87152563059233 3.40622129665214 -7.85928070306027 -1.08238600065661 -6.67467622897485
"251" 3 0 -70.79917289 -15.325837543 -0.432116310239296 0.245760276026249 -1.16665183001252 -10.7227198408474 -1.12557155218804 -6.4429395458899
"252" 3 0 -76.49917289 -11.125837543 -1.7607118617919 -0.857850610618263 -2.14370394680374 -8.66599683644045 -1.71986789696526 -5.34198871035012
"253" 2 0 -60.49917289 -8.025837543 -12.2622699476504 7.28067206830481 0.851713797338459 -9.34996857252394 -0.701536476284473 -5.85086344556819
"254" 3 0 -43.79917289 -13.125837543 -9.33307150923908 9.27854703135573 0.227539697751223 -8.88409196841725 -1.82047330382639 -7.2184011052764
"255" 3 0 -47.59917289 -21.525837543 -8.95680436774084 6.60482150535289 1.48833261932502 -9.30476774234601 -1.66482937203723 -6.14199341824184
"256" 2 0 -62.39917289 -27.325837543 -6.17580495343273 9.61752092886958 3.62903781453351 -8.80670910265565 -0.799194643935178 -7.75208159590983
"257" 1 0 -51.19917289 -2.825837543 -13.0579696263951 6.88340206700042 -0.178582780672103 -7.61594306156351 0.425616215821657 -7.11500190430658
"258" 2 0 -50.09917289 -5.425837543 -12.1545578810906 7.58080326514178 -0.463477647880493 -7.73394943444814 -0.0819333655024521 -7.15564289583693
"259" 1 0 -58.69917289 -18.325837543 -9.03379670142503 7.95161602124681 1.85748126684807 -8.43378921379776 -2.0022416659828 -7.07207914332485
"260" 2 0 -68.29917289 -25.225837543 1.68654493479496 1.53583519981545 -1.97063156370601 -7.1547399626394 -1.15160611628656 -7.26085779454142
"261" 3 0 -43.49917289 -21.625837543 -8.87781292544108 5.75621889471383 1.24189692419749 -9.08220788943768 -1.41137199611288 -5.17907508443435
"262" 1 0 -76.09917289 -2.525837543 -14.4414050299859 3.70001472232558 2.44480153109183 -7.39120628168876 -2.09005425869287 -8.44083062788345
"263" 3 0 -53.89917289 -34.225837543 -6.9712214993091 4.43826193725531 3.71490146180778 -5.84422566621005 -0.451548940030219 -5.59713763408169
"264" 1 0 -53.09917289 -4.525837543 -11.1751380035845 7.38153081717775 -0.293903105602281 -7.10298050477214 -0.415811074379855 -7.10329729384353
"265" 3 0 -41.09917289 -20.525837543 -7.58865876497893 3.56514145310971 1.00643403008372 -8.22971055021985 -1.31584067620177 -5.30201934790008
"266" 2 0 -66.69917289 7.874162457 -11.6107175001437 8.89613561529065 -0.320266981281694 -7.41099267488387 -0.0828128164125603 -6.9327350299566
"267" 3 0 -68.09917289 -34.625837543 -3.2386030897087 8.31539701237433 4.02221833477129 -8.08626524566141 -0.274103450126386 -7.99633586481227
"268" 1 0 -44.89917289 -16.525837543 -8.23065157221785 8.70678332151554 0.87200659196396 -9.66184599037767 -1.40413962175637 -7.46536262345679
"269" 3 0 -40.99917289 -13.925837543 -8.14003966016448 9.02713517858596 0.18280867348483 -6.40689975247063 -2.01394970405661 -6.86672120043371
"270" 3 0 -61.49917289 -24.825837543 -6.76059091630043 9.39676469888816 3.22002325429339 -8.35316305459378 -1.09416202374439 -7.514293469745
"271" 1 0 -61.79917289 -19.425837543 -7.44106323106618 10.1614275270615 1.95667308022752 -7.12137188305424 -1.75334037436851 -7.8921900390696
"272" 2 0 -65.39917289 -21.225837543 -1.66523513082875 6.08195433575827 0.0293587724447933 -9.69823850786978 -1.02597029650259 -8.66727691735567
"273" 3 0 -50.79917289 -17.425837543 -9.75634629432912 7.25966847191244 0.39043838777788 -8.76014973959375 -1.32689880897603 -6.18770061287954
"274" 2 0 -62.39917289 -3.225837543 -14.0393626379014 5.31911723977762 1.1795995480921 -7.11628348628432 -1.15712730424994 -7.25408646908138
"275" 2 0 -39.29917289 -8.025837543 -8.1878224987843 9.38540704933218 0.0311949258576213 -6.8219512343234 -1.70321332137486 -7.13261389963679
"276" 1 0 -48.09917289 -10.625837543 -10.3441168851039 9.12371525156789 0.583703615575178 -8.72570362291641 -1.09878668638506 -6.62004225688282
"277" 3 0 -78.69917289 9.274162457 -12.7081506912516 5.79930796550354 -0.185781519731556 -7.43430167587968 -0.286293394190685 -5.31926509822143
"278" 2 0 -65.29917289 -34.225837543 -4.11390904164331 7.96325808483798 3.92634551502555 -8.80311243695125 -0.322580636281305 -7.66974120128368
"279" 2 0 -48.69917289 -14.925837543 -9.96098463923743 7.68393222496455 -0.066041817178745 -7.8740040469098 -0.91996748376674 -5.67588299661247
"280" 2 0 -56.59917289 -6.625837543 -12.0685052575852 7.1166875306733 0.80202071628944 -8.64690681051659 0.14841848722142 -6.9813564182363
"281" 3 0 -56.49917289 5.574162457 -13.0295815866528 6.68757357723461 1.00308417216447 -6.56178156150519 -1.31763942516408 -6.50935065128983
"282" 3 0 -77.09917289 -10.325837543 -3.27778896520616 3.33227987361549 -1.95903085435907 -8.79575894675584 -2.06036721100571 -6.85163564479674
"283" 1 0 -46.09917289 -23.525837543 -8.77010180885322 3.85719050150015 2.12973666470012 -8.22376480684326 -1.29098147746229 -4.81524259061688
"284" 2 0 -64.89917289 -34.825837543 -4.15717920864628 8.18382328586268 4.27411956102113 -8.60197648360818 -0.19872675343004 -7.63785189563487
"285" 3 0 -37.89917289 -8.525837543 -7.59947020418897 8.84136231377988 0.336046503155058 -6.37163255349421 -1.81213294962849 -6.75700359563576
"286" 3 0 -61.79917289 5.474162457 -11.3273199135587 3.7280593643321 -0.034562428595635 -9.25560942250351 -1.57798376834749 -5.86224814409452
"287" 2 0 -60.19917289 6.474162457 -12.8390465691126 5.75755081605728 1.48865456233923 -6.6294616990243 -1.87060707881691 -6.69693039831381
"288" 2 0 -53.99917289 -22.525837543 -9.87913157083283 6.7496917871915 2.22471939046418 -8.50095373729504 -1.59109947233049 -6.27296201733032
"289" 1 0 -49.89917289 -18.625837543 -9.90530084549928 8.40223935294924 0.691872980795832 -8.89976918357496 -1.46342067167115 -6.61669499310795
"290" 3 0 -70.99917289 -13.925837543 -0.449595103377383 0.498133906590876 -1.07560242636763 -10.3966419052453 -1.16835477070747 -6.56860649768799
"291" 3 0 -50.69917289 -30.925837543 -8.31720250734065 4.29753137720162 3.82396088186701 -5.59782461677141 -0.280386289884502 -5.27464874371137
"292" 3 0 -55.09917289 -6.525837543 -12.0211231768413 7.3086154111046 0.472862493574237 -9.05554297395894 -0.11448420871488 -7.00564778719515
"293" 3 0 -59.09917289 -11.725837543 -10.274205541762 7.60560587217271 0.576189479761767 -10.06467247038 -1.08085886463217 -6.29091897202431
"294" 1 0 -52.19917289 -16.425837543 -9.63866330970392 7.34457844776934 0.454632462556459 -9.58058263860334 -1.19192049476952 -6.35483473736672
"295" 2 0 -57.09917289 -37.025837543 -5.06783042304248 5.1275891908215 4.20039302079644 -5.85576276854989 -0.0785168100096527 -5.52360115175864
"296" 2 0 -55.89917289 -5.925837543 -12.9858806600243 6.61895704062117 0.762602201069829 -9.0846705514849 -0.0116141781283277 -6.93961636634695
"297" 3 0 -71.69917289 -4.825837543 -13.4687592852104 5.12646650142293 1.92406593975895 -7.65853396236495 -2.62556444120931 -7.15397568702836
"298" 3 0 -55.39917289 -22.825837543 -9.28617364341194 6.22539868739195 2.87080581516457 -8.19344668758141 -1.53596017761483 -6.43494111121079
"299" 1 0 -57.89917289 -25.525837543 -8.83440500721765 7.62242264818692 3.91356449292799 -8.07067945816596 -1.22076392122253 -6.57632439176184
"300" 1 0 -53.69917289 0.0741624569999999 -12.690234677444 6.23362577623381 0.407021178541912 -7.27304710277897 -0.380432401335234 -6.69292446640347
"301" 1 0 -70.19917289 4.274162457 -13.487495822911 6.75676554950847 0.450820854096496 -7.93474837219437 1.16626625560235 -6.58117413791837
"302" 3 0 -70.39917289 3.174162457 -13.6301315573746 6.34691026516945 0.717854026710381 -7.79609834797987 0.830768782763459 -6.77128409918527
"303" 3 0 -62.49917289 0.174162457 -13.764054372626 6.02547850565061 0.864967722106702 -7.18921805403468 -1.29867179833283 -7.90179696750196
"304" 1 0 -45.29917289 -14.125837543 -8.64785534582391 8.38291281159862 -0.058958179159577 -8.64407189945058 -1.44731619650936 -6.84875097175888
"305" 3 0 -61.59917289 8.974162457 -12.2405564245309 6.71410093713811 0.918232646054698 -6.75156934305976 -1.97406014605599 -6.18594575434748
"306" 1 0 -50.99917289 -1.525837543 -13.3984873517357 6.41428575648317 0.598996869357224 -7.23437891159589 -0.672397125364405 -7.62078495420153
"307" 2 0 -58.99917289 3.074162457 -11.872214286425 7.95052920767221 -0.374077586130736 -6.86027912443913 -0.183902747474554 -7.21055062559526
"308" 1 0 -62.39917289 -3.125837543 -14.1068467009869 5.28751470064423 1.24872948986155 -7.09672574985719 -1.18695319065902 -7.31893691419867
"309" 1 0 -69.99917289 -12.525837543 -13.8531361037821 4.24665568120088 2.33774738593803 -10.6548618454527 -2.13801081605268 -6.3820449317749
"310" 2 0 -40.69917289 -12.925837543 -8.47490436638469 8.08483284190461 0.690116842348425 -6.24323004276726 -2.21350993373948 -6.60010725632553
"311" 3 0 -77.49917289 -11.225837543 -4.85730986579264 7.9540552036808 0.608192417310366 -4.13940136494696 -1.44742190177835 -6.36860788067012
"312" 3 0 -54.99917289 -5.025837543 -12.2193243402001 6.83293598359376 0.332874218918577 -8.05423323467229 -0.234425070684727 -7.04105822296515
"313" 3 0 -66.79917289 7.474162457 -11.7712398271789 8.92032361424366 -0.392264050945778 -7.40970628484858 0.740983346068403 -6.9784186900792
"314" 1 0 -56.09917289 -3.125837543 -13.4900593793429 6.45426111729414 0.355934164646654 -7.45873863875888 0.297877063970702 -7.35296139740957
"315" 3 0 -55.29917289 5.374162457 -13.2350533036658 5.93416447561517 1.48824909443293 -6.76413679393318 -1.26054360569944 -6.57777738207127
"316" 1 0 -68.69917289 -1.925837543 -15.3459629137755 2.5838458089055 2.73608351445861 -7.47353688777011 -2.02119450715972 -8.59350525253199
"317" 1 0 -58.69917289 -24.725837543 -8.08146540581776 8.68833308360732 3.59583621225874 -7.85888589920718 -1.175634691329 -7.01701937442325
"318" 2 0 -41.39917289 -15.225837543 -7.64622311943699 7.55072485348919 -0.0090460684048948 -7.29070889411216 -1.66346264369739 -6.46979810716524
"319" 2 0 -45.19917289 -2.825837543 -12.6941691981303 7.83837287185445 -0.748544309941552 -7.07811581877591 0.608929184224939 -6.98844768795245
"320" 2 0 -66.19917289 -21.025837543 -0.264392779648037 5.50309729313787 -0.569657596338699 -9.39530986026282 -0.851962252789866 -8.81559780803522
"321" 2 0 -51.59917289 -10.125837543 -11.0893945703671 8.64629643537239 0.572295522673382 -9.84051295673765 -1.64894445436219 -6.65368465592669
"322" 3 0 -52.99917289 -26.825837543 -9.73514428836255 4.04201052594182 4.4537976468748 -7.88271276542782 -1.36333777508559 -7.459929377479
"323" 2 0 -51.69917289 -11.825837543 -10.6418166213829 8.77770954335568 0.572800471617068 -9.49056318953712 -1.69825193454826 -6.69367382671722
"324" 3 0 -77.79917289 -2.925837543 -13.3692900494559 3.82369544181925 2.21925092219472 -7.32417129716382 -2.29270538472057 -7.93285272915059
"325" 3 0 -67.09917289 -32.525837543 -3.82250920966253 9.01706079924231 3.80250669590633 -8.26436913751474 -0.141629442182888 -7.77715447555676
"326" 1 0 -57.09917289 3.674162457 -12.6379509231484 6.93649940746342 0.373136787908438 -7.51068012334117 -0.212283687129112 -6.3556855805183
"327" 1 0 -46.89917289 -1.225837543 -12.9736736559095 7.02183760495916 -0.777119270249508 -7.85797589292421 1.67168380336028 -6.90316518443541
"328" 1 0 -65.69917289 -5.725837543 -13.6025897451399 5.7066537731031 1.10313629598699 -8.32375430942736 -1.61931454970216 -6.44304760703409
"329" 1 0 -58.89917289 -33.525837543 -6.23911447131636 6.29580425346164 4.38383876200348 -7.06366379593145 -0.385013877390394 -6.23211687257584
"330" 1 0 -42.39917289 -6.925837543 -9.93684353675264 9.8968608653509 -0.0902411291981828 -7.63077676964854 -1.4849342466857 -7.4806356508194
"331" 1 0 -76.19917289 1.174162457 -16.1153805625765 1.94539518983139 2.54388092499607 -8.50251538030445 -0.820415639392157 -8.70475291409744
"332" 3 0 -74.59917289 2.874162457 -10.8383616414639 4.36042545276305 0.253035163665253 -6.55549521351717 -1.510167897317 -6.60263123898679
"333" 2 0 -70.59917289 -5.425837543 -13.2262239689434 5.28855558764154 1.7154527664097 -8.18335073688661 -2.6929374335625 -6.9202836687234
"334" 2 0 -68.99917289 -28.525837543 0.869046339805464 1.21826261035017 -1.04417332086362 -6.21100875749809 -1.13990526473042 -6.32789008548153
"335" 3 0 -64.99917289 -10.225837543 -11.1852081119984 8.1087700692552 0.684466567763419 -8.23222937816201 -1.70632531104379 -6.22285281332718
"336" 3 0 -62.79917289 -30.925837543 -5.81427897312789 7.70365507424657 3.71969027684745 -8.54402698839586 -0.571212762070844 -6.74501248951029
"337" 1 0 -59.19917289 -32.225837543 -6.60670578061912 6.76026486783454 4.4719141730081 -7.75556732221993 -0.298990613514381 -6.33847933938339
"338" 2 0 -49.59917289 -11.925837543 -10.9953035891985 9.07082359885625 0.441046856204832 -9.17708888560665 -1.42948288009225 -6.42244121985225
"339" 2 0 -67.39917289 3.074162457 -14.3502718662699 6.17401336982041 0.378442544967836 -8.68388366071122 0.706732110156239 -7.98342889067777
"340" 1 0 -70.69917289 -15.225837543 -0.474057730907401 0.266411471342326 -1.15597861418447 -10.7178754173356 -1.10231376010001 -6.45697788926406
"341" 2 0 -50.99917289 -25.825837543 -7.90019347662654 3.20871516506204 3.20743918593675 -7.76213648603629 -1.25219707279465 -6.2999706701539
"342" 2 0 -75.59917289 -2.125837543 -14.2470537237675 3.91989566720653 2.28032989504105 -7.22491513925097 -2.03517928000716 -8.23028066969591
"343" 2 0 -79.49917289 -6.525837543 -6.29779206052909 9.22995369682407 -1.24197595801761 -7.40511993801482 -1.82519854730023 -7.98937782874276
"344" 1 0 -60.99917289 -8.725837543 -11.5745956104472 7.72795707042102 0.523389082850881 -9.21791022252978 -0.556689716490252 -6.01537007981352
"345" 1 0 -74.59917289 5.474162457 -13.3051573661981 6.42163763509668 0.621157166258255 -7.67845138808544 -1.30509855933191 -7.52174228727587
"346" 1 0 -63.89917289 -13.925837543 -10.4130198046566 8.48756333987766 1.09333327176526 -8.58153611677895 -1.6013527550847 -6.73523393267955
"347" 2 0 -58.69917289 -20.725837543 -8.70561553478136 9.38566543061427 2.5866432378332 -7.60147862811579 -1.78346409897563 -7.29738698851897
"348" 1 0 -50.09917289 -16.425837543 -9.81760876461524 7.64981664713461 0.145181190979971 -8.18397209207241 -0.574483735133796 -5.92083878822015
"349" 3 0 -58.49917289 -1.525837543 -13.6135942730579 6.56341996969714 0.61146838456682 -6.95424662934456 -0.557861868913508 -7.16361758524267
"350" 2 0 -70.59917289 -9.725837543 -11.1833867704515 7.42496205463462 0.71575921840811 -8.70534509529022 -1.89645365862098 -6.3289645914879
"351" 2 0 -45.49917289 -3.725837543 -12.1923415887531 8.36206785462289 -0.464347942320021 -7.55121382025148 -0.167574666495223 -7.15828841793427
"352" 3 0 -60.39917289 4.374162457 -9.98605954587544 9.11225172124989 -0.796009651043029 -6.17904868407465 -1.7722378963361 -7.47802711810726
"353" 2 0 -50.49917289 0.774162457000001 -13.001182784897 7.12775407088748 -0.456109519012928 -6.81165251576926 1.09878749070456 -6.1615127263029
"354" 2 0 -67.89917289 -24.625837543 -0.26252332423997 5.15998471345402 -1.42042234261417 -7.79062137382149 -1.02371315742692 -8.2982543380439
"355" 3 0 -55.39917289 -17.625837543 -10.0029467871451 8.78555416087216 1.49591876851947 -8.39628475608205 -1.4155911369874 -6.73597644534432
"356" 1 0 -49.69917289 -5.025837543 -12.658727936754 7.65437966874102 -0.705904186054465 -7.71156220144968 0.471501038020461 -7.34934375717359
"357" 1 0 -67.89917289 -2.025837543 -15.2736907903706 2.73023548689603 2.67928304303735 -7.31973834719835 -1.84427891823009 -8.65330327186287
"358" 2 0 -70.69917289 -11.525837543 -11.9857104883086 5.96844176711288 1.58839302198129 -9.37758859952408 -2.23767019551458 -6.35690138942036
"359" 1 0 -57.49917289 -9.525837543 -11.2574388780914 8.02759921917217 0.973445851644405 -10.1274456610177 -1.12229596975254 -6.36017304509284
"360" 1 0 -69.79917289 -6.625837543 -12.7743654631919 6.1953952315199 1.15498364048567 -8.56941931891043 -2.25236702374366 -6.55632673900715
"361" 3 0 -47.79917289 -14.525837543 -9.71339804976772 7.27550331188867 -0.209119793797102 -8.08069920749129 -0.880584399919559 -5.639661283845
"362" 3 0 -74.39917289 -8.525837543 -11.7030313100218 7.42879105236746 1.47295048830326 -7.83037183340112 -2.56808457119022 -6.89328995801559
"363" 1 0 -53.89917289 -13.025837543 -10.2401645510428 8.35819115222402 0.822537348902463 -10.5144007306122 -1.25717290408148 -6.89418821945162
"364" 1 0 -74.69917289 -9.725837543 -11.7157556337673 6.15255164340263 1.14973986053132 -8.87353679277698 -2.4344133119464 -7.11228378014214
"365" 1 0 -70.89917289 -8.425837543 -12.0731696451543 6.77177075133439 0.887016993220302 -8.44358228921633 -1.981801717263 -6.52165729854291
"366" 3 0 -45.29917289 -5.225837543 -10.4507004279744 9.03609640297314 -0.154569671008036 -7.45414072643995 -0.635223370098541 -7.04117352976116
"367" 1 0 -41.49917289 -14.025837543 -7.78055549746917 9.18343124309753 0.140651204050475 -6.79026301151976 -2.00623937053798 -7.24754157076834
"368" 1 0 -61.29917289 -23.325837543 -6.81145097130667 9.86327375354643 2.8915947733317 -7.94186805940772 -1.20520693136423 -7.65178000671437
"369" 3 0 -59.29917289 -9.325837543 -11.0763170560233 8.1504355496297 0.7018031003296 -9.30788766349075 -0.684073582832879 -6.28062954681062
"370" 2 0 -48.49917289 -15.125837543 -9.86932771208174 7.87367962522903 -0.0483396825768103 -7.71397691400608 -1.02536236450809 -5.81822345452322
"371" 2 0 -54.79917289 -7.525837543 -12.1413796826827 7.55306114301777 0.394490805105057 -9.55663251246595 0.872085147285082 -7.37946557789608
"372" 3 0 -59.69917289 -0.225837542999999 -13.274396671246 6.5171861029734 0.615926969050769 -6.99512983280356 -0.893526784161908 -7.31012723222618
"373" 2 0 -52.29917289 -3.225837543 -12.0167828983013 7.3437861327788 -0.473157688333655 -6.94775773346432 0.137825508577269 -6.99727575680956
"374" 2 0 -61.49917289 9.574162457 -12.2518536653394 6.55299936777139 0.916021905432831 -6.66498417695848 -1.93512838133081 -6.00634982806231
"375" 2 0 -66.09917289 -4.225837543 -14.0583033351726 5.01570013331331 1.44560943420286 -7.79890642011884 -1.80551047125411 -6.93554832946788
"376" 3 0 -56.49917289 -8.225837543 -11.6806179872072 7.09780389452662 0.587587155613617 -9.61191520903638 0.765312478107183 -7.20337295589305
"377" 2 0 -60.59917289 8.174162457 -13.1667177405824 5.68658280113367 1.35572952458561 -6.89657522698649 -1.91688637655243 -6.04877163894129
"378" 3 0 -52.69917289 -26.225837543 -8.71748225487334 3.50502131363684 4.11832883122366 -8.73592015379245 -1.28170652989496 -7.46930509347728
"379" 1 0 -67.39917289 3.274162457 -14.5569994912057 5.95015891960083 0.623428314411463 -8.66384322520615 0.836131919650496 -7.9259547506594
"380" 1 0 -42.59917289 -22.125837543 -8.14529896059514 5.07411592274016 1.41637654374855 -8.75071819378173 -1.16322410646752 -5.14236965987278
"381" 3 0 -52.29917289 -32.025837543 -7.73426652128444 4.89653562893228 3.82033124549407 -6.02852469792072 -0.249724251377302 -5.43850338187661
"382" 1 0 -58.89917289 -11.825837543 -10.298584998805 7.67714576413793 0.58908817033729 -10.1384694972324 -1.06557134068014 -6.32061315749981
"383" 2 0 -72.89917289 6.874162457 -8.0858160082993 2.63663577456984 -0.722950466279711 -7.57911903678639 -1.9173332280521 -5.58794859028269
"384" 2 0 -66.09917289 -24.925837543 -1.75519018321446 6.45092234366682 0.248247333288662 -8.36649729675889 -0.828873386273816 -8.05720242181373
"385" 1 0 -60.79917289 9.174162457 -13.1489746642976 5.57963565078803 1.05623732092631 -6.95738030423419 -1.51457633889267 -5.93685028120396
"386" 3 0 -78.99917289 -2.825837543 -5.7737944707168 3.40423202707587 -0.880713562731108 -6.20051780412978 -2.42848496382517 -6.41549320958974
"387" 1 0 -53.89917289 -3.325837543 -11.9050904267448 7.04672837209274 -0.158478770103818 -7.0064002886317 -0.156335612094852 -7.03278304491549
"388" 3 0 -75.89917289 5.574162457 -11.7609142399137 1.16469618309447 0.505252801935495 -7.70054885037094 -1.95324161941856 -7.06909209863435
"389" 1 0 -49.09917289 -21.525837543 -8.66747110933465 7.1029406883708 1.59624607488695 -9.06943162580297 -1.84210758908164 -6.4137558910913
"390" 2 0 -65.69917289 -26.425837543 -1.2532934951913 5.1677066650393 0.372046371040168 -7.86839254852192 -0.655191362888893 -7.22606886592574
"391" 2 0 -57.29917289 -5.925837543 -12.4418717235908 7.19620746695824 0.963300978129796 -8.18006428758849 -0.356660516113544 -6.825952943793
"392" 3 0 -50.69917289 -21.225837543 -8.4943325365596 7.4001855695292 1.91232086430403 -8.81781599219386 -1.74892845769699 -6.57129740913387
"393" 2 0 -70.69917289 -28.025837543 -3.74424619964072 7.7995802266748 0.280382214028728 -5.33356959971381 -0.835878893573832 -6.98253191134724
"394" 2 0 -56.29917289 -21.925837543 -9.3979927595465 7.34417766817336 2.86252482841776 -7.86128870373495 -1.55589392823642 -6.58159501355235
"395" 1 0 -43.39917289 -5.325837543 -10.9552457267875 9.24832400676225 0.0826987916179649 -8.00036614936894 -0.365096340232471 -7.05443210384572
"396" 1 0 -71.89917289 -0.325837543 -14.2445557959441 4.71519125278593 1.84038700364799 -7.42133299619582 -0.929530710923825 -7.160025864282
"397" 3 0 -57.49917289 -31.025837543 -7.67606088150157 6.10439773702612 4.81481988040356 -7.59729556205235 -0.41941622611435 -6.4933866806163
"398" 2 0 -41.99917289 -9.425837543 -8.77886257383 10.4538763292117 -0.29480153394444 -7.01364071713907 -2.46392398303538 -7.99479933339981
"399" 1 0 -42.99917289 -10.825837543 -8.45514283610439 10.0313749118273 -0.0904110436416816 -8.0129631683056 -2.76314944573716 -8.2247279286364
"400" 3 0 -56.89917289 -11.025837543 -10.7990828072932 8.08119389970404 0.788758817989822 -10.3212424616463 -1.35022017969459 -6.53036035945039
"401" 3 0 -40.09917289 -17.725837543 -9.3657982970269 7.55631846798815 1.52614243679536 -6.0389884003671 -1.94732611254157 -6.390113928524
"402" 2 0 -56.79917289 1.674162457 -12.5638542316533 7.47958234597232 0.299956679840951 -7.94524026090301 -0.373283651283326 -7.05243526561458
"403" 2 0 -48.19917289 -24.225837543 -7.96608307359277 4.58876676718901 2.61366502108037 -7.98508129371877 -1.15277441464204 -5.23326739679735
"404" 2 0 -71.49917289 -7.425837543 -12.277662794264 6.40069226324213 1.29384504075222 -7.92500023365745 -2.18483135385941 -6.48282251765495
"405" 1 0 -68.99917289 5.774162457 -13.3546135386053 7.58915045374926 0.558541819422509 -8.08967077938947 0.881745173433461 -6.655042410126
"406" 3 0 -68.89917289 -23.425837543 -1.65496670625222 6.95763837931931 -1.03667007982193 -7.61272909776719 -1.11028707135246 -8.57258366483427
"407" 3 0 -62.19917289 -5.925837543 -13.5499138107045 6.13761954828295 0.47019067575495 -7.9627972791723 0.12904922629857 -6.80527045084935
"408" 3 0 -64.79917289 -10.725837543 -11.096630927061 8.30039580309733 0.741222506463997 -8.28054451403642 -1.66138629312273 -6.25229496223717
"409" 1 0 -46.39917289 -7.625837543 -10.1006553729002 8.98726299474726 0.158388647596862 -7.77442956179058 -1.35903189384657 -6.95303652932943
"410" 1 0 -69.99917289 7.974162457 -11.8707274917679 8.64429339499072 0.0114227586224736 -7.14892980984332 0.104110248450731 -6.64713935615899
"411" 2 0 -61.39917289 -15.725837543 -8.75103040494069 8.49224468802353 1.3356540081424 -8.70714493805649 -1.54622262578155 -7.42882569833045
"412" 3 0 -57.89917289 -8.325837543 -11.7422658016703 7.94965259503874 0.973683261386815 -9.64632612797091 -0.633266598158542 -6.17977641474583
"413" 2 0 -42.09917289 -7.725837543 -8.94385991485639 10.653533661624 0.0150134783973206 -7.77955854200224 -2.14241457876272 -8.15011933200965
"414" 3 0 -62.69917289 -26.725837543 -6.14148264538318 9.70052511902482 3.36418821873099 -8.6277282813061 -0.874779513101724 -7.77345884368577
"415" 3 0 -60.49917289 -9.325837543 -11.0696957824066 8.05593558256369 0.511871508416818 -9.21432600682973 -0.653030133719482 -6.15362233193917
"416" 1 0 -58.69917289 -0.725837542999999 -13.4484486248073 5.88774360884326 0.522809130017642 -7.33687494769946 -0.221111967837476 -7.34715641713043
"417" 2 0 -56.89917289 -29.825837543 -7.48645118183746 6.68667973199704 4.33213022693037 -7.4451009778006 -0.512362316818491 -6.41727327070598
"418" 3 0 -63.49917289 -7.525837543 -12.1200075677329 7.48411188845958 0.709443285271124 -8.25680237871076 -0.986350047873948 -6.06468705353768
"419" 1 0 -59.19917289 -11.025837543 -10.1223954315935 7.99324666540135 0.33329798769343 -9.44964610608117 -0.687846311222563 -6.44911580283519
"420" 2 0 -59.79917289 -26.025837543 -7.37275239126359 8.57512120861513 3.60252324790464 -8.31577831846504 -1.01121696910126 -7.05339730049698
"421" 1 0 -70.79917289 7.874162457 -11.7372435327053 8.43374453624287 0.388644546366788 -7.78857003360519 -1.77289685327049 -6.15782815633493
"422" 3 0 -61.29917289 -19.825837543 -7.23432302992293 10.1524422939076 2.13345315021442 -7.1859274861986 -1.69447108694088 -7.8825394577868
"423" 2 0 -60.49917289 -9.125837543 -11.2353030116355 7.9579954174303 0.503035861886825 -9.24521829301367 -0.66052431854045 -6.13521027529987
"424" 1 0 -62.29917289 -3.925837543 -13.8333951681559 5.65449479142414 0.835184409538908 -7.22621867415649 -0.62635855507346 -7.02772050920434
"425" 2 0 -65.39917289 -14.525837543 -11.0251451067941 7.42300786629764 1.93314127012045 -9.0273263730665 -1.5347008719189 -6.36355535684115
"426" 3 0 -55.19917289 -32.225837543 -7.46909173516789 5.92490829360178 4.59530988809212 -6.98652186445847 -0.451805946947983 -6.74510630725538
"427" 1 0 -65.79917289 -15.525837543 -12.0656033102546 6.11913885257047 2.73392712365589 -10.1484386982721 -1.68603405286022 -5.98297356607197
"428" 1 0 -75.59917289 -1.825837543 -14.1088568265121 4.04777589494172 2.19005942084466 -7.22837335866634 -1.86604087323316 -8.10404366891072
"429" 3 0 -56.59917289 -32.225837543 -7.02720363008132 6.02192096853857 4.93863696225835 -7.30955180296477 -0.402831906402145 -6.53885931721029
"430" 2 0 -58.99917289 -27.425837543 -8.32071825233768 7.15885900307911 4.00883421051858 -7.95027792071049 -0.858625758589094 -5.95963070283822
"431" 2 0 -65.39917289 -15.925837543 -13.1584347779679 5.21539577876768 3.10479930466668 -11.1245492118191 -1.65134086540163 -6.06260230289671
"432" 3 0 -55.49917289 -6.725837543 -12.0829516256579 7.46288778231408 0.742099297524576 -9.11512583329791 -0.211427228687914 -7.00176037284315
"433" 2 0 -71.59917289 -4.025837543 -13.9285822192829 4.53126903267969 2.13111505554733 -7.54334404225156 -2.51751235219094 -7.51150499159466
"434" 3 0 -47.29917289 -1.125837543 -13.3367871740929 6.89329658701446 -0.692771883688211 -7.99571719813109 1.65530061837356 -6.97795957111467
"435" 1 0 -69.69917289 6.474162457 -12.4638440781067 7.90723593230451 0.302319767038639 -7.80882812654193 0.866022634488078 -6.45718626451704
"436" 2 0 -62.39917289 -10.025837543 -10.6894356209618 8.11510035310077 0.269080734495206 -8.91323687268963 -0.745813900368532 -6.24394052993014
"437" 2 0 -74.69917289 -3.125837543 -14.5562512647652 3.63126255752191 2.89028005642777 -7.16560377543981 -2.66386469217619 -8.67012616724632
"438" 1 0 -58.49917289 -23.925837543 -8.1532692573765 8.77976390090511 3.38036726564836 -7.75028104745744 -1.35263364371585 -7.17539784592885
"439" 2 0 -56.19917289 -6.925837543 -12.1631310641414 7.21882024754696 0.987675565490877 -9.18291291672406 -0.394043799359021 -6.9669496274733
"440" 1 0 -65.19917289 3.874162457 -13.4207339398988 4.21093899318827 0.350329568596738 -8.91751309124068 -0.0019824792104175 -7.63220221661875
"441" 3 0 -63.29917289 -24.925837543 -6.43392235304756 9.6592786002702 3.05002769865105 -8.77546702171035 -0.927910794141485 -7.51912754395881
"442" 1 0 -59.69917289 -7.325837543 -11.6689201409819 7.501554799154 1.00332176959246 -8.42763191986537 -1.16406329069561 -6.03434544410461
"443" 1 0 -60.19917289 -1.225837543 -14.1985394884497 5.85994006233584 0.696056975154184 -7.40266122177255 -0.33314008677118 -7.42779173360779
"444" 2 0 -74.39917289 -2.225837543 -14.9736208495321 3.50588324996167 2.57868463477531 -7.40773525981771 -2.23170608879524 -8.59129611032552
"445" 2 0 -37.89917289 -5.325837543 -9.82015904970062 10.0914930411812 -0.944631751132302 -6.54966274653408 -1.23969254698901 -7.38994463191115
"446" 3 0 -63.69917289 6.874162457 -11.8515314727928 7.57727926015082 -0.601443378343044 -7.7352268216712 -0.226962913807376 -7.19972434096289
"447" 3 0 -59.39917289 -11.125837543 -10.1847613968471 7.97258285223243 0.420778437679164 -9.4596600090272 -0.64166685094572 -6.40395236454436
"448" 3 0 -42.39917289 -6.325837543 -10.0331096443559 8.84053762934227 -0.17263828035665 -7.97672541143847 -0.694505124860336 -7.07948190103506
"449" 1 0 -49.99917289 -28.825837543 -8.21880788092679 2.24763745351291 3.42949066531554 -6.79199622396546 -1.03578740283021 -5.8821991202764
"450" 3 0 -67.99917289 3.674162457 -14.2456202396157 6.14695450451497 0.612590005877394 -8.04341408688467 0.846131976097895 -7.36897367211849
"451" 3 0 -62.19917289 -2.025837543 -14.5159651563449 4.86494378733326 1.66805126863216 -7.2120316114897 -1.38226576265363 -7.79258255531963
"452" 1 0 -65.49917289 -19.825837543 -2.74105151958036 5.57666247461124 -0.422971059903606 -8.85478407723212 -1.48673362689435 -7.88431416811764
"453" 3 0 -72.69917289 -13.225837543 -2.62162772371582 2.60104274980701 -1.39570036926842 -9.13465672451285 -1.49357963167589 -6.92696862919068
"454" 3 0 -62.69917289 3.874162457 -13.4172149196001 5.14895558436203 1.13304075513273 -7.98010803219864 -1.41886269087752 -7.916117061269
"455" 1 0 -43.59917289 -9.325837543 -8.45048120517469 9.48713930802011 -0.272480397463793 -7.81425980360852 -2.15679657336567 -7.83291860336256
"456" 2 0 -55.59917289 -4.025837543 -12.7899977630337 7.19759953200108 0.618613796785709 -7.06923139266543 -0.632993287414398 -7.38459918863824
"457" 3 0 -64.69917289 -20.225837543 -3.54694463890509 5.26520196435295 -0.174504509117274 -8.96795832552159 -1.39310812103867 -7.43547130728502
"458" 1 0 -35.29917289 -7.825837543 -9.89521993019193 8.07782967475297 0.541033351296346 -6.30887815878392 -1.24498060910645 -6.61908181520609
"459" 3 0 -56.79917289 1.774162457 -12.5084867760415 7.51013985873905 0.304159262848336 -7.97322992776981 -0.32031334150051 -7.00203824678346
"460" 1 0 -66.79917289 -0.625837542999999 -14.7290186516501 3.97072818931337 2.19030279578859 -6.90971477572388 -1.57073756145037 -7.94542020492008
"461" 3 0 -80.19917289 -3.725837543 -8.82335282519805 9.61028951194647 -0.441345292231696 -7.30659751509809 -2.52470691178789 -7.36359727447141
"462" 2 0 -77.39917289 2.774162457 -23.9446399326629 -5.98337048317891 6.52597158922802 -11.7599354312549 -0.846910304584327 -13.8698572293415
"463" 1 0 -60.29917289 -26.125837543 -7.2455327270683 8.73008475218301 3.42278401074169 -8.35317951940295 -0.995910551701793 -7.15993862196665
"464" 2 0 -65.89917289 -8.525837543 -11.7791414698449 7.55864320629124 0.608836762637663 -8.50923074321472 -1.86989560948996 -6.14655736811069
"465" 1 0 -66.89917289 8.974162457 -10.948719365109 9.2221814573642 -0.0632953822206347 -7.34776937502095 -0.633915128946784 -7.14706654868146
"466" 2 0 -52.79917289 -21.925837543 -8.94972063357782 7.25160916127745 2.16191237519215 -8.10883212005434 -1.91541122345007 -6.71127522422061
"467" 1 0 -53.29917289 -10.425837543 -11.3270601676401 8.06984280518243 0.943023216723755 -11.3346700829016 -1.29747435044464 -6.56920558923226
"468" 3 0 -51.79917289 -21.725837543 -8.57801572684575 7.37822634885894 2.2658663544306 -8.25988598492787 -1.74790749783517 -6.71770664236685
"469" 3 0 -70.59917289 -14.925837543 -1.38793558704 3.17528173834369 -0.246268906489429 -10.9352129139261 -1.36311678707588 -7.86087385213273
"470" 1 0 -45.39917289 -13.825837543 -8.72829145258731 8.47666349649543 -0.177485648117444 -8.51062274704182 -1.48085625428849 -6.85687248581589
"471" 3 0 -51.49917289 -22.525837543 -8.61730471511036 6.89485321453438 2.41602033072744 -8.26292980333284 -1.72294148878897 -6.78912896534593
"472" 1 0 -42.29917289 -10.925837543 -8.00094123977937 10.351454965893 0.25656500333947 -7.53052270157223 -2.01770577864344 -8.16352801255189
"473" 1 0 -71.89917289 -5.725837543 -13.1146451950836 5.51374043378677 1.81664051807303 -8.07584657537493 -2.62382017227356 -6.73715774799112
"474" 3 0 -73.09917289 10.874162457 -9.98641213357888 8.22541051956243 -0.315417769317995 -7.36713262275648 -2.11873206539777 -6.81430346021744
"475" 1 0 -37.39917289 -7.425837543 -7.79902348012419 7.89029826632914 -0.514305210715223 -6.43243093082733 -1.46617668758527 -6.40871490868133
"476" 3 0 -55.59917289 -18.525837543 -10.2582723927871 8.34669507834722 1.99947252625003 -8.81678293089262 -2.01128130652457 -6.57836283721184
"477" 3 0 -58.49917289 4.374162457 -12.9845341191517 6.90036175896851 0.477983100694885 -7.37324157983734 -0.757440548670353 -6.52338362284034
"478" 3 0 -62.39917289 -20.125837543 -7.14030605065578 10.0542626582513 2.00526392912577 -7.48338543180187 -1.66880680946472 -7.80084511130068
"479" 1 0 -69.29917289 -5.825837543 -13.231783941723 5.63593469459688 1.21545147545812 -8.6139314078518 -1.97861112740648 -6.73087548613904
"480" 2 0 -56.49917289 4.774162457 -13.3178695446605 6.56725001982795 0.749316164865963 -7.23814429327157 -0.524339149054846 -6.45288323201341
"481" 3 0 -62.09917289 -30.825837543 -5.97318806455173 7.55523424948179 3.80144877586975 -8.42454422184643 -0.535331235496654 -6.70398914350398
"482" 1 0 -76.79917289 5.674162457 -20.711540281767 -2.45964190658656 4.6569506633126 -10.6493305259606 -1.45312701950493 -11.5749179930024
"483" 2 0 -60.89917289 -5.325837543 -13.7619801722235 5.74631883494701 1.10004440666737 -7.97397203957729 -0.869123435234582 -6.77913271733384
"484" 3 0 -58.49917289 -24.525837543 -8.13593213498048 8.69217235893195 3.46665572779284 -7.7400704593038 -1.26233213889031 -7.02320657256909
"485" 2 0 -64.19917289 0.474162457 -14.6589627557611 5.00904320605128 1.15658235467894 -7.7618068944999 -1.10113477687643 -8.07139648653994
"486" 2 0 -52.39917289 -29.725837543 -8.25939975755823 5.27974778785865 3.5565215446054 -7.09699812085423 -0.941407672810121 -5.42576443425418
"487" 3 0 -74.09917289 -2.325837543 -15.4325827326117 3.07529308985469 2.83985099456773 -7.64305408510045 -2.26783709954861 -8.78095048968516
"488" 3 0 -43.29917289 -9.525837543 -8.54497637169838 10.0651723646323 -0.256699931552861 -7.82676651144384 -2.20237035929153 -8.19739976822529
"489" 3 0 -56.89917289 -15.625837543 -9.83304153389876 7.93370020954466 1.38516392641278 -8.59666263381029 -2.21527196616818 -6.47010763745221
"490" 3 0 -61.59917289 -31.625837543 -6.07285881970109 7.32537659435672 3.88715689852904 -8.19150831417353 -0.436536513347128 -6.5129234999489
"491" 1 0 -40.89917289 -4.525837543 -8.5914955395002 8.58518543437584 -1.0769139631133 -6.95606628682233 -0.898604045189958 -7.34656938675875
"492" 3 0 -64.89917289 -19.225837543 -2.9549101094648 4.3298152894677 -0.858494137303618 -8.76725752888204 -1.26762143576584 -7.20179148012328
"493" 3 0 -64.59917289 -2.025837543 -15.2046847144059 3.73203766609335 2.14033788120793 -7.57655949056038 -1.70040583957963 -8.33978118020654
"494" 3 0 -70.09917289 1.474162457 -14.7275038772327 4.09132567544964 1.62912275568699 -7.8592254084789 -0.278799220185165 -7.70080901851048
"495" 1 0 -60.09917289 -12.425837543 -9.72266918737314 6.62017290315951 0.43479549265349 -9.74791982882317 -1.14439138513148 -6.05727174273101
"496" 2 0 -79.69917289 -4.225837543 -8.04522063281483 5.89117323484679 -2.21181602051692 -7.93640992840531 -0.367036503143664 -7.62033389949395
"497" 3 0 -53.19917289 -4.325837543 -11.2767015080984 7.45619263695459 -0.194115758976089 -7.09840267836314 -0.531343976054528 -7.03937560483643
"498" 2 0 -62.79917289 5.274162457 -15.3730523540866 4.44190594224989 -0.302683161937566 -9.64910801272126 2.53879351405248 -7.80144743398801
"499" 1 0 -60.59917289 4.774162457 -9.95820992570147 6.22687590361304 -0.511983207619169 -6.90256188738869 -1.44217568268418 -7.08184749732003
"500" 1 0 -48.89917289 -18.725837543 -8.84624969462934 7.55823371067956 1.0546811428279 -9.5230332359241 -1.92637450936569 -6.46767181332426
