"group.all" "pa" "lon" "lat" "layer.1" "layer.2" "layer.3" "layer.4" "layer.5" "layer.6"
"1" 2 1 -43.016667 -22.45 -8.27216006400888 3.35418947217759 1.36124879051362 -8.71316344707812 -1.11727756367977 -4.70839970419013
"2" 6 1 -42.724722 -22.343611 -7.99360811181957 3.59966920157196 1.29098984719616 -8.57893480277506 -1.0987693248907 -4.7742309378594
"3" 1 1 -43.031111 -22.461944 -8.27216006400888 3.35418947217759 1.36124879051362 -8.71316344707812 -1.11727756367977 -4.70839970419013
"4" 3 1 -43.033611 -22.461389 -8.27216006400888 3.35418947217759 1.36124879051362 -8.71316344707812 -1.11727756367977 -4.70839970419013
"5" 5 1 -42.725833 -22.342778 -7.99360811181957 3.59966920157196 1.29098984719616 -8.57893480277506 -1.0987693248907 -4.7742309378594
"6" 4 1 -42.760556 -22.354167 -8.41654311448065 4.59015285054609 1.49956613357356 -8.73723787872843 -1.16130950047504 -4.99404439166179
"7" 3 0 -42.99917289 -22.725837543 -9.66215135235025 6.83374087099752 2.60284456099265 -6.92381801725049 -1.53724338403387 -5.24766102251945
"8" 5 0 -42.69917289 -22.525837543 -9.5826589123127 7.05836370790735 2.33481536113309 -7.31987536243781 -1.5212773520161 -5.38230599676489
"9" 3 0 -42.59917289 -22.125837543 -8.14529896059514 5.07411592274016 1.41637654374855 -8.75071819378173 -1.16322410646752 -5.14236965987278
"10" 6 0 -42.49917289 -22.125837543 -8.36052535380544 5.61474259060734 1.47057660520491 -8.76622407197207 -1.24871335835577 -5.28410071019779
"11" 5 0 -42.79917289 -22.625837543 -9.60633570617119 7.00198512012188 2.45552961650344 -7.08846189551278 -1.52419409363301 -5.34778176567733
"12" 4 0 -42.89917289 -22.325837543 -8.60259210456667 4.66978523722452 1.65437374342393 -8.89690292821283 -1.15758402537648 -4.96526756263269
"13" 5 0 -42.59917289 -22.625837543 -9.24628334589728 6.0136887072536 2.01788649421973 -7.5977900213992 -1.44318837117237 -5.07826170112545
"14" 3 0 -42.59917289 -22.425837543 -8.97369286489582 5.78342792368411 1.74521705368554 -8.44377980489448 -1.34198636083097 -5.18242938110541
"15" 2 0 -43.19917289 -22.625837543 -10.1563318537102 6.40660336315823 2.73235467366686 -7.83418874024467 -1.55688804303844 -5.16458334410292
"16" 4 0 -42.69917289 -22.425837543 -9.16485369278123 5.92176931650226 1.89363474959177 -8.57094639022452 -1.37615962987905 -5.22277587046236
"17" 4 0 -43.29917289 -22.625837543 -10.3910331299759 6.2971342989577 2.78558889676887 -8.12865111028842 -1.57856526745452 -5.23199691929546
"18" 4 0 -42.89917289 -22.525837543 -9.7981637953867 6.8900407532276 2.50381195974596 -7.68028066447303 -1.52742211573199 -5.35479818102409
"19" 3 0 -43.19917289 -22.425837543 -8.92623250179103 3.88979498227464 1.7224070373788 -8.69995715926903 -1.19341857909148 -4.75054508836106
"20" 3 0 -42.79917289 -22.425837543 -9.66528957036303 6.72572580723445 2.32364418212885 -8.14891770861503 -1.46504966370253 -5.36842917220483
"21" 6 0 -42.69917289 -22.325837543 -7.99360811181957 3.59966920157196 1.29098984719616 -8.57893480277506 -1.0987693248907 -4.7742309378594
"22" 3 0 -43.29917289 -22.525837543 -10.080155314175 5.31964144040085 2.38766951963565 -9.04703822112863 -1.41493300630974 -5.29515374054434
"23" 2 0 -42.59917289 -22.325837543 -7.95640465978481 3.68117074883624 1.28879999088275 -8.48217356064707 -1.11068168373349 -4.77676066156644
"24" 5 0 -43.09917289 -22.325837543 -9.11703956451285 4.94090526732097 1.87832950346625 -8.9008656118609 -1.22864844937185 -5.01307399362813
"25" 1 0 -43.09917289 -22.625837543 -10.1426271811272 5.8374139700728 2.60007882338247 -8.25346389056869 -1.47640874653896 -5.17041054007902
"26" 2 0 -43.19917289 -22.325837543 -9.31437333970912 5.42700817629494 1.96786355053804 -8.95655998485194 -1.33685635657024 -5.22275934245687
"27" 4 0 -42.69917289 -22.225837543 -8.20902134990759 4.65845445384345 1.36862252487948 -8.68817588378807 -1.16524145459056 -4.99609482927707
"28" 2 0 -42.89917289 -22.725837543 -9.64198648914933 6.86977722759191 2.55463497378189 -6.88800169853126 -1.54897829981951 -5.32305073995511
"29" 2 0 -43.29917289 -22.425837543 -8.97974679026161 4.09811256768911 1.7710928344881 -8.67160994193893 -1.2188313205723 -4.77155750695856
"30" 6 0 -42.49917289 -22.225837543 -8.05391761112229 5.07951547987649 1.38763121911934 -8.53479354474112 -1.17751191746424 -5.15725936746383
"31" 6 0 -42.79917289 -22.225837543 -8.5434541976611 5.2527485550515 1.58345371498866 -8.92299921418565 -1.17676554940916 -5.16989261238659
"32" 3 0 -42.99917289 -22.325837543 -8.57745734066285 4.11536698196051 1.51156695466619 -8.79491220219657 -1.17611921453562 -4.82892961486139
"33" 6 0 -42.99917289 -22.125837543 -9.20374224639756 6.37409688948629 2.03874827587271 -9.28735274412708 -1.31511635643662 -5.52879537612566
"34" 1 0 -42.89917289 -22.625837543 -9.72779646731706 6.90696768971157 2.52002330875283 -7.21038249082156 -1.54594868849929 -5.30514445703794
"35" 5 0 -43.19917289 -22.525837543 -9.3498322034258 3.85190069020803 2.07023507373135 -8.60549603001552 -1.15788794087646 -4.73204023438839
"36" 4 0 -42.69917289 -22.025837543 -8.75383970216038 6.18950963875176 1.61048443206459 -9.17428442955706 -1.29746922689059 -5.55902359051364
"37" 1 0 -42.79917289 -22.325837543 -8.41654311448065 4.59015285054609 1.49956613357356 -8.73723787872843 -1.16130950047504 -4.99404439166179
"38" 3 0 -43.19917289 -22.225837543 -9.25305417808952 5.94662306412049 2.01346811354936 -9.10314553398993 -1.3437101468985 -5.39121000993558
"39" 6 0 -42.99917289 -22.625837543 -9.87008233581494 6.62996999280447 2.61820417489884 -7.48630914205412 -1.51975737831102 -5.19003325564112
"40" 2 0 -43.29917289 -22.325837543 -9.10884626829334 5.19531473426774 1.82529147182365 -8.74761184839601 -1.33021639829983 -5.08313403482278
"41" 1 0 -43.09917289 -22.425837543 -8.81576186281512 3.88601446467858 1.66218553233328 -8.73974485417483 -1.17823392017251 -4.75116125000688
"42" 5 0 -42.49917289 -22.425837543 -8.1229847975436 4.51598212149123 1.46927222165029 -8.26416015511512 -1.14317260568077 -4.90664952341382
"43" 6 0 -42.99917289 -22.225837543 -8.71719106003754 4.8766334728149 1.63026246849896 -8.93965943495176 -1.2274628315637 -5.00996355901822
"44" 1 0 -43.09917289 -22.225837543 -9.25486475627947 5.90013110375271 1.99939859190622 -9.17579594780707 -1.32274761220781 -5.37575649632938
"45" 2 0 -43.09917289 -22.525837543 -8.48616585157641 3.33937132644566 1.48179436699794 -8.66121108585873 -1.15287387447298 -4.69217500761158
"46" 5 0 -42.69917289 -22.125837543 -8.25644586701197 4.99796373831037 1.36337999131205 -8.79648876374264 -1.20464920291524 -5.14412228807819
"47" 5 0 -42.79917289 -22.525837543 -9.69300865679966 7.01092786245177 2.43906312169715 -7.47614073347023 -1.52346905343752 -5.39011086838505
"48" 2 0 -42.89917289 -22.125837543 -8.75850808653559 5.70209748303484 1.68996466426715 -9.1393355925075 -1.25452257398606 -5.29275650223048
"49" 1 0 -42.59917289 -22.225837543 -8.11345883374188 4.68101242683684 1.30727149154828 -8.60723925139242 -1.19451542508023 -5.06991647245798
"50" 6 0 -42.39917289 -22.325837543 -7.9820370697699 4.21078456746667 1.34346437251731 -8.27254411565178 -1.13621492479502 -4.87040853893057
"51" 1 0 -42.79917289 -22.025837543 -8.91421058683589 6.44892048840684 1.73393123733194 -9.29819380042408 -1.34898738985523 -5.63678696867399
"52" 2 0 -42.89917289 -22.225837543 -8.673621347196 5.22139151247482 1.66873151488022 -9.01232998057972 -1.18166955051767 -5.14691876092816
"53" 1 0 -42.99917289 -22.425837543 -8.27216006400888 3.35418947217759 1.36124879051362 -8.71316344707812 -1.11727756367977 -4.70839970419013
"54" 3 0 -42.79917289 -22.125837543 -8.42939678705647 5.14581704695399 1.4413639452251 -8.92957823945216 -1.2109492613751 -5.17914149836689
"55" 6 0 -42.99917289 -22.525837543 -9.96947746582011 6.04077199678531 2.44857255793595 -8.43902777349758 -1.45875815908442 -5.24557659429012
"56" 4 0 -42.49917289 -22.525837543 -9.33667075165325 6.70264790738964 2.04704724340776 -7.29728527263522 -1.50181680254234 -5.26664471707892
"57" 5 0 -42.69917289 -22.625837543 -9.53218276528313 6.70849633083072 2.29006153382771 -7.18294104398875 -1.51128818185665 -5.26108293876658
"58" 4 0 -42.89917289 -22.425837543 -8.63096141887377 4.34083538333066 1.68480835301651 -8.76604360045979 -1.1404822034907 -4.88873988803776
"59" 4 0 -42.49917289 -22.325837543 -7.90888391891088 3.96530944456184 1.27004340706701 -8.39078299812658 -1.17761689104845 -4.8947221087401
"60" 1 0 -42.59917289 -22.525837543 -9.20787913992666 5.98892565813467 1.90120504352442 -8.02564766756285 -1.4380736646705 -5.15414652582961
