"group.all" "pa" "lon" "lat" "layer.1" "layer.2" "layer.3" "layer.4" "layer.5" "layer.6"
"537" 2 1 -39.331 -15.165 -10.2250671441247 5.52859469699912 2.02105567116439 -5.12597494014669 -1.92925422724802 -5.55340529339623
"538" 3 1 -39.575 -15.382 -9.27246873896595 6.36534706751956 1.49036593902537 -5.24327019092299 -1.92977364774024 -5.97728010664219
"539" 3 1 -40.729 -20.016 -8.83300017385833 6.11831725922025 1.39369816232441 -7.52284907537465 -1.50237453092674 -5.88317982317389
"540" 3 1 -41.174 -20.303 -8.46362409002228 6.35746558700619 1.39186792526674 -8.22612754546185 -1.46589664158267 -6.09965859800055
"541" 2 1 -41.468 -20.379 -8.38955202662371 6.78620512998989 1.38239232855705 -8.59279050675396 -1.5002284636382 -6.32953216266355
"542" 2 1 -41.74 -20.493 -7.98636230488516 6.08140811245515 1.28164649543036 -9.06468992142378 -1.44436601291515 -6.20247459198184
"543" 3 1 -42.482 -20.701 -7.74613707252894 5.14932359700205 1.03312320753856 -9.25514165079746 -1.36438558760286 -5.76902186025856
"544" 3 1 -41.844 -20.441 -6.4298360658123 0.694489732987105 0.295988725220412 -8.86259030842581 -1.04377708815346 -4.73507192189522
"545" 1 1 -43.501 -20.434 -8.01517041260549 4.33960538802796 0.590535014979504 -9.58509301402008 -1.22443499806466 -5.15541765811017
"546" 1 1 -43.512 -20.18 -8.24640701113853 5.4817024256628 0.815897182043663 -9.52952938831265 -1.20428819204136 -5.35755819235098
"547" 1 1 -43.458 -20.079 -7.79709856464609 3.82839203358297 0.367827078129521 -9.64737445891052 -1.22230603605155 -5.05503682516397
"548" 1 1 -41.798 -13.32 -7.77186008350741 7.00855551178935 0.464289065982684 -7.86051726539748 -2.10592193763117 -6.7920452593782
"549" 3 1 -43.614 -18.265 -8.4976583917326 5.68288464735555 0.582192964128209 -9.22722657265938 -0.884762580730474 -5.05583080725026
"550" 1 1 -41.963 -13.511 -7.28683911694041 6.29795796741636 0.231003916975918 -7.664165405241 -2.08393910505487 -6.5855910543696
"551" 2 1 -50.038 -27.092 -8.53586679504911 4.78525822295278 3.80280751857262 -7.34933495245178 -1.13483134109139 -6.18423286211502
"552" 2 1 -49.77 -27.27 -8.61362379719089 4.68410547970025 3.77209596859239 -7.28190176217435 -1.09751019257971 -6.00402182143921
"553" 1 1 -42.531 -22.305 -7.90888391891088 3.96530944456184 1.27004340706701 -8.39078299812658 -1.17761689104845 -4.8947221087401
"554" 2 1 -43.413 -22.551 -8.98851352658364 4.22787953303733 1.78753408260681 -8.65836540537176 -1.26753712394133 -4.8387901990422
"555" 3 1 -45.753 -23.624 -9.35353635678591 2.20894569496232 2.60363954845257 -8.75399582794137 -1.11103642133974 -5.10396332490162
"556" 2 1 -46.325 -23.769 -10.0161250184042 1.94742795781959 2.85819443534763 -8.96026856688746 -1.10738351501446 -5.15103824344367
"557" 2 1 -48.935 -24.69 -8.17774790779192 4.7564209853387 3.23531154654552 -7.58267978718325 -1.14830619325484 -5.63648472844912
"558" 3 1 -48.901 -25.333 -8.77258586212703 3.40996997973867 3.13328487106543 -7.78863170412984 -1.04147848396322 -5.23959108726372
"559" 2 1 -49.141 -26.187 -8.41003954017371 3.61135407010724 3.36788974452255 -7.43927134082957 -1.05314334512166 -5.39606154580062
"560" 3 1 -49.947 -26.549 -7.99265904589363 4.53782095589335 3.55273498977868 -7.54488325583169 -1.16558066365926 -6.25325199653715
"561" 1 1 -50.04 -26.73 -8.10085465368166 4.3666455494313 3.6523791849336 -7.52013417051288 -1.15380567207031 -6.24424374025915
"562" 1 1 -50.13 -27 -8.16627237700088 4.25139792385133 3.72871649043671 -7.43528059234507 -1.09283556307963 -6.20137560603465
"563" 1 1 -49.23 -27.09 -8.5118922778148 3.40993387360136 3.44433966278881 -7.27075592167059 -1.00894094157451 -5.46052402688913
"564" 2 1 -49.68 -27.18 -8.75714259818146 4.74835399628314 3.76557719261157 -7.27879657982607 -1.11547279704615 -5.95585107523104
"565" 3 1 -50.13 -27.18 -8.36253909217304 4.54016527045526 3.80491467908814 -7.32810420113732 -1.0759094987175 -6.13843113488919
"566" 1 1 -49.41 -27.27 -8.30255209113568 3.3770688572533 3.41392263539532 -7.28059837069798 -1.02902198179026 -5.61216164056259
"567" 1 1 -49.771 -27.45 -8.50356420290151 4.56850171479265 3.76702256863597 -7.26221720310383 -1.04534915160923 -5.9268384224827
"568" 3 1 -49.05 -27.54 -8.89308962101156 3.89593729106738 3.5479452105253 -7.17291431066523 -0.929954826224227 -5.16724049214966
"569" 3 1 -49.23 -27.9 -8.56558793330213 3.7494586958504 3.40567089302716 -7.15584157229435 -0.907087054158631 -5.31501332812407
"570" 3 1 -48.87 -28.08 -8.94129084799414 4.18748520089731 3.61200466111814 -6.64541696814768 -0.841362902984721 -4.76203749968986
"571" 2 1 -49.522 -28.462 -8.39289861916026 4.00491110839691 3.5227294600111 -7.2766868733115 -1.10039021150189 -5.79197334326558
"572" 2 1 -44.54 -22.217 -7.54939777982836 2.9082987968695 0.830539790652052 -10.4624185600979 -1.3105793112835 -5.14990410849276
"573" 3 1 -44.623 -22.428 -7.55736929136867 3.93516881004755 1.12969222794694 -10.1740623289265 -1.31849079243648 -5.3575273355456
"574" 1 1 -42.95 -22.454 -8.27216006400888 3.35418947217759 1.36124879051362 -8.71316344707812 -1.11727756367977 -4.70839970419013
"575" 1 1 -44.393 -22.825 -7.6284016839557 4.04435953433073 1.37521348360173 -9.5181115251416 -1.28280118690225 -5.24341208490655
"576" 2 1 -49.41 -26.55 -7.98771441093877 3.44946786188813 3.30356045561869 -7.44782016657532 -1.1063802798846 -5.74768222548767
"577" 1 1 -49.538 -26.896 -8.07265075395306 3.33802075092881 3.35403474984976 -7.38031195122159 -1.08119901668609 -5.77362833315786
"578" 2 1 -49.15 -27.628 -8.18891807403453 2.81286261013846 3.28071683518893 -7.1862909794218 -0.91578549275203 -5.32268707129865
"579" 3 1 -43.89 -21.969 -8.41153169597549 5.51058365339914 1.19841013979505 -9.14639320117126 -1.44223391286084 -5.21749704134393
"580" 1 1 -48.97 -25.523 -8.51413255055184 3.20844428382111 2.99765712893934 -7.71339846218964 -1.10157919032589 -5.29298315973045
"581" 2 1 -48.859 -25.609 -8.66057019305537 3.20181489015077 3.14413420333923 -7.75223168204516 -0.986752457420422 -5.16857522100852
"582" 2 1 -48.691 -25.627 -9.55376560952846 3.58207496894704 3.47054724683732 -8.05358759849412 -0.80594443508781 -4.84063105417918
"583" 1 1 -49.05 -26.1 -8.23541341551574 3.34507023586923 3.23723882014014 -7.41477378694076 -1.0648642572264 -5.41275582625111
"584" 3 1 -50.223 -26.817 -7.91366989003588 3.99132133719544 3.67850448274499 -7.56155659736106 -1.10592897460361 -6.31668682226901
"585" 2 1 -49.771 -27.54 -7.97295179322154 3.50505644761008 3.46537409424556 -7.20160529696601 -1.01742842109223 -5.83925403208177
"586" 2 1 -48.819 -27.822 -8.26816182411281 2.24242829425933 3.11768364883702 -6.96489843809933 -0.838866149780371 -4.95946592733794
"587" 2 1 -49.496 -28.172 -7.38963367301937 0.885161976028544 2.77876456786461 -6.96338395565109 -0.961737227335599 -5.56813051029149
"588" 2 1 -42.882 -21.964 -8.68460767874113 6.14103184332182 1.65840541055756 -9.33980191001752 -1.28823814055146 -5.51943749782383
"589" 3 1 -45.944 -22.723 -7.56507477663129 2.56130880969181 1.22888148001161 -9.72250115447012 -1.0844498092045 -4.84545396095485
"590" 2 1 -46.031 -22.88 -8.25688286018594 4.59383795204183 1.63149936082789 -9.03953539012454 -1.39778282644327 -5.32515262907377
"591" 1 1 -49.588 -28.432 -7.66505677474248 1.52510911242902 2.96014902375995 -6.83863119630804 -0.987313177663568 -5.55553700435295
"592" 3 1 -44.651 -22.407 -7.5989563602777 4.02533512710253 1.18367574944325 -10.2065288985429 -1.28891178023351 -5.36886349977299
"593" 3 1 -44.876 -22.428 -7.47435133074157 1.46925876067812 0.698861190338451 -11.125681640406 -1.26381088888384 -5.0148165430576
"594" 1 1 -43.913 -21.741 -8.42846677642063 5.31599514951504 1.00812937640891 -9.19102962293071 -1.4452330618342 -5.19440261957271
"595" 1 1 -44.603 -22.336 -7.64043588405975 4.22876479974432 1.18740040448603 -10.149669954021 -1.32169473142088 -5.41595809571907
"596" 3 1 -46.104 -22.785 -7.81073215204903 3.34488123475272 1.35869394097919 -9.4683055143297 -1.24910505491678 -5.05617471651074
"597" 2 1 -44.772 -22.127 -7.76391337061995 4.72069731977452 1.12248697831747 -10.2931153582701 -1.38875727544311 -5.72135925555256
"598" 3 1 -45.622 -22.766 -7.47185794142001 2.33691901879562 1.09782840286373 -9.72691037227169 -1.08556927832657 -4.77930167243402
"599" 2 1 -49.305 -25.418 -8.08495839213711 3.94369881157585 2.7860076892948 -7.34031167685407 -1.30574398966561 -5.73139615166899
"600" 1 1 -49.818 -28.55 -7.80505630577422 1.96321612451806 3.10740567850329 -6.83720811569318 -1.02337520254805 -5.67312725246303
"601" 2 1 -50.201 -29.313 -8.83637517150397 2.07324945639634 3.81210280447594 -6.66529356640739 -0.874151001530536 -6.07714905115615
"602" 2 1 -50.392 -29.421 -8.73773768356288 1.72778318500796 3.80116234322724 -6.84690689595988 -0.710420192355604 -6.17665819944602
"603" 1 1 -52.194 -24.562 -9.00866484256303 4.55549251417436 3.0622666923329 -8.17586475897574 -1.47208366467658 -6.44942464800791
"604" 3 1 -52.997 -24.987 -8.91891236455436 3.95551865191373 3.43596040130352 -8.52390983803276 -1.30642268665421 -6.8116046663975
"605" 1 1 -50.018 -25.6 -7.80679166471092 4.33297072223342 3.17387519234295 -7.85922380679905 -1.26725661089426 -6.23103458372295
"606" 1 1 -50.251 -25.651 -7.9504594386525 4.30858255563736 3.21237912681676 -7.98470823119168 -1.27044864249542 -6.2768830181427
"607" 3 1 -49.715 -25.816 -7.4470795526585 4.12043762015183 3.05010643546062 -7.50816601444866 -1.23598327537453 -6.12102104288979
"608" 2 1 -51.519 -26.096 -8.21844192137965 3.46560673485579 3.60337962682813 -7.8554809577547 -1.15861357405212 -6.69284962971513
"609" 1 1 -52.678 -26.193 -8.71748225487334 3.50502131363684 4.11832883122366 -8.73592015379245 -1.28170652989496 -7.46930509347728
"610" 1 1 -52.217 -26.317 -8.82488946972682 2.73745270415294 3.85564025555703 -8.57073245945268 -0.977886736690412 -7.3105063944675
"611" 3 1 -51.837 -24.771 -8.83782726646311 3.90323364189724 2.92133679042634 -8.31033541049999 -1.28487737125691 -6.38956920179977
"612" 3 1 -51.285 -25.075 -8.57645687775793 4.24244611260596 3.33978093483467 -7.74932482049367 -1.32796405656311 -6.46442005064572
"613" 3 1 -50.674 -28.928 -8.60048060394576 2.17296512403857 3.69166569877549 -6.84990293597521 -0.861802706485188 -6.12511089353653
"614" 2 1 -44.986 -21.331 -8.35479942228277 5.28612193788622 0.829405546167173 -9.96743175543365 -1.4495787819044 -5.68409497791701
"615" 1 1 -44.945 -21.686 -8.12934997719304 5.50775220193912 1.19217561179877 -10.2733643075252 -1.72049393481173 -5.94936807365545
"616" 3 1 -46.253 -21.922 -8.42566211552828 5.22274597134971 1.33473990761743 -9.76423676182854 -1.47984731909414 -5.76691888465413
"617" 1 1 -45.323 -21.934 -8.14722126970632 5.71678828305294 1.08257271576906 -10.2100286898428 -1.50423361340464 -6.1755297353666
"618" 2 1 -46.556 -21.773 -8.4812957369208 5.61876679464027 1.36124643993163 -9.55580387348998 -1.51505275663293 -5.72312322257197
"1" 2 0 -44.39917289 -17.025837543 -8.50257831862091 7.67687586732084 0.745618953377632 -9.61558702311553 -1.680641576343 -6.73573028520132
"2" 3 0 -51.19917289 -25.225837543 -8.24611060305833 3.10734384010594 3.05779700446945 -7.68974176308742 -1.38913482987392 -6.35775947603438
"3" 2 0 -54.49917289 -25.725837543 -9.17210607940963 5.40764781436526 4.48302597179211 -8.32356022709541 -1.09257919928419 -7.45489251486215
"4" 1 0 -42.09917289 -11.325837543 -7.96713947611247 9.65343728297662 -0.0175839337146377 -7.47982437898868 -2.01907303713155 -7.79634990960514
"5" 1 0 -41.29917289 -13.425837543 -7.80176950874154 6.02600755158731 0.829095585435163 -7.10949776045962 -2.03914383134193 -6.71889059543018
"6" 1 0 -40.19917289 -15.025837543 -8.75125133088998 6.78614587520374 1.43389646913909 -5.71102044650408 -1.9459502979857 -6.13209766609795
"7" 2 0 -49.49917289 -28.225837543 -8.21130724551538 3.36881569362458 3.33693518095642 -7.14580103924631 -1.09377874875803 -5.7037977077293
"8" 3 0 -44.99917289 -22.325837543 -7.95538272984104 5.1274334875416 1.4298978684042 -10.3581885644033 -1.32244477929702 -5.81230382653301
"9" 1 0 -45.59917289 -23.725837543 -9.99764291113364 2.76216770956758 2.78944469003803 -8.66764002285312 -1.15895480148792 -5.00209502016706
"10" 2 0 -51.99917289 -25.225837543 -8.84151934491151 3.94796799449334 3.38786175158379 -7.82953488821384 -1.29825001471937 -6.58658783558458
"11" 2 0 -45.09917289 -16.925837543 -8.25956540446705 8.25501700142047 0.815636512043627 -9.58976297493295 -1.71208109913352 -7.09995366955335
"12" 2 0 -47.59917289 -22.625837543 -8.42659119478056 6.45591260282338 1.72592360660595 -8.83668531791473 -1.50840655697468 -5.90751895708983
"13" 2 0 -44.69917289 -18.925837543 -8.58095394228207 7.86351566924575 0.809944761669293 -9.4202405765143 -1.58359644325966 -6.70316545056635
"14" 2 0 -43.39917289 -17.025837543 -7.90462326273297 7.13809364607145 0.131791110181007 -8.73072949383876 -1.57260099349561 -6.39838848913809
"15" 3 0 -50.89917289 -24.425837543 -8.36639861693147 4.64841665667383 3.38675459582507 -8.23890180287454 -1.48133026219219 -7.00568187895665
"16" 1 0 -49.39917289 -28.125837543 -8.38148702871915 3.6418222316145 3.37203949378829 -7.23054278715994 -1.07618624708973 -5.62351124142224
"17" 2 0 -49.29917289 -23.625837543 -8.13675186110827 6.21061176123225 2.38468555035892 -7.99217691812918 -1.61516113682457 -6.47327217033301
"18" 1 0 -41.19917289 -20.725837543 -9.23137366161103 8.19288052396692 1.71693017418249 -7.35976399991443 -1.54640170946605 -6.4465087162957
"19" 1 0 -44.59917289 -20.825837543 -8.63506463855682 5.52245387591957 0.805509895022301 -10.0664976459286 -1.43811506074364 -5.67096957783663
"20" 1 0 -42.99917289 -21.325837543 -9.04455847419058 7.33499723289559 1.62935614734085 -9.28383849601395 -1.42229789613817 -6.09069199013925
"21" 2 0 -40.79917289 -12.425837543 -7.8004923915867 7.9265533714398 0.62541202155844 -6.00009289077673 -2.28988445137513 -7.02710033684666
"22" 1 0 -47.79917289 -24.025837543 -8.55779373587557 5.0184974866267 2.53692194052441 -8.02525349519917 -1.28561996716382 -5.28129282269135
"23" 1 0 -46.29917289 -20.925837543 -8.24874838911822 5.04118675344613 0.894336310165401 -9.61303512723528 -1.51232319439838 -5.62652631685
"24" 1 0 -40.79917289 -11.825837543 -7.93312673950727 6.37912937326066 1.04628662880537 -5.98420381520252 -2.0668537203358 -6.57907608416276
"25" 1 0 -40.29917289 -18.125837543 -9.33829143409883 7.71888009827065 1.46500917927644 -6.44692053031726 -1.84834159842101 -6.47612063559627
"26" 1 0 -50.99917289 -24.125837543 -8.33592862054619 4.42655064391296 3.00086442796332 -8.31024842267262 -1.54234967736736 -6.75754614155645
"27" 2 0 -43.79917289 -13.725837543 -8.48765484889117 9.53652201909996 0.0606917264060906 -8.01695759641355 -1.83004115252798 -7.45526130170294
"28" 2 0 -42.59917289 -12.125837543 -7.29972410145969 8.60020492518742 -0.0538262167876853 -7.95592847251691 -1.79221890190406 -7.4900558570024
"29" 2 0 -48.19917289 -20.825837543 -9.22493842590946 7.13482567845937 1.06670467756933 -9.39856882950604 -1.8385454751927 -6.16142369485402
"30" 1 0 -53.89917289 -26.925837543 -9.14317974237037 4.54272745854473 4.44674687248015 -7.99600753011374 -1.18217630516959 -7.38133305408734
"31" 2 0 -42.69917289 -14.625837543 -7.96257307213898 8.60519733448224 -0.143419883871277 -7.64022066438451 -1.82989755192018 -6.87431511593594
"32" 3 0 -53.69917289 -23.325837543 -9.14284350061812 6.72310168464221 3.0762323402418 -8.0251119990048 -1.55967850010313 -7.09316966433863
"33" 1 0 -48.69917289 -26.425837543 -10.0799982847918 4.74813269742356 3.57703987414162 -7.37104860461963 -1.05435037997955 -4.81652871272212
"34" 2 0 -40.69917289 -16.525837543 -8.55488126178295 8.06535765820434 1.34102825280932 -6.97302234729297 -1.81194508944321 -6.8118588966048
"35" 3 0 -41.09917289 -12.325837543 -8.02595486784588 8.04726261685797 0.665571885598813 -6.63174629451611 -2.19276989274276 -7.07728391316236
"36" 3 0 -48.99917289 -26.625837543 -9.48202928204379 4.76407032992935 3.69792448444138 -7.25036660481993 -1.0821746216742 -5.26182607131458
"37" 3 0 -51.89917289 -29.125837543 -8.81285164186139 5.34185621836695 4.04776939332119 -6.82497019325836 -1.02377226576381 -5.73612761346689
"38" 1 0 -43.89917289 -19.625837543 -8.83182196657921 6.87497802463625 0.592081389546238 -9.34824038166342 -1.3992386976415 -5.8690010139921
"39" 2 0 -54.29917289 -24.225837543 -9.3218071467306 5.75764824532046 3.68146097457719 -7.97320371577888 -1.27444516015004 -6.68018952473419
"40" 3 0 -40.79917289 -20.825837543 -9.4585037845766 7.78227757186225 1.77803176810646 -6.26218625538521 -1.49254080071388 -5.99561991661756
"41" 2 0 -48.69917289 -27.625837543 -9.1804487636494 4.05719506794497 3.45878767055215 -6.77013011294498 -0.771709502700126 -4.42525454376866
"42" 1 0 -47.49917289 -20.725837543 -9.27978514531719 6.3401706375456 0.920028134761683 -9.13006889769509 -1.77187255938347 -5.55814032234718
"43" 1 0 -53.29917289 -24.825837543 -9.04632139317246 4.2610927150977 3.50552056910774 -8.65817596795944 -1.32245440433315 -6.80190239399582
"44" 2 0 -41.79917289 -20.025837543 -8.17064694215464 6.52168558392354 1.17763194406333 -8.87769937875566 -1.47668709155619 -6.22007023330571
"45" 2 0 -50.79917289 -26.725837543 -7.6414048177999 2.7013371181511 3.64994552763427 -7.63607206032567 -1.14425567584685 -6.6341067528624
"46" 2 0 -50.59917289 -23.525837543 -8.43657089843967 5.47960064613812 2.68759124157279 -8.00774243514325 -1.68845509141844 -6.744616734582
"47" 3 0 -39.49917289 -16.525837543 -10.2423609192333 6.56021287704115 1.93661751255266 -5.8336461951777 -2.05711000212951 -6.06026450827705
"48" 3 0 -52.09917289 -27.425837543 -9.17434149668107 3.78098170238841 3.90007694316628 -7.4039771032603 -1.04150668805714 -6.79550929238123
"49" 2 0 -42.59917289 -15.025837543 -8.00316712587935 7.74113661654947 -0.386673833107254 -7.72787428484565 -1.85819311048093 -6.54958260936851
"50" 1 0 -47.19917289 -23.825837543 -8.35557166884583 3.27903811336748 1.97487428173152 -8.79731596599131 -1.15190866050507 -4.84054794479835
"51" 1 0 -42.29917289 -18.025837543 -8.58228328818334 7.98945332277283 0.912130691931822 -8.69766984291486 -1.52763762478323 -6.64294010547157
"52" 2 0 -41.39917289 -15.325837543 -7.71974445238275 7.43709066448169 0.0983738524759287 -7.30805921570784 -1.63988041117183 -6.37700866345494
"53" 2 0 -43.79917289 -12.325837543 -8.38598887829968 9.71968945803115 0.321795695465691 -8.50280676093073 -1.8881144550237 -7.84324620746469
"54" 2 0 -50.09917289 -26.225837543 -7.57360557996143 4.33650413833029 3.4320678007864 -7.78206948292701 -1.19271771070969 -6.39027614958468
"55" 3 0 -43.19917289 -17.325837543 -8.13425945271783 8.18402765842566 0.375725539517315 -8.66253536717498 -1.5925721536803 -6.88111164697463
"56" 3 0 -52.99917289 -24.625837543 -9.475001378593 5.45382830490876 3.57496116173995 -8.37932506918078 -1.35391723785482 -6.78930592879606
"57" 3 0 -51.59917289 -26.425837543 -7.79778870447821 2.43825924644304 3.36265352911935 -7.85745092317127 -0.987526881089372 -6.78268584838415
"58" 3 0 -42.29917289 -13.425837543 -7.94936932726148 9.08159841820805 0.0283977903825169 -7.61714115965619 -1.82294061780113 -7.28250545265102
"59" 2 0 -48.49917289 -22.325837543 -8.5541776895703 6.58129556945827 1.81817744522833 -8.93840723518075 -1.72455283834526 -6.15855411064478
"60" 1 0 -42.09917289 -18.125837543 -8.4650329787094 7.31758925073472 0.906779268686462 -8.65742353282612 -1.46056117742645 -6.34640774713931
"61" 3 0 -50.49917289 -28.025837543 -7.77679268278127 3.14031635066312 3.49541962910923 -6.87348329697811 -0.92268799343273 -6.10058602171489
"62" 1 0 -45.09917289 -18.425837543 -8.6609430978485 7.49863248659923 0.648656204779756 -9.46133515729867 -1.67267630556002 -6.43363236401662
"63" 3 0 -49.59917289 -23.025837543 -8.50066207797955 6.31499404017084 2.27889142966706 -8.75594023328133 -1.72300085529024 -6.47084358300172
"64" 1 0 -40.59917289 -15.325837543 -8.10846242324268 7.2887169992064 0.771095736347198 -6.23685813919892 -1.80535587895 -6.39381399706162
"65" 1 0 -50.99917289 -29.225837543 -8.78335902338802 2.40734150374574 3.75554766713359 -6.85841002344379 -0.769481998873923 -6.03296371925361
"66" 2 0 -51.79917289 -27.325837543 -8.63787294973581 3.28367607239428 3.70623609730024 -7.57824383259424 -0.917899569561372 -6.76861870512762
"67" 3 0 -42.39917289 -20.425837543 -7.92924525916785 6.2364584969419 1.14395894331995 -9.09927475021341 -1.41701845905604 -6.1400038602398
"68" 1 0 -48.69917289 -24.625837543 -8.2650814443587 4.7542103594327 3.2398186975828 -7.63743363719556 -1.10421538089123 -5.46889429263903
"69" 2 0 -49.99917289 -23.325837543 -8.81812049083772 5.94980910731604 2.80352092190042 -8.17124821323053 -1.6792701698098 -6.62801061540087
"70" 2 0 -40.89917289 -15.425837543 -8.00288993447439 7.96537527982336 0.315625125375696 -6.80624524278693 -1.6533410828621 -6.49209602572885
"71" 1 0 -39.99917289 -15.525837543 -8.71560999223921 7.80396502011986 1.23573777434875 -5.71867361774202 -1.78518415781927 -6.37913951609024
"72" 3 0 -54.09917289 -27.425837543 -9.31981214071846 5.05591971824796 4.53991252125494 -7.71264671685431 -1.05315234519493 -7.27514341242549
"73" 2 0 -40.79917289 -20.125837543 -8.49417359520346 5.46938324546474 1.35975986189641 -7.7593772856077 -1.42090472508297 -5.69369681358295
"74" 3 0 -47.89917289 -20.125837543 -9.55541837607445 7.21270323314643 1.09773461332781 -9.52942304309499 -1.89470514712357 -6.15382774956677
"75" 3 0 -54.69917289 -26.525837543 -8.44199188420087 5.66746016815954 4.15183749464297 -8.31019737177684 -0.986419750584956 -7.05077367051418
"76" 2 0 -49.09917289 -27.325837543 -9.03298754122489 4.14675024992209 3.68284999384697 -7.18449226159261 -0.972770280837828 -5.30481237582759
"77" 1 0 -42.09917289 -12.425837543 -6.83740494763499 8.06869798168514 -0.177348053961074 -7.40893135777125 -1.88440990461547 -7.31750360537458
"78" 2 0 -43.69917289 -20.025837543 -8.3680401225817 5.76468745100501 0.668272498219831 -9.71706766181873 -1.22655246434265 -5.56772689628244
"79" 3 0 -48.79917289 -26.725837543 -9.59226499103733 4.94013535474104 3.72684420045369 -7.32783662375489 -1.07174295257355 -5.18858059431424
"80" 1 0 -47.09917289 -21.625837543 -8.5426915804012 6.63165938498105 1.49273908357754 -9.16182171526724 -1.62790221266454 -6.04358765021632
"81" 1 0 -49.89917289 -23.025837543 -8.95679480991615 6.71013636885636 2.58746883643518 -8.67669679686053 -1.68791518017294 -6.63533335003812
"82" 2 0 -41.59917289 -11.925837543 -7.37220484085999 7.96991432624285 0.263930577654052 -6.92407130174041 -2.23717516582513 -7.16122077802827
"83" 3 0 -47.59917289 -20.025837543 -9.51784065731363 7.0855353125992 1.0717443274939 -9.56577168714697 -1.81718989889698 -5.97479755572373
"84" 3 0 -50.79917289 -29.125837543 -8.71758666590517 1.79828622740921 3.72652113931913 -6.92177449876997 -0.810587024090042 -6.23644050945209
"85" 1 0 -45.69917289 -22.625837543 -8.20122438522991 3.96351066833455 1.40576150316954 -9.91159246515424 -1.28888307908538 -5.31431204076013
"86" 2 0 -51.89917289 -27.625837543 -8.77651233144251 3.48222233073504 3.63288977259636 -7.31792246782894 -0.945867336264902 -6.6151484257666
"87" 1 0 -48.79917289 -28.225837543 -9.02137625420151 4.30428741896084 3.69685646291971 -6.22757336490067 -0.834052464394917 -4.67418454001993
"88" 2 0 -45.99917289 -22.625837543 -8.21194594380341 5.17426124215702 1.44407979481421 -9.20991007618778 -1.48568526420565 -5.64090496748379
"89" 1 0 -44.29917289 -21.025837543 -8.50678554215678 6.03608595033432 1.01149112216939 -9.78017365368802 -1.41088550664181 -5.76226228917303
"90" 3 0 -43.59917289 -12.925837543 -8.8930834146275 9.80234865298004 0.162308151356626 -8.3715301056697 -1.9506948165579 -7.68706416700988
"91" 3 0 -42.79917289 -14.125837543 -8.12687649823801 8.88117297804751 0.112777987786241 -7.75718881549157 -2.01593382625441 -6.94400316444674
"92" 3 0 -43.39917289 -19.425837543 -8.48688449429692 5.4831282050421 0.660537681749812 -9.64898557215046 -1.16585322765648 -5.36135063101798
"93" 2 0 -40.69917289 -19.625837543 -9.46325950201139 7.67357636167721 1.40808002120611 -7.58055584030307 -1.65843360250653 -6.31383050541466
"94" 2 0 -46.79917289 -21.025837543 -8.36737982482314 5.08670474511987 0.709607463665264 -9.15313538890905 -1.6053565569112 -5.4149304358978
"95" 2 0 -40.29917289 -11.925837543 -8.36839500309835 7.75100596101023 1.22585271826732 -5.87448043667639 -2.12051417037526 -6.75491681757968
"96" 3 0 -43.79917289 -18.425837543 -8.29302438970388 6.08558485560077 0.537841218976747 -9.23992420943813 -1.12224501858847 -5.44845911641268
"97" 3 0 -52.49917289 -22.625837543 -8.76665158736386 7.42133655267839 2.60655635216358 -7.91531551706733 -1.74725602969019 -6.99356869659935
"98" 3 0 -43.79917289 -16.225837543 -8.37804813721386 8.72884082171916 0.374399783906989 -8.97923911049741 -1.70526402327749 -7.1240563852266
"99" 1 0 -52.59917289 -29.425837543 -8.25514663848421 5.00319902480601 3.49331027464593 -7.34867083154143 -0.963618894205918 -5.46061495573569
"100" 2 0 -42.69917289 -22.225837543 -8.20902134990759 4.65845445384345 1.36862252487948 -8.68817588378807 -1.16524145459056 -4.99609482927707
"101" 3 0 -45.49917289 -17.925837543 -8.89227311516285 7.25182237734493 0.523936192349313 -9.63085377357603 -1.7451491577415 -6.32139263627189
"102" 2 0 -49.59917289 -23.225837543 -8.2452885656934 5.84852777810021 2.24685522651734 -8.52961263579193 -1.6839903546627 -6.43467316017377
"103" 1 0 -46.69917289 -23.125837543 -8.07258586998559 5.11948780019292 1.58312425347871 -8.43219439175717 -1.44845626274642 -5.41196419087349
"104" 2 0 -53.69917289 -25.525837543 -9.388456146561 5.13160889083758 4.33101521716422 -8.58046473511789 -1.27152418391673 -7.2976372397419
"105" 2 0 -50.29917289 -26.325837543 -7.76245379492123 4.39054267498844 3.63985573204227 -7.86835814781305 -1.1780501080604 -6.47694424299688
"106" 3 0 -54.39917289 -23.725837543 -9.38211029194709 5.96262040717574 3.30617858143194 -8.0526502744653 -1.28466333046836 -6.48434415765543
"107" 1 0 -41.19917289 -19.625837543 -9.14559983945046 7.88128675391105 1.35489026392904 -8.33944211789223 -1.66147769683251 -6.58107280469771
"108" 2 0 -40.99917289 -15.225837543 -7.87717581185024 6.9757748210977 0.429502472098005 -6.64472042881459 -1.66831040561829 -6.32234704871921
"109" 2 0 -42.89917289 -22.825837543 -9.57727433359072 6.63777051400544 2.53105135599294 -6.69567030342587 -1.56010192451125 -5.29416563992051
"110" 2 0 -45.49917289 -20.425837543 -8.49475223637057 6.36732750591202 1.0839909876296 -9.81334434402188 -1.49362081066768 -6.18607696707714
"111" 1 0 -45.69917289 -21.425837543 -8.53380507224097 6.46526916812867 1.57298208734809 -9.66581130540941 -1.55298107410414 -6.32847445881649
"112" 3 0 -41.19917289 -14.125837543 -8.08349474433175 9.04484946395723 0.193823044580702 -6.59588527895508 -1.97914260459684 -6.988858503488
"113" 2 0 -43.69917289 -21.225837543 -8.40826174786602 5.13573654155809 0.830432384223076 -8.96201939745586 -1.39910335627021 -5.24913353441738
"114" 1 0 -39.89917289 -13.725837543 -8.41967017325453 5.12138018795623 1.3240339726262 -4.93976265609098 -1.94832752949131 -5.55576413739556
"115" 1 0 -49.29917289 -27.325837543 -8.71707334912851 3.92324217558491 3.62157374428315 -7.24094368332461 -1.00373981362717 -5.48228654797583
"116" 2 0 -47.49917289 -24.125837543 -9.28459446609913 3.99920911025851 2.78366987930178 -8.45604801053317 -1.19120767947756 -5.01007300260302
"117" 3 0 -50.79917289 -23.525837543 -8.52775277093663 5.68034628174119 2.69196212699648 -8.1481046247473 -1.65434862446166 -6.64256731232637
"118" 1 0 -49.79917289 -23.025837543 -8.71612984632212 6.60016730626884 2.45378599834069 -8.60389828249429 -1.73740281177754 -6.61324260169353
"119" 3 0 -44.69917289 -21.125837543 -8.9973840408681 5.86257740550057 0.897114747053824 -10.0264455019995 -1.43782546167497 -5.74037782464818
"120" 2 0 -51.69917289 -31.025837543 -8.29923365117113 4.71961635707059 3.86212997145165 -5.84518635675785 -0.432364799966686 -5.58240716823412
"121" 2 0 -44.49917289 -19.025837543 -8.35449312165568 7.43012004759425 0.734820493127661 -9.31648356067738 -1.62333179149768 -6.55138080730483
"122" 2 0 -39.79917289 -18.925837543 -10.0819404275434 7.06561495420555 1.96822495084339 -6.34800661603163 -1.67656433563286 -5.89122036691071
"123" 1 0 -51.19917289 -23.225837543 -8.90159175737324 6.24503735933817 2.51522049928279 -8.2616027411022 -1.54424498458804 -6.49017912196543
"124" 2 0 -45.49917289 -18.225837543 -8.99101653024039 7.41451082373352 0.577576084295896 -9.61470007824972 -1.74779551321493 -6.34341958921473
"125" 1 0 -47.89917289 -21.725837543 -8.68881289998247 6.32166852528745 1.41570805677688 -8.93488912354697 -1.63037387027185 -5.91629712563989
"126" 1 0 -39.19917289 -16.025837543 -10.7325187200018 5.96069343068375 2.1410537052155 -5.10833416110304 -1.84307006585087 -5.94594851122593
"127" 3 0 -42.09917289 -19.325837543 -8.75324746334426 7.5134301648635 1.23515870090695 -8.8319540857467 -1.5559574910251 -6.38915848383284
"128" 2 0 -40.99917289 -14.625837543 -7.30039143707992 8.01757249266046 0.0440094077756627 -6.65041051045 -1.77965168950085 -6.54795379907601
"129" 1 0 -45.39917289 -21.025837543 -8.46016624021208 6.71551139763815 1.24888442675145 -9.43322793412067 -1.55748403772437 -6.24156687274577
"130" 2 0 -44.09917289 -18.125837543 -8.50886726917505 7.43083912600549 0.610541799407894 -9.37727340029621 -1.38475549946953 -6.25637669999603
"131" 1 0 -49.19917289 -22.825837543 -8.24288007233484 6.55634884801507 1.92394295745402 -8.73998019217261 -1.77879843886014 -6.50004181047442
"132" 3 0 -44.09917289 -21.225837543 -8.49779219125332 5.89662425000377 1.02127004028886 -9.44671012024859 -1.42767844969744 -5.6565517183891
"133" 3 0 -51.79917289 -23.725837543 -8.61839387209281 5.41116861512211 2.85911651303275 -8.21743110729921 -1.53062985121699 -6.56023178271423
"134" 1 0 -52.79917289 -29.225837543 -8.39899665828459 4.23103029320922 3.7949391945329 -7.14494381104531 -1.02432208102623 -5.83976367830544
"135" 2 0 -48.39917289 -23.125837543 -8.22482560468454 6.09447830966634 1.79234237790297 -8.58266128404932 -1.63437856819568 -6.16495930671691
"136" 1 0 -41.79917289 -18.325837543 -8.96527465065481 8.02412752902595 1.13088893301676 -8.43694125494135 -1.54179335447733 -6.47681727243914
"137" 1 0 -40.69917289 -12.025837543 -8.13109619567165 7.60188719359837 1.02543467659761 -5.90959239299013 -2.19635073715516 -6.88797189805108
"138" 3 0 -52.69917289 -24.325837543 -9.15032969198205 4.94235785521804 3.1916110990088 -8.2119795589686 -1.41888885946382 -6.65530274570081
"139" 1 0 -41.09917289 -14.425837543 -8.05578751571104 8.52707206408513 0.602742171001751 -6.27063475588869 -2.09130200053569 -6.8756479662142
"140" 2 0 -48.29917289 -24.625837543 -9.58994337003634 6.05859882051548 3.42919574085489 -7.89556610499094 -1.21654485593386 -5.34890776704628
"141" 3 0 -50.89917289 -24.025837543 -8.24709703534773 4.55726407286077 2.93111776997084 -8.30630093797403 -1.54166326735128 -6.7258456689161
"142" 3 0 -51.59917289 -22.625837543 -8.7902777299936 7.19501012366508 2.59289136769921 -8.15407941326029 -1.70635969157271 -6.87715978991234
"143" 1 0 -40.89917289 -15.825837543 -8.36522199889438 7.63053652031911 0.876463198982153 -6.7534424158635 -1.72386075252955 -6.55156067465265
"144" 3 0 -45.99917289 -20.825837543 -8.50042618216666 5.8272684615572 1.13289329873315 -9.8275822602433 -1.50302167876122 -5.9953848227136
"145" 2 0 -44.09917289 -22.025837543 -8.24629146427703 5.38123143480579 1.27763099322886 -9.40610920372757 -1.40144295352643 -5.31150142246121
"146" 2 0 -41.59917289 -12.825837543 -6.9325828813497 7.0024056542227 0.0894256280972606 -7.23721403745811 -2.11768446383928 -6.88187351714104
"147" 1 0 -46.09917289 -23.225837543 -8.14122240096283 5.2701575058214 1.62077906125493 -8.25621027754428 -1.37522951761219 -5.13677118908974
"148" 2 0 -42.09917289 -17.725837543 -8.00217311971656 6.95248294964233 0.654961923180185 -8.44415566963946 -1.52433988276863 -6.38580747944411
"149" 1 0 -46.39917289 -19.625837543 -8.66861275768607 6.36458349730837 0.861766743700332 -9.72344122059826 -1.51400029016464 -5.95606030406426
"150" 1 0 -42.79917289 -22.525837543 -9.69300865679966 7.01092786245177 2.43906312169715 -7.47614073347023 -1.52346905343752 -5.39011086838505
"151" 2 0 -42.79917289 -17.525837543 -7.93482252818075 7.56389368632571 0.448273915529653 -8.51807251696724 -1.49247718437695 -6.52979272389862
"152" 1 0 -45.09917289 -17.025837543 -8.28819033905444 8.10270871349439 0.785317509680733 -9.53596881092617 -1.71528124264085 -6.98429176405893
"153" 2 0 -48.49917289 -23.425837543 -8.17019450039488 6.20782181163881 1.99574068712259 -8.3483692338087 -1.64454637781615 -6.19623825576588
"154" 3 0 -45.39917289 -18.025837543 -8.89552465580015 7.43703366262787 0.573794360735566 -9.60547889817293 -1.74073585082023 -6.38382838720488
"155" 1 0 -44.89917289 -18.625837543 -8.58457409552175 7.92593571913331 0.730570136683168 -9.39942028846292 -1.61898827266941 -6.71395160517716
"156" 2 0 -46.49917289 -23.825837543 -10.4557322505917 1.75697484201573 3.01841418252255 -9.29178812864326 -1.04481719415774 -5.04814777872473
"157" 2 0 -39.39917289 -17.425837543 -9.94762310230311 7.08399646128296 1.96045288093991 -5.0592585531719 -1.83410795969999 -6.15837947316788
"158" 1 0 -39.69917289 -13.825837543 -10.4902658042146 4.75945538559621 2.12300940694826 -4.97836274660197 -1.71031632568038 -5.57532981036497
"159" 2 0 -42.69917289 -16.325837543 -7.48730220069782 7.43568456070088 0.185409471862483 -8.55096289406669 -1.54074944801476 -6.78632737326145
"160" 1 0 -44.69917289 -23.325837543 -10.7625821367431 4.95243060069495 3.07318954862328 -8.92466883426204 -1.54936100090225 -5.57478864843189
"161" 2 0 -43.79917289 -20.125837543 -8.50682774479102 6.49220039425403 0.83825563797688 -9.66669131342115 -1.27011344289928 -5.85418365717089
"162" 3 0 -39.09917289 -16.225837543 -10.9100573310484 5.82097144557064 1.88569730775934 -5.32202759412125 -1.3118134270389 -5.84081058431602
"163" 3 0 -49.49917289 -26.025837543 -7.57033668135117 4.02349789804539 3.16842320706511 -7.44646916346 -1.17629449318175 -5.92930364773983
"164" 1 0 -50.39917289 -29.325837543 -8.92860465422424 1.75663530508039 3.89953482820649 -7.006928398052 -0.824304984640378 -6.32507466953467
"165" 1 0 -52.09917289 -29.225837543 -8.32670346153338 4.60530181760979 3.56782553893732 -7.20037481805263 -0.986566458218886 -5.49395986288993
"166" 1 0 -42.39917289 -17.525837543 -7.8846517619696 7.28090461952284 0.485254773785505 -8.45583397041391 -1.54879784155243 -6.542871217578
"167" 3 0 -40.39917289 -18.625837543 -9.50420490929112 7.68846372414392 1.39931462645002 -6.94063322587193 -1.85481920929383 -6.42513089226526
"168" 1 0 -49.89917289 -27.225837543 -8.60959506723364 4.81056710911593 3.82917358860369 -7.30435442666843 -1.11440539754621 -6.0762192360479
"169" 1 0 -47.69917289 -22.825837543 -8.15767627277809 6.43381826925176 1.6967873992739 -8.55323923654509 -1.49231116783442 -5.99371821676269
"170" 3 0 -52.89917289 -23.525837543 -8.73155295017915 6.06575258296249 2.94097942549916 -7.82210714295081 -1.58196835024672 -6.91404004690573
"171" 3 0 -39.19917289 -16.825837543 -10.740017940581 6.3736971147964 2.18524820732289 -5.08897096964529 -1.88328608165084 -6.13071277511792
"172" 2 0 -45.49917289 -21.425837543 -8.33138837219743 6.28205997482876 1.50433132872803 -9.79039331286582 -1.57082944882701 -6.34353127543751
"173" 1 0 -42.89917289 -21.125837543 -8.86289981436093 7.72797739190311 1.66822418354169 -9.26485345063701 -1.32422693419711 -6.28611294365548
"174" 2 0 -49.79917289 -26.525837543 -7.71994299454784 3.81872329326894 3.33643926217464 -7.5672063720802 -1.16789664523008 -6.15700914235317
"175" 1 0 -39.49917289 -17.225837543 -9.95524250053096 7.33318120268858 2.01408690720358 -5.24487152055403 -1.94007653312623 -6.28006306995559
"176" 1 0 -39.59917289 -15.525837543 -9.51776283796526 6.84169513605353 1.59385312459089 -5.1552598593652 -1.91235209832806 -6.12578014130212
"177" 1 0 -40.39917289 -19.225837543 -9.54116658372754 7.46918692685375 1.41048791163967 -7.18295536631636 -1.71026011728659 -6.1397802409641
"178" 2 0 -50.99917289 -23.325837543 -8.78872315551019 6.61307617852711 2.68976454998148 -8.28289133238054 -1.62933541002309 -6.60075575424254
"179" 2 0 -39.49917289 -13.825837543 -10.5510869519703 5.2379605160206 2.10295886509424 -4.96069515792992 -1.76437811732049 -5.33890332771305
"180" 3 0 -40.29917289 -14.425837543 -7.1062399815807 6.9548566928071 0.302684139312031 -5.63463676398165 -1.76979753775055 -6.04731792740244
"181" 3 0 -51.69917289 -25.525837543 -8.40917038797779 3.3193126595723 3.31356843304914 -7.63676261713234 -1.23083727382939 -6.46922810640318
"182" 1 0 -46.39917289 -22.925837543 -8.10773028013586 4.83796081944291 1.49499204195733 -8.79632809627684 -1.4480516490935 -5.40658197854335
"183" 1 0 -47.19917289 -21.925837543 -8.13160225791985 6.66321419211642 1.39120940085891 -8.79110992959009 -1.63138106312629 -6.06622131018044
"184" 3 0 -45.19917289 -20.125837543 -8.51068069180744 6.66006301925126 0.906609936011139 -9.82186195557459 -1.52285930332193 -6.30204524009557
"185" 1 0 -53.09917289 -26.125837543 -9.08845103964757 4.04575432118612 4.34043926993988 -8.86215351378141 -1.2848692687229 -7.48429249643752
"186" 3 0 -39.19917289 -15.325837543 -10.5347013385003 5.90753710596453 2.08359291237754 -5.24803181410199 -1.98960904999118 -5.53443905352038
"187" 2 0 -53.99917289 -23.125837543 -9.42460293205661 6.569566823246 2.79493937544726 -8.22089775896436 -1.56304821308641 -6.7353979782556
"188" 2 0 -53.39917289 -26.325837543 -9.18079915691648 3.78498648199822 4.26114293739436 -8.54299596824019 -1.25387996794097 -7.44847314141438
"189" 3 0 -53.19917289 -22.925837543 -8.56571089732627 7.01558096506754 2.48863784345887 -8.18095211603894 -1.61087902859602 -7.00574398792766
"190" 3 0 -53.09917289 -27.425837543 -9.51614824155649 4.48094170380881 4.47973152871969 -7.44440467062238 -1.07136050157364 -7.00362727993664
"191" 1 0 -45.09917289 -20.625837543 -8.53352271383652 5.95933041319833 0.759854707911412 -9.82037803920358 -1.53577641026729 -5.91974428648637
"192" 3 0 -40.39917289 -19.825837543 -9.45323705464915 6.86111439558168 1.5076871399578 -6.93653242904047 -1.55907028934248 -5.88911738542436
"193" 1 0 -41.69917289 -19.425837543 -8.67497476498999 7.27419622427899 1.24355184874894 -8.75098067149975 -1.56313083720616 -6.36565328834314
"194" 2 0 -40.89917289 -19.325837543 -9.03546856651081 7.10676924052867 1.2545663716032 -7.99703068415394 -1.65939594464292 -6.25106783065508
"195" 1 0 -46.39917289 -21.725837543 -8.50009851848621 5.58512050162325 1.34758759070779 -9.64517703371357 -1.51492431776124 -5.7875260131578
"196" 1 0 -39.09917289 -15.225837543 -11.1967965468006 5.27386851665107 2.53158791681154 -5.20463692987406 -1.9669144709042 -5.58711658245693
"197" 3 0 -43.09917289 -21.225837543 -8.87322291593637 6.93814834299541 1.51763135079173 -9.31948157148866 -1.37828439767042 -5.96002562126574
"198" 1 0 -40.49917289 -14.625837543 -6.94820947268586 7.138549245169 0.276038899103904 -5.75497863226038 -1.82847023918896 -6.29516734707135
"199" 1 0 -46.19917289 -20.625837543 -8.56340515408607 6.07994059510234 1.16304874572552 -9.8730400861644 -1.43618067929782 -6.00523498128757
"200" 1 0 -53.19917289 -23.125837543 -8.62962082446488 6.9350678457495 2.69713669286012 -8.07447168443755 -1.61353651790693 -7.13581933992011
"201" 2 0 -49.29917289 -24.725837543 -7.95615022187342 6.13381284792799 3.11267811156338 -7.26734319356127 -1.34600978570937 -6.5026261038973
"202" 1 0 -53.19917289 -25.225837543 -8.90869597608192 3.9813072772979 3.74241188160586 -8.52985190583668 -1.34439215895495 -7.13047971610739
"203" 3 0 -51.79917289 -24.825837543 -8.79948639432511 3.6141434226614 2.89874897613399 -8.23888427973472 -1.27632522080087 -6.38225275510661
"204" 2 0 -39.79917289 -18.325837543 -10.2883408604681 6.68057197870152 2.10349528129922 -6.06176653241504 -1.7020523834844 -5.88815052549627
"205" 2 0 -44.79917289 -19.725837543 -8.53888713017161 7.27650870242697 0.845486055038606 -9.85208660387819 -1.81326887951623 -6.48030697413942
"206" 3 0 -42.39917289 -19.225837543 -9.09046399139011 8.26835058899288 1.23856436000911 -8.51402730640496 -1.64356215430244 -6.48598497408931
"207" 3 0 -51.99917289 -28.525837543 -8.88784645875692 3.57942677167026 3.78230223795694 -6.77810406633884 -0.871903205944415 -6.354323113991
"208" 3 0 -44.99917289 -23.225837543 -7.7272552248288 3.62714214343106 1.56577728513134 -9.19330885235547 -1.27848693041208 -5.07479959914412
"209" 1 0 -48.39917289 -23.925837543 -7.8952183496505 5.54488110861793 2.45061981378617 -7.85810131778315 -1.35988503798976 -5.86233320075767
"210" 2 0 -42.09917289 -21.525837543 -8.7626919041592 7.64292114471016 1.90861068319548 -8.74383279187421 -1.35717644217089 -6.26514981781554
"211" 2 0 -46.09917289 -23.425837543 -8.45937113934114 4.8094263371768 1.88689573964546 -8.06100119723578 -1.33411933821024 -4.93217168129804
"212" 3 0 -50.19917289 -23.325837543 -8.65671630662101 5.92466633547589 2.7281535205664 -8.01352797649529 -1.73012081633879 -6.75048204674481
"213" 2 0 -43.59917289 -21.425837543 -8.7632595180226 5.35053057239421 1.09804622408246 -9.09287250786199 -1.32924985809054 -5.03366826030436
"214" 1 0 -50.59917289 -25.225837543 -8.19091459673406 4.30830805994529 3.20682642078885 -7.71590014320174 -1.37862835215224 -6.31891323161124
"215" 3 0 -47.79917289 -24.825837543 -10.4020558601636 4.7906603818713 3.48376403558509 -8.49939877532466 -1.13325417119253 -4.92944746467523
"216" 3 0 -40.89917289 -16.625837543 -8.3096303423405 7.49529974037786 1.13452994396256 -7.12165833728463 -1.77461707904547 -6.71758973151564
"217" 3 0 -40.49917289 -12.425837543 -8.09315526992017 7.89839228672462 0.874673377557644 -5.82622479364543 -2.20768776916688 -6.75119919756618
"218" 1 0 -42.69917289 -20.625837543 -8.15454134106727 6.79306319238137 1.30160947047226 -8.84663067308278 -1.32233021828681 -6.1239817030209
"219" 2 0 -54.49917289 -26.725837543 -8.51386387385314 4.86317484177182 4.13723616447888 -8.14765775114117 -1.07291883708825 -7.15847953148347
"220" 3 0 -42.49917289 -22.225837543 -8.05391761112229 5.07951547987649 1.38763121911934 -8.53479354474112 -1.17751191746424 -5.15725936746383
"221" 2 0 -40.09917289 -18.225837543 -9.66840065289033 7.52600080770464 1.67144714246542 -6.21667702408042 -1.8402252800362 -6.34591352810151
"222" 3 0 -44.29917289 -17.325837543 -8.3145108686109 8.26304484892925 0.708198736227495 -9.17207481366441 -1.65504901705477 -6.90862348559871
"223" 3 0 -48.99917289 -23.925837543 -8.0349215941548 5.88886081047937 2.48649794602853 -7.78940080715936 -1.50776934546309 -6.18987726724308
"224" 1 0 -49.99917289 -29.125837543 -8.47364217049298 2.04419211106298 3.64992901016556 -6.67638517692018 -0.98479968756763 -5.95411823916999
"225" 1 0 -45.09917289 -21.925837543 -8.15601709704154 6.08976335451331 1.31482181593121 -10.102375235366 -1.51797200281297 -6.33007086452291
"226" 3 0 -41.69917289 -13.225837543 -7.99011383026785 7.63919103938317 0.419490866062366 -7.96240070497462 -2.14379623114697 -6.8446761097586
"227" 3 0 -41.99917289 -13.025837543 -7.03920667177986 6.88601188892756 0.0645897616123537 -7.52889923155861 -1.80962037496959 -6.85216689277482
"228" 2 0 -43.29917289 -18.325837543 -8.33460039180795 5.53670701082237 0.573780766571568 -9.20408896520101 -0.972858392900541 -5.17538605625538
"229" 3 0 -44.89917289 -17.425837543 -8.54571179831373 8.52358022768447 1.07354457552684 -9.46560731219563 -1.67455760727303 -6.93537839093517
"230" 2 0 -41.29917289 -12.625837543 -9.38891091619932 8.10457428958272 0.890595648665157 -7.41750049308542 -2.35526830898382 -6.9131047068198
"231" 2 0 -44.59917289 -22.725837543 -7.42582950870717 2.61640407121657 1.02907610127804 -10.1960657154463 -1.25745011974905 -5.07123794019038
"232" 1 0 -45.09917289 -23.225837543 -7.63718795825584 2.60888521784321 1.49455310394313 -9.56017561524323 -1.14704407446723 -4.88769439146473
"233" 2 0 -47.19917289 -21.325837543 -8.65963201689558 5.91298962066852 1.05152547765522 -9.27398126197138 -1.69400963138178 -5.74811450926268
"234" 1 0 -39.89917289 -18.825837543 -9.90842186974429 7.23915159267938 1.90929660281581 -6.5391704692982 -1.73984737893424 -6.08200077940337
"235" 2 0 -51.49917289 -22.525837543 -8.61730471511036 6.89485321453438 2.41602033072744 -8.26292980333284 -1.72294148878897 -6.78912896534593
"236" 1 0 -51.49917289 -30.625837543 -8.38851917113746 4.68315011944617 3.97061819750766 -5.87686239731933 -0.542937809756934 -5.70662769542889
"237" 2 0 -44.79917289 -21.625837543 -8.17783702142876 5.61100095797589 1.05438883352087 -9.95587171061668 -1.43810198471781 -5.85563378837512
"238" 1 0 -48.79917289 -24.625837543 -8.88447745593293 6.2171238795643 3.4589797589922 -7.75825278210451 -1.26053572167941 -6.00899031020398
"239" 3 0 -43.99917289 -19.525837543 -8.8285234796597 7.1069183756291 0.608269945044524 -9.39963122277153 -1.45403652760094 -6.01918123295063
"240" 2 0 -44.99917289 -22.825837543 -7.71781402259766 4.55566709866547 1.4243853620417 -9.62175101748655 -1.31829574408771 -5.37479445934911
"241" 2 0 -48.89917289 -22.625837543 -8.30535042834757 6.3986352277858 1.81367795124287 -8.9320528174756 -1.74787501473633 -6.36831917025534
"242" 3 0 -39.69917289 -16.325837543 -9.52447682408594 7.10617919398135 1.67006970577564 -5.83212648703331 -1.97049107504023 -6.21666054406298
"243" 3 0 -43.19917289 -14.725837543 -8.4176956110586 9.17251441513566 -0.0985935638802097 -7.63201040772712 -1.76710354500444 -7.16334796578737
"244" 2 0 -47.79917289 -20.725837543 -9.23111117052237 5.89527256720715 0.827122326849039 -9.14449462305991 -1.75371242429204 -5.47854228964815
"245" 2 0 -49.59917289 -28.025837543 -7.7561945021689 2.29615798931791 3.05992306686684 -7.00511099845068 -1.08295944028467 -5.62823568455474
"246" 3 0 -50.69917289 -28.325837543 -8.16504156787753 2.91591428761542 3.50234545252354 -6.79803515017873 -0.959039710314067 -6.0881357362969
"247" 2 0 -43.59917289 -22.825837543 -9.82498552237012 7.14226875361324 2.4275335957311 -7.18409367560507 -1.74989802655079 -5.5852849656256
"248" 2 0 -43.29917289 -21.225837543 -8.92598749601604 6.77344084719772 1.47118650127969 -9.29456868734554 -1.41055000491554 -5.82741454158165
"249" 3 0 -41.99917289 -21.925837543 -8.69653986596387 5.82103456502645 1.82497697710737 -8.22981702438115 -1.27421422168655 -5.30610541931383
"250" 3 0 -43.69917289 -13.525837543 -8.82832651087191 9.44854831839852 -0.0315854840191154 -8.253546849085 -1.8334731716954 -7.40777824821165
"251" 3 0 -47.69917289 -20.025837543 -9.3352150695639 6.39608836097638 0.84628123365066 -9.53111416227427 -1.82139635322506 -5.67058482861306
"252" 3 0 -48.79917289 -28.525837543 -9.19863035285866 4.63913998963737 3.80877329055987 -5.59729046402776 -0.863208600682588 -4.78502698910206
"253" 2 0 -48.69917289 -26.925837543 -9.42593102289521 4.97696011800806 3.7666463359771 -7.41857186862103 -1.1030623451229 -5.34164877753861
"254" 3 0 -47.59917289 -22.125837543 -8.34794989091545 5.87870851587719 1.31358102498167 -8.80198899670464 -1.54135909776636 -5.66889898789718
"255" 3 0 -40.29917289 -18.925837543 -9.60646073763117 7.51452883045913 1.46621293630038 -6.97005970285033 -1.78377301650952 -6.2453213851688
"256" 2 0 -54.29917289 -23.525837543 -9.34053637996456 6.04086568060056 3.13059121485959 -8.09052151822701 -1.40749781182443 -6.62199695585545
"257" 1 0 -39.49917289 -14.625837543 -10.3297584231255 5.75968936621046 1.98667055203024 -5.03922188857691 -1.93782936010669 -5.43200715938534
"258" 2 0 -47.69917289 -24.725837543 -10.3587034396341 5.14870408111141 3.63392121288856 -8.05696320325882 -1.23835440852629 -5.14173565033866
"259" 1 0 -52.89917289 -24.425837543 -9.27776678162496 5.41588776712015 3.42111922031008 -8.26716767780893 -1.35321656232089 -6.73213259515809
"260" 2 0 -44.09917289 -17.325837543 -8.3782289953128 7.95203473016556 0.507890428320465 -9.11112187745992 -1.67771053052728 -6.75119685731553
"261" 3 0 -52.79917289 -24.225837543 -9.10939072760328 5.52233547074763 3.31279001910495 -7.96102980557283 -1.43754304718848 -6.76150839825747
"262" 1 0 -49.39917289 -26.125837543 -7.83036622387571 3.91070686437522 3.22453073277529 -7.41896129635798 -1.16528403023584 -5.81282514916991
"263" 3 0 -44.59917289 -21.125837543 -8.78038528658963 5.56193078280075 0.858483062578215 -10.1263628592271 -1.40288744734486 -5.66136933320252
"264" 1 0 -43.49917289 -13.925837543 -8.27207720041091 9.5602023799814 0.0996560316328383 -7.73768207630244 -1.9058615551957 -7.48578902934463
"265" 3 0 -46.19917289 -21.025837543 -8.41670559642641 5.5967711929056 1.08198088754432 -9.63384623244712 -1.54973458823707 -5.86324799455281
"266" 2 0 -39.69917289 -17.425837543 -9.76380605193142 6.92559367650466 1.93080137285171 -5.6115871446305 -2.03470643391992 -6.21549340097942
"267" 3 0 -51.99917289 -30.125837543 -8.52818562157005 5.04979304488001 4.21598146808078 -6.34621899710909 -0.987564959712544 -5.81677923152047
"268" 1 0 -54.69917289 -23.825837543 -9.45802946127062 5.84502001021387 3.43690545728943 -8.08480165917785 -1.25290077669726 -6.42386600314029
"269" 3 0 -49.29917289 -23.025837543 -8.03136061074204 6.23779025912484 1.92745502166786 -8.57692778420794 -1.7401489405317 -6.5002549196862
"270" 3 0 -45.09917289 -22.825837543 -8.31137466232318 5.86722250379839 1.62575293532485 -9.17466211823773 -1.51710841021169 -5.61429583096057
"271" 1 0 -54.19917289 -25.625837543 -9.13523358621303 5.31315186577796 4.22948432366801 -8.95417230285741 -1.15075113692742 -6.88125223646771
"272" 2 0 -39.09917289 -16.425837543 -11.1050827938246 5.60607965451219 2.09249357964691 -5.33370260331934 -1.55024055166165 -5.92684435663329
"273" 3 0 -50.49917289 -28.625837543 -8.0551087350999 2.32855488605595 3.42153892357265 -6.79590751478545 -0.895261697996165 -5.88197620899027
"274" 2 0 -41.49917289 -15.625837543 -7.78344074865165 7.42990750120057 0.190197115032745 -7.42899748220736 -1.63773952046397 -6.39008666717504
"275" 2 0 -42.49917289 -19.225837543 -9.0471770970721 8.07154466909548 1.28747485600333 -8.60211309293974 -1.56566066811363 -6.3697428681434
"276" 1 0 -43.69917289 -13.325837543 -9.4245435941222 9.20875971688852 -0.0022361339767358 -8.87008847923267 -1.77641786447664 -7.1887530261196
"277" 3 0 -42.99917289 -19.825837543 -8.44979607274612 6.69418055552999 1.10646078163518 -9.13983025689516 -1.30681787997656 -5.79269093460169
"278" 2 0 -48.89917289 -23.725837543 -7.92066047205477 5.8603384428332 2.12946409023502 -7.93588213858266 -1.49899625099821 -6.2093875229835
"279" 2 0 -53.09917289 -23.325837543 -8.71220679668311 6.69727116865031 2.9024076105999 -7.93346163926576 -1.58978838741105 -7.09211204148662
"280" 2 0 -42.29917289 -13.525837543 -7.72522295462851 8.60725245690573 -0.0625335469238148 -7.61060660320588 -1.77752129429456 -7.09976277781235
"281" 3 0 -40.39917289 -18.025837543 -9.29434085354759 7.83927008633436 1.37803913133286 -6.534276709927 -1.87679537760023 -6.56824513112866
"282" 3 0 -43.89917289 -21.625837543 -8.44889822666866 5.22636524568208 0.980069550590841 -9.1845611565153 -1.38810044829117 -5.18683011784914
"283" 1 0 -50.79917289 -26.325837543 -7.88295273283948 4.07921819637069 3.92911357881029 -7.9325338560238 -1.20632258483943 -6.77619397595639
"284" 2 0 -46.89917289 -22.325837543 -8.42479390214088 5.99935583100445 1.44025495177481 -9.26438170424139 -1.61321492922944 -5.89040191933922
"285" 3 0 -40.99917289 -13.825837543 -8.13910258368551 9.10872184612823 0.0795594260345203 -6.37605777452451 -2.0760592016551 -7.00530659463615
"286" 3 0 -49.69917289 -25.925837543 -7.4635566285349 4.71554255750714 3.21867553104977 -7.45123593338316 -1.23613463983164 -6.23733912472169
"287" 2 0 -49.89917289 -23.825837543 -8.11048729009528 6.09399350212649 2.55847343834576 -7.90151015437146 -1.56253299850335 -6.43910987317397
"288" 2 0 -41.49917289 -20.625837543 -8.68464195861662 7.48485455399976 1.54630422225504 -8.22830154263039 -1.52008281639883 -6.44913276611515
"289" 1 0 -50.79917289 -24.525837543 -8.37169877328549 4.6865265042191 3.38877265072013 -8.11603034174333 -1.4834251860368 -6.91380706223688
"290" 3 0 -44.19917289 -21.825837543 -8.13166629748391 4.71563047463454 0.924086966251599 -9.68698106410389 -1.40204067998343 -5.3434162458988
"291" 3 0 -44.99917289 -22.125837543 -8.10335662863723 5.76003977329051 1.46887855848783 -10.2176705930569 -1.46880521435572 -6.22407861549477
"292" 3 0 -43.79917289 -19.825837543 -8.61498771165301 6.13198073100575 0.628169649177942 -9.57607344539204 -1.32482849724928 -5.64169011437493
"293" 3 0 -40.79917289 -15.925837543 -8.36629211126025 6.38317199965904 1.28997768118486 -6.40596294199824 -1.84421559205498 -6.53775290154918
"294" 1 0 -41.39917289 -16.225837543 -7.93538323160286 8.10685290941337 0.615497452306352 -7.65689844813922 -1.48295398276097 -6.70674496584489
"295" 2 0 -41.79917289 -19.525837543 -8.50955577028273 6.86197895474951 1.16168521084107 -8.86741023674902 -1.54190112254844 -6.28475489750112
"296" 2 0 -46.69917289 -22.725837543 -8.39169536446599 5.25400285373809 1.5934315641415 -9.14283437281158 -1.63754232991545 -5.68556508829012
"297" 3 0 -48.19917289 -24.425837543 -8.97603384354417 5.39275046561475 3.11773574046513 -8.0177344284294 -1.20181677325569 -5.29678472735365
"298" 3 0 -43.19917289 -16.325837543 -7.68570378688111 7.57717994053535 0.194064013782917 -8.66481336157165 -1.60181784451491 -6.77775896514733
"299" 1 0 -49.09917289 -24.425837543 -7.94155429682214 5.30391946052315 2.97380269103098 -7.86627141098957 -1.29911298231324 -6.04620360704442
"300" 1 0 -40.09917289 -13.825837543 -8.50587839433293 7.6133471826491 0.917254718034064 -4.65725777409782 -1.83198203441366 -5.68047285123074
"301" 1 0 -41.39917289 -19.725837543 -9.04580539918215 7.99744424989042 1.37109508349633 -8.46155985180609 -1.65269774080599 -6.64908214302487
"302" 3 0 -41.29917289 -14.925837543 -7.86067597801413 8.44412620076219 0.131718031586636 -7.12416582330335 -1.76853476892218 -6.69653436941309
"303" 3 0 -41.79917289 -11.625837543 -7.42448135648226 8.7079560991764 -0.133550266047843 -7.21351057986946 -2.20982680610566 -7.40460707239898
"304" 1 0 -48.69917289 -25.125837543 -9.25575104043131 4.32515268142056 3.53937081233487 -7.86337189026115 -0.905970536389629 -5.10578912250928
"305" 3 0 -42.99917289 -20.725837543 -8.23736399801543 6.82922931546475 1.34963194870332 -8.76429858634328 -1.22779491311844 -5.92584054830771
"306" 1 0 -42.49917289 -17.625837543 -7.94580691505592 7.25235752708365 0.500202297212824 -8.47957567168998 -1.52276753446521 -6.46567567845999
"307" 2 0 -48.99917289 -27.125837543 -9.35879718244096 4.61780628858915 3.92694091824464 -7.18983833032248 -1.00968546181936 -5.35577733908238
"308" 1 0 -49.49917289 -26.325837543 -7.80848580246376 3.76961479099685 3.25705453879333 -7.47662487708924 -1.16211497992719 -5.89902192370064
"309" 1 0 -46.39917289 -19.725837543 -8.43229376304316 5.42335664069175 0.569830133112287 -9.57673078420767 -1.49720116624505 -5.63657378683622
"310" 2 0 -47.89917289 -22.725837543 -8.34327116261837 6.49314947748267 1.74742557026371 -8.67525915909812 -1.54076588103 -6.00611338746588
"311" 3 0 -46.69917289 -24.025837543 -11.6004322106591 4.45046624769093 3.32609862364953 -8.5303147769154 -1.16026365456149 -4.62523527257264
"312" 3 0 -40.29917289 -17.425837543 -9.51005742441543 7.54645707004707 1.46894944547539 -6.45313958451383 -1.96536193951287 -6.53484244014854
"313" 3 0 -51.39917289 -28.925837543 -8.74772196539721 3.16970730975722 3.81649822471411 -6.7113081119861 -0.819295103496362 -6.12117519071767
"314" 1 0 -42.79917289 -13.625837543 -7.46574947622478 7.73177411593097 -0.403641509663001 -7.63213392227763 -1.70913995328466 -6.82564713923242
"315" 3 0 -45.49917289 -17.725837543 -8.877031796249 7.39064431963678 0.552643064636441 -9.63192087195845 -1.7694547300951 -6.41183912572096
"316" 1 0 -41.69917289 -13.725837543 -7.30021017517456 6.8361327913478 0.33263242381091 -7.33924935537831 -2.14834534900479 -6.87576196780978
"317" 1 0 -40.09917289 -19.325837543 -9.82958637788187 7.56841331369779 1.72460784669733 -6.7533255264205 -1.59067417511343 -5.95148525672278
"318" 2 0 -46.69917289 -21.125837543 -8.33163952600253 5.28776600085642 0.913694618604163 -9.27041850580458 -1.57599764719877 -5.53310498386938
"319" 2 0 -51.99917289 -22.725837543 -8.70952994916912 6.93716304779455 2.59876414723003 -8.00411848453894 -1.68769130563835 -6.86513275469431
"320" 2 0 -52.19917289 -25.325837543 -8.88362697751126 4.05663864137849 3.54696093775179 -7.91452509349942 -1.2893075939427 -6.72668203599559
"321" 2 0 -54.49917289 -25.225837543 -9.37879091844671 5.55904479639369 4.14880609120302 -8.14624269342707 -1.1226905205077 -6.83292580933092
"322" 3 0 -50.79917289 -29.925837543 -8.54467939419041 4.44468044109764 4.09915029946719 -6.12405136499405 -0.515509043384949 -5.86521695616976
"323" 2 0 -51.99917289 -24.025837543 -9.15867918800279 5.83013619967241 3.27108752745267 -8.20018636785445 -1.45863673542437 -6.69653011071609
"324" 3 0 -53.29917289 -24.925837543 -8.99733086310579 4.16447994292417 3.54898423846935 -8.62321113343103 -1.32916871844845 -6.91187935873554
"325" 3 0 -51.59917289 -24.425837543 -8.77983492751588 4.87795269399795 3.05219243537232 -8.09899077202935 -1.47506698061116 -6.7181418332622
"326" 1 0 -40.29917289 -15.725837543 -8.40890537151733 7.8306206711092 1.16854398455006 -6.26749868340264 -1.8016966919666 -6.52958204360174
"327" 1 0 -45.99917289 -19.425837543 -8.72174752839662 6.37001616532619 0.835600597225847 -9.95825569691439 -1.64198738198225 -5.96991208405427
"328" 1 0 -42.89917289 -18.825837543 -8.61122498548237 6.22513692781663 0.998407653684789 -9.71246122971625 -1.07809130280016 -5.66103385101581
"329" 1 0 -52.99917289 -27.925837543 -9.45058051284546 4.39625931577085 4.1074344104554 -7.10902156811582 -1.03023181582259 -6.72761241438178
"330" 1 0 -49.39917289 -28.325837543 -8.6510230312602 4.9450364450112 3.69299470377405 -7.56480665724604 -1.15022239327615 -5.91186572645946
"331" 1 0 -52.29917289 -23.525837543 -8.85089915502801 6.43067104118323 2.98423646411313 -7.81037497023656 -1.58697973070977 -6.80146691644322
"332" 3 0 -50.49917289 -25.925837543 -7.85981675531702 4.31643531054705 3.47901156089456 -8.02384584147252 -1.21579895230918 -6.35096014405086
"333" 2 0 -54.69917289 -24.925837543 -9.17870320375008 5.74352749054241 4.09591953863557 -8.02179778408553 -1.17423509317523 -6.80189220915637
"334" 2 0 -43.29917289 -12.125837543 -8.75103497467356 10.0375219003493 0.387027965841422 -8.44974050093367 -1.94196234393919 -7.85373383245936
"335" 3 0 -45.89917289 -21.525837543 -8.59366993680652 5.931782624035 1.49397565413801 -9.76169429151016 -1.4977632699955 -6.10907873872612
"336" 3 0 -51.89917289 -28.425837543 -8.8755934365041 3.4208677611814 3.64667286292195 -6.85070721647646 -0.854303958943121 -6.37811717188339
"337" 1 0 -42.99917289 -20.425837543 -8.21222128002191 7.33538633751791 1.31045962943454 -8.66471619596075 -1.26358737432226 -6.07366692525359
"338" 2 0 -52.49917289 -29.325837543 -8.14638627231434 4.16737730597321 3.45742649449196 -7.31518444014059 -0.996821662281617 -5.54059450882894
"339" 2 0 -51.49917289 -26.725837543 -7.95515203412013 2.21123382158149 3.36455724050427 -7.66245361404653 -0.974737083728259 -6.79201152279309
"340" 1 0 -46.89917289 -22.225837543 -8.47039316344959 6.10118781010788 1.49795346821436 -9.27636639719203 -1.56646533059542 -5.89803451539041
"341" 2 0 -53.99917289 -26.825837543 -9.10050158912478 4.66139847505776 4.4806533795185 -8.08952667412351 -1.2023540045963 -7.40699501689521
"342" 2 0 -41.59917289 -20.925837543 -8.39981120118794 6.71678556605104 1.44867295639712 -8.3998500820046 -1.45089578649291 -6.21125612724914
"343" 2 0 -54.39917289 -25.125837543 -9.33442685864004 5.55208190616513 4.13540327608678 -8.2836714248143 -1.10603865201479 -6.87349265209859
"344" 1 0 -42.39917289 -14.925837543 -7.93125273163512 7.88353919605216 -0.19219448503397 -7.70720193900289 -1.78745217894079 -6.57660719596788
"345" 1 0 -44.89917289 -16.525837543 -8.23065157221785 8.70678332151554 0.87200659196396 -9.66184599037767 -1.40413962175637 -7.46536262345679
"346" 1 0 -50.59917289 -30.025837543 -8.60367707318956 4.37477946735928 4.13604103427543 -6.029327663776 -0.487761703423124 -5.70602726454656
"347" 2 0 -48.19917289 -22.025837543 -8.52583342894306 6.18841342407409 1.47467541923854 -8.80670432465185 -1.57173943192782 -5.84042599273646
"348" 1 0 -42.69917289 -20.525837543 -8.17021256070862 7.03679320559224 1.30927652511932 -8.79911533459732 -1.33678283556383 -6.21349945166213
"349" 3 0 -54.19917289 -23.225837543 -9.45747394722952 6.31374680702249 2.86859362430327 -8.19845547941079 -1.52154868352541 -6.63938050854889
"350" 2 0 -40.79917289 -20.625837543 -8.81704348407087 6.27495752944567 1.54598609126932 -7.13668876625627 -1.43241962474744 -5.79902998900769
"351" 2 0 -41.19917289 -11.525837543 -7.3032660199175 6.73157971273612 0.049529377671527 -6.02463813988763 -2.11018677163117 -6.39408312004711
"352" 3 0 -54.69917289 -26.325837543 -8.41219056020066 5.77059882287485 4.20538801577412 -8.5046874900786 -0.98270024739357 -7.09921351262843
"353" 2 0 -39.59917289 -17.325837543 -9.85862143171855 7.15843690188257 1.94126766908448 -5.41451569276303 -2.01032846534943 -6.24173214400741
"354" 2 0 -45.89917289 -23.225837543 -8.1364814157841 5.63605824122819 1.64182439206173 -8.00267656950698 -1.38896069439504 -5.19734498889613
"355" 3 0 -48.09917289 -21.325837543 -8.98814389716727 6.90591081039881 1.35732744459694 -9.21145495202325 -1.78683081571998 -6.23081644348061
"356" 1 0 -54.29917289 -25.225837543 -9.28915632185592 5.33801429471599 4.16603289245236 -8.51095188380096 -1.08775702789167 -6.88804219501513
"357" 1 0 -39.89917289 -15.525837543 -8.99732836875287 7.75828491119965 1.26673716339199 -5.61796904457326 -1.77536516165295 -6.27554271795473
"358" 2 0 -40.29917289 -18.025837543 -9.29807022528692 7.70916518309363 1.40330047765667 -6.36375781579384 -1.88681409159731 -6.51763698831925
"359" 1 0 -42.39917289 -21.125837543 -9.04082199886951 7.89504429969255 1.89962746421249 -9.3232651268184 -1.33298683234464 -6.34006533201664
"360" 1 0 -53.49917289 -26.125837543 -9.20499065938458 4.26413455415895 4.39321579067148 -8.84083079520665 -1.20114805540464 -7.44323129722576
"361" 3 0 -47.29917289 -23.125837543 -8.29249713539715 6.08697363444512 1.79822967755848 -8.2670862161034 -1.51807996345171 -5.85193098406893
"362" 3 0 -46.29917289 -20.425837543 -8.4459014019036 6.43889857043855 1.2148409905038 -9.76954666914079 -1.41749012891038 -6.08526275417176
"363" 1 0 -42.09917289 -14.925837543 -7.57332431706132 8.11023735582304 0.0363179932537428 -7.55075004633515 -1.75053950285011 -6.77190488839998
"364" 1 0 -43.49917289 -22.025837543 -8.75125941593231 6.76115925627265 1.6941276497323 -8.97062599697443 -1.45550072078828 -5.72107341019378
"365" 1 0 -45.69917289 -23.125837543 -8.16928102822908 5.7834222344806 1.68968474714281 -8.24943744227554 -1.44746037233827 -5.3248075625297
"366" 3 0 -52.99917289 -24.025837543 -9.01580566522848 5.76425172560567 3.4569642874529 -7.69220683137108 -1.47002604005882 -7.01790382148193
"367" 1 0 -50.99917289 -27.025837543 -8.12128711230726 2.72167008206202 3.60548823055603 -7.43610249441204 -1.05420293726596 -6.72216566712079
"368" 1 0 -40.19917289 -12.925837543 -8.02393324626701 8.07635377063859 0.494928737719465 -5.44433357753127 -2.03299848341038 -6.16628001286246
"369" 3 0 -43.59917289 -17.825837543 -8.49850745559946 7.72833869474703 0.673517215944804 -9.03125951153471 -1.50591942655501 -6.38171027722624
"370" 2 0 -50.59917289 -23.025837543 -8.61964168167212 6.87236323816544 2.50396521919209 -8.20211547841792 -1.73939715382043 -6.79681391127386
"371" 2 0 -42.99917289 -19.725837543 -8.68148209397332 7.20967309562184 1.21571130588709 -9.07570645494271 -1.36167298786801 -5.94387263732711
"372" 3 0 -44.19917289 -20.525837543 -8.34440654561037 5.90775398600669 0.708260035707577 -9.70819643820569 -1.36801808582554 -5.84764001887001
"373" 2 0 -40.59917289 -15.025837543 -7.65870973220349 6.34453498577015 0.77497513127063 -5.94320201327691 -1.79949500289823 -6.23467450978098
"374" 2 0 -46.49917289 -23.025837543 -8.01387382492196 4.90071795816883 1.51991862958916 -8.55811603955386 -1.42324834994885 -5.36840799717433
"375" 2 0 -43.19917289 -12.925837543 -8.77281570853978 9.95638807410729 0.0935308265323616 -8.09651245102256 -2.01818415121292 -7.80859381149018
"376" 3 0 -46.09917289 -20.225837543 -8.33248387654524 6.67209138538946 1.18778212845618 -9.99193061206031 -1.52037566311974 -6.26258620554798
"377" 2 0 -53.09917289 -25.825837543 -9.00560804328013 4.13748921531667 4.20489255678795 -9.03622513983628 -1.21730452822924 -7.29599687659367
"378" 3 0 -48.89917289 -27.025837543 -9.10614968784679 4.09725833531287 3.68937568168444 -7.27917590050981 -1.01732863513769 -5.29805282142568
"379" 1 0 -54.09917289 -24.925837543 -9.11606305586281 5.11983206552594 3.75627268070411 -8.46448126273365 -1.20037846478597 -6.96852895396614
"380" 1 0 -47.49917289 -21.325837543 -8.95357023689458 6.42378564118708 1.3318172518943 -9.33584461707769 -1.71872631696961 -6.07662041800243
"381" 3 0 -52.79917289 -28.825837543 -8.78670882790766 4.61587241534734 4.06384865066469 -7.04743800895565 -1.09748918274381 -6.1599486512939
"382" 1 0 -50.69917289 -28.725837543 -8.43934211868451 2.56551370718834 3.64017591325274 -6.82281142931126 -0.910068110415474 -6.06794037344512
"383" 2 0 -54.39917289 -26.625837543 -8.54947158073134 4.97926453014607 4.1664759728968 -8.22496826639078 -1.0963114425438 -7.1463247933201
"384" 2 0 -51.99917289 -26.625837543 -8.58247622601543 2.74978323569115 3.58794288200303 -8.18475725179211 -0.814676253593043 -7.0876235286508
"385" 1 0 -48.29917289 -21.325837543 -8.84642017054848 6.8211108508955 1.25713394450387 -9.14698243106039 -1.80950353857115 -6.14134799612669
"386" 3 0 -40.89917289 -14.625837543 -7.10357512560563 7.74705772847848 0.0456561896333792 -6.47079904028315 -1.77090249137616 -6.46738518697348
"387" 1 0 -45.09917289 -18.025837543 -8.77044416915784 7.71911882856806 0.645089068487502 -9.51942307811066 -1.72039746653152 -6.55467045380698
"388" 3 0 -45.89917289 -22.325837543 -8.22966375069658 5.836828849019 1.39562635959739 -9.33576657234532 -1.49044910258078 -5.96859259301239
"389" 1 0 -52.19917289 -30.325837543 -8.41640381049123 4.58836124574582 4.22238873162009 -6.28554661514685 -0.917655812271095 -5.84523285181616
"390" 2 0 -42.19917289 -19.025837543 -9.09655461436436 8.25370066406131 1.19272294160125 -8.49044486237694 -1.63532032745082 -6.53414081625578
"391" 2 0 -43.89917289 -16.325837543 -8.22997426610265 8.50224860991763 0.218458506381025 -8.85458465184409 -1.49699384695716 -7.11705454005855
"392" 3 0 -48.59917289 -25.425837543 -10.4067574345767 4.10120872050001 3.77001487071882 -8.49164050500196 -0.696722440988855 -4.65253423654761
"393" 2 0 -50.99917289 -24.225837543 -8.42500035057633 4.71990963927209 3.21532849576388 -8.3217534764426 -1.515980327705 -6.89461857792108
"394" 2 0 -51.59917289 -25.425837543 -8.45532809837166 3.27808864394187 3.19625406517341 -7.53600696914253 -1.28764654720494 -6.36269993085507
"395" 1 0 -51.59917289 -30.525837543 -8.36315027459912 4.45156487933338 3.95795341844241 -5.95682245318068 -0.660934931654694 -5.78878334404746
"396" 1 0 -40.49917289 -11.825837543 -8.26373724594155 6.86486550957876 1.23331138605817 -5.90587877692689 -2.06904484393683 -6.69024027710312
"397" 3 0 -49.49917289 -22.725837543 -8.57870856353217 6.57656005120461 2.22360848011818 -8.87634211013525 -1.75876422917711 -6.55287134786797
"398" 2 0 -41.49917289 -12.925837543 -7.38941760056724 7.07846275863197 0.263568572839518 -7.43700689327052 -2.12375556929541 -6.8225902125165
"399" 1 0 -40.49917289 -16.325837543 -8.71397823581768 8.88468285763062 1.40105752038822 -6.88954935722684 -1.80466584128518 -6.97158205825365
"400" 3 0 -42.69917289 -21.925837543 -9.1572261519623 7.45565502093838 1.83467848655984 -9.09392327648448 -1.43883002931657 -6.07053237634015
"401" 3 0 -40.99917289 -18.925837543 -8.70409346510054 6.4999876967359 1.15459791511276 -7.99428672984669 -1.63330595556806 -6.1184784149505
"402" 2 0 -45.39917289 -20.425837543 -8.53020021588957 6.37525346839742 1.05249001302231 -9.80073762387856 -1.48257703315842 -6.17106198268156
"403" 2 0 -42.99917289 -18.525837543 -8.50766549616686 6.33778945074283 0.944890459014192 -9.59873470701464 -1.12847437799927 -5.73227173568688
"404" 2 0 -53.99917289 -24.025837543 -9.11947132631825 6.19535185069495 3.56027736907718 -7.88717251405928 -1.42787441831218 -6.98545844456526
"405" 1 0 -40.79917289 -18.225837543 -8.9355677451552 7.35124464497835 1.22204509899786 -7.32222464542702 -1.79316779073561 -6.48642181940822
"406" 3 0 -52.69917289 -23.125837543 -8.61218508821694 6.66986308648871 2.77310837675899 -7.82069895103292 -1.6304032448607 -6.95540881727703
"407" 3 0 -40.29917289 -18.425837543 -9.50396614336276 7.60200381084544 1.45534715590181 -6.70242475150947 -1.86652587542936 -6.43623682798048
"408" 3 0 -45.69917289 -22.525837543 -8.19514708177832 4.35061990028975 1.34197705944504 -9.86924764875103 -1.37692500687618 -5.48555802510783
"409" 1 0 -40.49917289 -19.825837543 -9.03357751354877 6.07804105947062 1.40296294486367 -7.29529696311344 -1.5080086227591 -5.75790285246388
"410" 1 0 -46.89917289 -20.025837543 -8.74739175376218 5.58579011160166 0.780635448370897 -9.45034628993641 -1.79120110758681 -5.48332071146232
"411" 2 0 -52.49917289 -22.725837543 -8.61318487124175 7.00508343707241 2.53851627061161 -7.88215020016945 -1.74714364774557 -6.96920414817545
"412" 3 0 -40.59917289 -20.325837543 -9.014172232128 6.16285917834124 1.56597287697248 -7.03338673789264 -1.43276269046007 -5.71805304737452
"413" 2 0 -49.59917289 -25.425837543 -8.14450862578692 4.2800532280707 3.01054861928611 -7.65533499266209 -1.27313057692621 -5.92319634164238
"414" 3 0 -41.59917289 -12.025837543 -7.38725256116825 7.91917485855105 0.365145864877614 -6.91744103034052 -2.14448620497098 -7.14029995308927
"415" 3 0 -46.39917289 -20.925837543 -8.52881913034035 6.06218213787263 1.12236471793741 -9.52900583725634 -1.56028702038661 -5.95615103460552
"416" 1 0 -53.79917289 -23.825837543 -8.72056674594462 6.10014807181304 3.25130762105938 -7.92704514178698 -1.39905132702536 -7.13532157991628
"417" 2 0 -51.49917289 -30.725837543 -8.41973658366217 4.70971737066901 3.95385107020132 -5.83953219337776 -0.506989822445286 -5.67919408699536
"418" 3 0 -44.09917289 -13.625837543 -8.06618879933646 8.92740426672934 -0.0643738980184384 -7.92140060726395 -1.8358401669254 -7.36606723709754
"419" 1 0 -53.49917289 -27.125837543 -9.4304700487642 4.91515817667131 4.63594417602924 -7.87350684468961 -1.16281054900492 -7.3383528823336
"420" 2 0 -50.99917289 -25.525837543 -8.10517844804465 3.70186381236697 3.13213186063419 -7.64096579601857 -1.24483206428078 -6.22498786016022
"421" 1 0 -41.99917289 -17.325837543 -7.780079791773 7.28180179285791 0.600217459296168 -8.29656287845138 -1.6011957941477 -6.67854125701732
"422" 3 0 -43.39917289 -18.225837543 -8.32747220632554 5.5386454156697 0.511755851578288 -9.17553775234753 -0.961840656446269 -5.11054087789219
"423" 2 0 -44.89917289 -18.025837543 -8.60573682745439 7.48666300085862 0.601733907989784 -9.54700508506468 -1.60334780970557 -6.43256500547632
"424" 1 0 -39.89917289 -15.625837543 -8.78371503202163 7.6085597896586 1.31293785957407 -5.62906429033631 -1.75335416145011 -6.30553805382571
"425" 2 0 -50.69917289 -23.225837543 -8.50041577296027 6.43852988252922 2.5961861463838 -8.14822346229706 -1.71446168213666 -6.76803852408845
"426" 3 0 -44.79917289 -21.225837543 -8.8355363306105 6.00737239628907 0.933184200762271 -9.83273248889489 -1.46830969498032 -5.77936825746012
"427" 1 0 -43.29917289 -15.025837543 -8.53019049444371 9.20012799179748 -0.011356156280623 -7.60339599907327 -1.75415981490849 -7.07604383242425
"428" 1 0 -40.59917289 -13.625837543 -7.85026879112879 7.38658368207219 0.41307462870419 -5.86474754130609 -2.03650110987738 -6.34625369449412
"429" 3 0 -52.59917289 -28.925837543 -8.51515829954892 3.89251798479583 3.88788624185832 -7.04630457625952 -1.07479998422939 -6.07023361877417
"430" 2 0 -51.79917289 -25.225837543 -8.60768765427899 3.47249474354474 3.31236305374766 -7.82864887691521 -1.26008113212954 -6.4528772931244
"431" 2 0 -47.19917289 -20.625837543 -8.98219584444423 5.58880019629456 0.672805990863047 -8.84050157884744 -1.85789720099847 -5.13075658311207
"432" 3 0 -41.79917289 -12.225837543 -6.95886461014378 7.6120966161284 0.108297794508767 -7.20133949672736 -2.07788315431058 -7.05306160043704
"433" 2 0 -52.69917289 -28.425837543 -8.94790954170829 4.23423856902442 4.04609392320855 -6.94735656806426 -0.981549949927434 -6.46030922801591
"434" 3 0 -41.29917289 -20.525837543 -8.72805754179063 7.26794775819278 1.51469413497349 -8.0432623059085 -1.51767381283555 -6.35544053694118
"435" 1 0 -53.19917289 -24.025837543 -8.99270698058561 5.92560381475014 3.50490215585134 -7.92953812913535 -1.46692780313637 -7.03015408363582
"436" 2 0 -54.39917289 -25.225837543 -9.38797528997722 5.5669494810622 4.17532203462528 -8.34303123259487 -1.10387147773055 -6.84227496473181
"437" 2 0 -42.49917289 -15.325837543 -7.63781043830378 7.89469964954613 -0.147395893465109 -7.6157353197639 -1.8766142227931 -6.80641856003606
"438" 1 0 -53.89917289 -24.725837543 -9.04297741947142 5.68633944367447 3.74424611066628 -8.33527939416257 -1.30714449552114 -7.04882527515196
"439" 2 0 -49.49917289 -23.225837543 -8.0308666113171 5.73991071602255 2.10363774060572 -8.52837711961055 -1.64562456600735 -6.40804766897794
"440" 1 0 -51.89917289 -27.125837543 -8.88122083788494 3.63533203699487 3.99047564518389 -7.91226473297343 -0.94134536981512 -6.87882511852346
"441" 3 0 -51.89917289 -26.625837543 -8.28220635593954 2.5467232309506 3.40572606612364 -8.00771538467334 -0.827057047343629 -6.94893514809067
"442" 1 0 -44.39917289 -19.525837543 -8.88275857494394 7.00103283119634 0.671502584701655 -9.80219003694499 -1.56626399676045 -6.22800250390101
"443" 1 0 -42.89917289 -12.925837543 -8.46152313399488 9.46494920859459 0.121816968187837 -8.06482506358994 -2.00146866595871 -7.63369954549859
"444" 2 0 -48.79917289 -22.625837543 -8.37422127182236 6.42030386518845 1.8030879646695 -8.95935417472263 -1.74126974002435 -6.32447890106425
"445" 2 0 -47.89917289 -20.925837543 -9.30400178384523 6.6914406511581 1.23381621761119 -9.41597222251368 -1.76265606032992 -6.00322753552712
"446" 3 0 -48.99917289 -27.025837543 -9.0201914618551 3.97265809640762 3.61645530731824 -7.24220057203718 -1.04161545173465 -5.36529949657471
"447" 3 0 -43.69917289 -22.025837543 -8.50820709319346 6.02031278414647 1.36868808597854 -8.8466456726085 -1.4427208046759 -5.26809681569347
"448" 3 0 -43.79917289 -21.625837543 -8.61802052348735 5.62605787362018 1.15282540276847 -9.10698241134036 -1.41557431420152 -5.18481194896855
"449" 1 0 -51.89917289 -26.125837543 -8.30284482899752 3.06268337048324 3.63545363107394 -8.12564195981564 -1.0361927476501 -6.92368690726673
"450" 3 0 -51.29917289 -27.725837543 -8.65814563864889 3.94631413301751 3.82831533375866 -7.14407975045769 -0.934338827247115 -6.47125494331058
"451" 3 0 -51.79917289 -27.425837543 -8.82574301450539 4.24021441823776 3.8827948687462 -7.55343757512276 -0.963774449069936 -6.63600315051768
"452" 1 0 -41.59917289 -20.425837543 -8.08454608438582 6.15612367951357 1.2646756539401 -8.88776123239377 -1.47725974145923 -6.20421320679602
"453" 3 0 -39.49917289 -16.625837543 -10.3164706547596 6.5745492776982 2.11365216658815 -5.82779241370632 -2.0640621343169 -6.11075004812842
"454" 3 0 -49.89917289 -29.425837543 -8.80099264163253 3.92035563632128 3.78701107291661 -5.33924054670378 -0.742425076544094 -4.88669468546433
"455" 1 0 -41.29917289 -13.025837543 -7.32458336835617 6.16917061162138 0.393269923945206 -6.9730454743403 -2.05802509246293 -6.65957966715357
"456" 2 0 -50.19917289 -26.225837543 -7.70930174684205 4.45782631090689 3.54391941816417 -7.84536094896057 -1.18425547676245 -6.42102823267847
"457" 3 0 -44.99917289 -22.025837543 -8.04279006559554 5.87048221514289 1.40185069236143 -10.1914919360816 -1.48620592821878 -6.27555138228069
"458" 1 0 -41.39917289 -11.925837543 -7.26017909554031 7.12273042890301 0.39220166015198 -6.70648528116898 -2.15061652284321 -6.86706166063876
"459" 3 0 -42.39917289 -18.325837543 -8.89008249253162 8.15205043757337 1.07204223722334 -8.78695640713965 -1.51335416813438 -6.58518726883075
"460" 1 0 -40.89917289 -16.825837543 -8.41785295265263 7.69183126639972 1.24799923728671 -7.18930142478604 -1.74944430722729 -6.73437792305122
"461" 3 0 -47.39917289 -23.525837543 -8.13756241656385 5.37767232522213 1.86215913654864 -7.98314210767786 -1.39739322964039 -5.48700635877597
"462" 2 0 -42.69917289 -15.525837543 -7.79568558449808 7.72869789044451 -0.0864157102635782 -8.18830555249035 -1.71948565198059 -6.69343024000089
"463" 1 0 -53.49917289 -23.425837543 -8.84588322859625 6.30971262410388 2.99486610613019 -8.04069259149604 -1.56437490436287 -7.10805323189823
"464" 2 0 -41.99917289 -20.825837543 -8.49410337420159 7.52738816875565 1.6210880943485 -8.83100593127718 -1.44404542507773 -6.37698825195633
"465" 1 0 -51.29917289 -29.625837543 -8.81031232253926 4.8255091578996 4.32124191358226 -6.24997610069429 -0.987133828669754 -6.00599720697847
"466" 2 0 -52.89917289 -25.625837543 -8.93122060871246 4.62378929543179 4.05222272098454 -8.98156877793826 -1.27757104395197 -7.07804730647538
"467" 1 0 -39.19917289 -13.825837543 -11.8224776699824 4.09508847518786 2.52903956508371 -5.45813472306129 -1.54050553861995 -5.61722765683091
"468" 3 0 -54.19917289 -25.525837543 -9.22298254311994 5.44517549678628 4.12555414855281 -9.00611306876926 -1.14692511987461 -6.73814794596518
"469" 3 0 -45.09917289 -23.025837543 -7.87088401919539 4.91514998187601 1.49721414013618 -9.1136157581591 -1.40794790534227 -5.34068191750515
"470" 1 0 -43.29917289 -21.425837543 -8.92730008350791 6.19964338202965 1.42366242356349 -9.4489566936373 -1.4414408207975 -5.55968044668411
"471" 3 0 -49.99917289 -25.825837543 -7.58036163122134 4.5281144205439 3.28635475856374 -7.77194398721349 -1.23295060774447 -6.28865353506536
"472" 1 0 -41.09917289 -21.525837543 -8.87439610253569 7.44329488302808 1.69573675268153 -6.22147111402535 -1.55997346802591 -5.62389967890123
"473" 1 0 -39.99917289 -19.225837543 -9.8374072646822 7.32423554028605 1.82685815376647 -6.63890260736711 -1.5865140107884 -5.8674753356555
"474" 3 0 -45.79917289 -20.925837543 -8.45400239526612 6.02391100212365 1.24341329358595 -9.74647666929404 -1.50481544592542 -6.06076195681982
"475" 1 0 -49.69917289 -24.025837543 -7.94652745324266 5.95227816669724 2.67857244642177 -7.90154943225056 -1.35538294565662 -6.40162939737249
"476" 3 0 -41.39917289 -18.525837543 -8.75641054419171 7.18381054847432 1.17556158013001 -8.20109091012879 -1.57910216295783 -6.29201966048177
"477" 3 0 -50.69917289 -30.825837543 -8.36084521490254 4.35311591563921 3.87147430591124 -5.64754767292278 -0.289619948897456 -5.33331416352551
"478" 3 0 -53.49917289 -26.225837543 -9.22803010978238 4.03718023023977 4.2818883182033 -8.64039989851113 -1.25809659221563 -7.46098980751466
"479" 1 0 -44.39917289 -17.725837543 -8.42936810221228 6.88006121803453 0.340999223519584 -9.48470711804723 -1.43109679813966 -6.13206589405856
"480" 2 0 -52.19917289 -23.425837543 -8.25092778516188 5.61102903446035 2.6032088839186 -7.80883845841735 -1.579711217315 -6.5450157851401
"481" 3 0 -48.59917289 -23.625837543 -8.15899198780485 6.37360566343266 2.10617945685356 -8.09365177921298 -1.52611576371944 -6.21361368001355
"482" 1 0 -48.09917289 -23.525837543 -7.8304765289905 5.80684363520726 1.9330547598435 -8.04755705139523 -1.45955806491251 -5.86575252915232
"483" 2 0 -43.99917289 -17.725837543 -8.51316957067497 7.43905509805938 0.47058242123096 -9.29675205343918 -1.39745377276098 -6.26662148253761
"484" 3 0 -44.89917289 -21.825837543 -8.04198301665475 5.62791290308503 1.30376277545524 -10.2734381821382 -1.70797751944625 -6.02446461526226
"485" 2 0 -43.69917289 -17.125837543 -8.24383403892521 7.72784244027034 0.326868896599184 -8.91553860972981 -1.64582032915853 -6.64048516727243
"486" 2 0 -39.29917289 -15.625837543 -10.6054401357905 5.90142185535478 2.08052779538134 -5.33193378347482 -1.94456281510425 -5.82684991769291
"487" 3 0 -43.69917289 -12.225837543 -8.49664906257756 9.81235765738817 0.400076561295372 -8.49278304127734 -1.94133712227183 -7.85819353354523
"488" 3 0 -39.79917289 -15.925837543 -9.01818045616142 7.58276622262549 1.54549352848697 -5.60106764777855 -1.82257398036177 -6.32253027380501
"489" 3 0 -46.99917289 -20.425837543 -8.83292977611777 6.27219302365588 0.824682419106499 -9.07623152910724 -1.60192811755531 -5.6408230502616
"490" 3 0 -44.59917289 -22.025837543 -7.89937158690595 5.08412290232773 1.19201267748369 -10.0389626059655 -1.36962052709218 -5.69213840820572
"491" 1 0 -43.39917289 -18.025837543 -8.50922454172036 7.07833415858811 0.726813594878863 -9.07313560795477 -1.35666942637769 -5.96463179260122
"492" 3 0 -51.29917289 -24.825837543 -8.67273593977881 4.89200199222817 3.4471765296121 -7.95707998800407 -1.35002926138737 -6.61562265250831
"493" 3 0 -43.69917289 -19.025837543 -8.25593363503158 5.51669897419945 0.6289846439047 -9.56455984786941 -1.19263425493087 -5.37686945951371
"494" 3 0 -44.49917289 -21.225837543 -8.65646587682215 5.78666834586654 0.966768148937506 -9.93250781322966 -1.40634762219979 -5.71017181494235
"495" 1 0 -52.49917289 -27.625837543 -9.39927370846308 3.78607154976291 3.8471107816043 -7.14481747269435 -0.98400392250049 -6.57162872177143
"496" 2 0 -42.29917289 -19.925837543 -8.21899262692679 6.80978027549976 1.06722145669345 -8.71677446462125 -1.48689097986494 -6.15778214161431
"497" 3 0 -41.19917289 -14.725837543 -7.92316386479885 8.69645285627131 0.27140558058779 -6.86108447248084 -1.89192174938461 -6.78173894715363
"498" 2 0 -40.09917289 -16.125837543 -8.66801799422082 8.59628720696598 1.46435397476972 -6.37572519395996 -1.84111003539261 -6.68590588110122
"499" 1 0 -52.79917289 -24.425837543 -9.20813037549306 5.19450834945217 3.26599243684981 -8.36924565963311 -1.35603209894315 -6.65206429394047
"500" 1 0 -49.69917289 -24.825837543 -8.25050878102936 4.0786160607026 3.04816736415947 -8.03019431656471 -1.23194271212657 -5.97473053651033
