"group.all" "pa" "lon" "lat" "wc2.0_bio_10m_04" "wc2.0_bio_10m_05" "wc2.0_bio_10m_13" "wc2.0_bio_10m_14"
"1" 2 1 -42.25 -22.5 222.494579820247 31.6639995574951 172 29
"4" 1 1 -42.05 -22 238.416612735846 28.1892490386963 228 28
"5" 2 1 -42.5 -22.55 224.37537142215 31.5580005645752 169 26
"8" 3 1 -44.5666667 -22.25 239.404208246186 25.8430004119873 316 25
"9" 3 1 -39.9325 -19.1352777 190.344188663569 31.0419998168945 178 43
"10" 1 1 -40.5166667 -19.95 198.71825799419 28.324499130249 202 50
"11" 1 1 -40.525 -20.2677778 201.95813180513 28.7824993133545 199 53
"12" 2 1 -42.5494444 -22.5222223 226.986982361933 30.2532501220703 179 24
"13" 3 1 -43.8916667 -21.7 212.204339697165 26.9095001220703 283 19
"14" 1 1 -44.6819445 -23.0627778 240.523107731965 27.6232051849365 276 49
"17" 3 1 -43.2486111 -22.9688889 208.661170152281 30.5919399261475 183 42
"20" 2 1 -43.0002778 -22.7716667 216.073247765545 31.3978729248047 192 35
"23" 3 1 -48.8697223 -27.99 299.012439394117 25.7779998779297 215 93
"25" 1 1 -43.4183334 -22.5747223 224.895367340786 29.5942497253418 264 50
"26" 2 1 -42.0333333 -20.7666667 233.749530495031 29.4362506866455 229 20
"1100" 1 0 -39.9166666666667 -18.9166666666667 187.895512505191 31.1240005493164 174 45
"2" 2 0 -39.5833333333333 -16.5833333333333 157.864722329306 30.2367496490479 143 62
"3" 2 0 -40.4166666666667 -18.5833333333333 185.281665155027 31.7627506256104 176 36
"4100" 3 0 -51.0833333333333 -29.0833333333333 326.331030340416 24.8862495422363 187 124
"5100" 3 0 -43.0833333333333 -18.4166666666667 228.689994756674 29.1714992523193 281 11
"6" 3 0 -40.9166666666667 -20.5833333333333 208.992199310744 28.244499206543 195 43
"7" 2 0 -47.0833333333333 -23.0833333333333 225.006561842307 27.7980003356934 225 31
"8100" 1 0 -40.5833333333333 -20.4166666666667 202.693838581199 30.0292491912842 195 51
"9100" 1 0 -46.75 -23.0833333333333 231.516548592641 27.40625 227 30
"1010" 1 0 -45.9166666666667 -23.4166666666667 249.274475305078 26.8222503662109 238 40
"1110" 1 0 -46.9166666666667 -20.9166666666667 218.552533469027 28.8050003051758 279 16
"1210" 3 0 -42.9166666666667 -22.0833333333333 232.556249102492 28.599250793457 276 24
"1310" 2 0 -42.75 -21.0833333333333 231.122314447211 30.9755001068115 240 15
"1410" 1 0 -40.75 -17.5833333333333 182.602438647588 31.8582496643066 172 28
"15" 3 0 -46.4166666666667 -23.4166666666667 238.054457589845 26.5667495727539 232 37
"16" 2 0 -48.5833333333333 -27.25 319.265511392718 29.0364532470703 195 92
"1710" 2 0 -46.0833333333333 -21.4166666666667 239.200467440404 29.986499786377 278 23
"18" 1 0 -45.25 -23.25 256.896457964274 27.0454998016357 259 31
"19" 3 0 -40.25 -18.4166666666667 183.717213366028 31.7077503204346 172 39
"2010" 2 0 -43.75 -20.0833333333333 192.236150603495 27.9179992675781 318 13
"21" 1 0 -45.75 -21.5833333333333 250.892785138133 30.4029998779297 282 25
"22" 1 0 -48.75 -25.25 295.454143898324 28.214750289917 259 71
"2310" 2 0 -49.4166666666667 -25.25 289.507492904973 26.7432498931885 218 78
"24" 3 0 -43.25 -21.75 215.249042249172 28.5419998168945 269 18
"2510" 1 0 -48.5833333333333 -27.9166666666667 309.850196690755 28.9351348876953 190 91
"2610" 1 0 -51.75 -27.9166666666667 345.42420448376 27.5774993896484 197 116
"27" 1 0 -51.4166666666667 -26.75 315.603598260138 24.4487495422363 176 104
"28" 2 0 -42.75 -22.4166666666667 231.215315761927 28.1357498168945 233 30
"29" 3 0 -51.5833333333333 -26.5833333333333 316.730492971837 24.6827507019043 178 105
"30" 2 0 -41.5833333333333 -20.25 219.249775268636 29.16575050354 216 27
"31" 1 0 -42.5833333333333 -20.4166666666667 231.919045492828 30.0860004425049 247 17
"32" 1 0 -48.9166666666667 -28.0833333333333 304.366488481311 27.4307498931885 203 84
"33" 1 0 -40.5833333333333 -18.5833333333333 185.615827576915 31.6975002288818 179 33
"34" 2 0 -45.4166666666667 -21.9166666666667 257.541864350439 29.6052494049072 302 20
"35" 3 0 -49.25 -25.9166666666667 304.401484270748 25.2164993286133 181 78
"36" 3 0 -43.75 -22.9166666666667 213.024549832851 32.6867179870605 198 42
"37" 1 0 -40.25 -19.0833333333333 192.297496788418 31.3134994506836 182 38
"38" 1 0 -42.4166666666667 -19.5833333333333 197.937053504395 31.9702491760254 239 12
"39" 1 0 -41.4166666666667 -20.25 214.809520554028 27.6637496948242 217 34
"40" 3 0 -43.4166666666667 -19.75 216.503413325226 30.3439998626709 318 13
"41" 1 0 -45.0833333333333 -21.0833333333333 229.388686062684 29.5060005187988 308 22
"42" 1 0 -43.9166666666667 -22.9166666666667 221.806490446597 29.7308750152588 229 35
"43" 3 0 -40.4166666666667 -19.25 192.423880013295 30.7280006408691 188 38
"44" 1 0 -42.9166666666667 -21.0833333333333 230.365744546988 31.2320003509521 238 14
"45" 3 0 -50.9166666666667 -25.9166666666667 317.09125062821 25.9130001068115 171 90
"46" 1 0 -40.9166666666667 -22.0833333333333 194.776486742607 30.533332824707 149 27
"47" 1 0 -47.0833333333333 -21.5833333333333 233.060408594366 30.9769992828369 249 18
"48" 2 0 -49.75 -26.4166666666667 310.47149050138 25.5092506408691 172 83
"49" 1 0 -41.75 -18.75 182.222277458054 32.7075004577637 201 20
"50" 1 0 -39.75 -18.4166666666667 176.776132908161 30.8052139282227 172 63
"51" 2 0 -42.75 -22.75 219.192363274589 31.429500579834 187 24
"52" 1 0 -51.75 -29.0833333333333 354.521300508468 27.3285007476807 158 114
"53" 2 0 -42.75 -18.75 236.294012449287 29.1579990386963 297 13
"54" 1 0 -43.9166666666667 -21.0833333333333 205.672862757134 27.6770000457764 282 16
"55" 1 0 -51.4166666666667 -27.4166666666667 335.326475100723 26.8840007781982 193 104
"56" 2 0 -44.9166666666667 -20.9166666666667 217.252620681231 28.7197494506836 344 20
"57" 3 0 -40.9166666666667 -20.0833333333333 205.703444910216 27.794750213623 206 45
"58" 2 0 -50.0833333333333 -29.4166666666667 310.440245436934 25.1662502288818 170 115
"59" 1 0 -44.4166666666667 -22.4166666666667 240.027048894181 30.5812492370605 265 20
"60" 1 0 -40.25 -18.25 181.840589589678 31.8662490844727 170 41
"61" 3 0 -50.75 -27.5833333333333 330.444147209239 25.588249206543 164 105
"62" 2 0 -41.5833333333333 -18.0833333333333 190.396128636497 30.835750579834 194 19
"63" 2 0 -43.4166666666667 -19.25 224.637681180372 29.4257507324219 309 14
"64" 2 0 -40.4166666666667 -19.75 195.987194353919 30.4745006561279 195 45
"65" 2 0 -42.4166666666667 -21.5833333333333 242.486024472337 31.6607494354248 248 20
"66" 3 0 -49.0833333333333 -28.4166666666667 311.459883756953 28.7197494506836 177 82
"67" 3 0 -44.4166666666667 -19.0833333333333 202.799345651416 30.5620002746582 275 10
"68" 3 0 -45.25 -22.9166666666667 231.851131607726 28.7810001373291 239 21
"69" 3 0 -51.0833333333333 -29.5833333333333 340.512926676173 27.5084991455078 152 109
"70" 1 0 -46.25 -23.4166666666667 241.321351710723 26.5410003662109 230 40
"71" 3 0 -42.25 -21.4166666666667 246.76343494957 31.8997497558594 248 20
"72" 2 0 -45.4166666666667 -22.9166666666667 233.122780858791 29.6009998321533 226 22
"73" 2 0 -39.75 -16.5833333333333 158.137808787147 30.19700050354 132 51
"74" 1 0 -40.5833333333333 -20.0833333333333 200.611415571913 29.0212497711182 200 51
"75" 2 0 -42.9166666666667 -22.9166666666667 210.886550398527 31.1229362487793 187 23
"76" 1 0 -42.75 -20.5833333333333 237.216646613954 30.1327495574951 249 19
"77" 2 0 -49.4166666666667 -27.5833333333333 317.586851569599 26.150749206543 194 97
"78" 3 0 -42.4166666666667 -18.9166666666667 210.630576877809 30.5604991912842 260 16
"79" 2 0 -49.25 -25.75 293.662486277762 25.7110004425049 182 76
"80" 2 0 -40.75 -20.5833333333333 206.725012453856 29.6667499542236 190 46
"81" 1 0 -47.25 -23.75 242.581156299492 25.5244998931885 257 54
"82" 2 0 -45.5833333333333 -21.9166666666667 255.8826752678 30.0594997406006 290 23
"83" 1 0 -49.5833333333333 -29.0833333333333 337.711262997303 28.6072254180908 148 87
"84" 3 0 -48.75 -27.0833333333333 319.053324524304 28.2600002288818 208 87
"85" 3 0 -47.25 -21.25 215.110376765935 28.6354999542236 266 20
"86" 3 0 -41.9166666666667 -17.5833333333333 184.995416924733 29.6025009155273 201 12
"87" 2 0 -43.4166666666667 -20.9166666666667 219.81177467021 29.3719997406006 267 18
"88" 1 0 -45.5833333333333 -22.0833333333333 258.017406979926 29.9820003509521 283 23
"89" 3 0 -48.5833333333333 -25.9166666666667 299.349410913523 28.8419895172119 266 86
"90" 3 0 -41.4166666666667 -18.0833333333333 188.20086473921 30.4405002593994 189 20
"91" 2 0 -46.0833333333333 -21.75 225.16794092776 28.7465000152588 294 28
"92" 2 0 -44.25 -19.5833333333333 191.727995996602 30.0849990844727 287 12
"93" 3 0 -44.0833333333333 -19.75 184.694330164141 30.2387504577637 302 12
"94" 3 0 -46.0833333333333 -22.4166666666667 245.864789168245 28.1714992523193 289 30
"95" 2 0 -46.75 -22.5833333333333 232.013807567003 27.605749130249 241 26
"96" 1 0 -43.75 -20.9166666666667 207.01347498578 28.2285003662109 278 18
"97" 1 0 -49.5833333333333 -28.4166666666667 290.893334631712 23.0287494659424 181 108
"98" 2 0 -47.25 -21.75 226.543778838594 30.1742496490479 249 18
"99" 2 0 -40.0833333333333 -19.5833333333333 198.8217901148 31.3955001831055 189 43
"100" 3 0 -42.9166666666667 -21.4166666666667 225.458683981765 29.7509994506836 256 16
"101" 1 0 -49.75 -29.0833333333333 332.29524057861 28.294750213623 150 91
"102" 3 0 -41.4166666666667 -18.9166666666667 183.987461583708 31.8867492675781 195 21
"103" 3 0 -43.0833333333333 -19.25 229.870157361385 30.5149993896484 300 11
"104" 1 0 -47.0833333333333 -22.9166666666667 230.561099227801 28.89674949646 230 28
"105" 3 0 -47.25 -24.5833333333333 274.652338196894 29.7560691833496 277 88
"106" 2 0 -41.9166666666667 -18.9166666666667 183.497392506521 32.7845001220703 210 17
"107" 1 0 -44.4166666666667 -22.9166666666667 230.380510663641 28.79909324646 266 40
"108" 3 0 -50.5833333333333 -27.9166666666667 319.571306949995 24.8540000915527 154 103
"109" 2 0 -51.4166666666667 -27.5833333333333 339.654602823912 27.1040000915527 192 103
"110" 3 0 -49.5833333333333 -27.9166666666667 302.199589502868 23.6180000305176 183 103
"111" 1 0 -48.25 -25.25 295.803856233987 29.349588394165 310 79
"112" 1 0 -44.9166666666667 -19.75 213.048221328163 31.2474994659424 296 10
"113" 1 0 -41.4166666666667 -17.75 188.352903508422 30.9564990997314 180 20
"114" 3 0 -42.4166666666667 -20.5833333333333 229.523678135329 27.1357498168945 253 21
"115" 3 0 -39.5833333333333 -18.0833333333333 171.141727765187 30.687629699707 190 85
"116" 2 0 -46.5833333333333 -21.4166666666667 225.459376620624 28.3482494354248 265 17
"117" 2 0 -44.75 -19.25 203.72090329472 31.5034999847412 268 9
"118" 2 0 -47.25 -21.9166666666667 228.400301628519 31.1037502288818 245 18
"119" 2 0 -44.0833333333333 -22.25 238.460306081967 29.0692501068115 248 18
"120" 2 0 -40.25 -19.9166666666667 197.853499431759 31.222843170166 194 50
"121" 2 0 -49.9166666666667 -28.25 294.387626526898 22.4172496795654 165 105
"122" 1 0 -41.5833333333333 -21.25 222.053849313996 31.4977493286133 197 22
"123" 1 0 -49.25 -28.9166666666667 329.11437224161 29.0262298583984 150 81
"124" 2 0 -46.5833333333333 -21.5833333333333 227.196457173672 29.1152496337891 269 18
"125" 1 0 -46.75 -21.4166666666667 228.253687678934 29.3700008392334 265 17
"126" 2 0 -50.9166666666667 -27.0833333333333 327.259945601933 25.2180004119873 170 96
"127" 2 0 -51.0833333333333 -26.0833333333333 327.060326496837 26.0462493896484 170 100
"128" 3 0 -42.25 -21.9166666666667 242.707343148639 30.9834995269775 238 20
"129" 2 0 -40.0833333333333 -18.75 186.434159896479 31.3179988861084 173 42
"130" 2 0 -43.75 -19.4166666666667 209.565789134461 30.411750793457 295 7
"131" 2 0 -49.4166666666667 -27.75 307.002835487661 24.8924999237061 195 99
"132" 3 0 -41.9166666666667 -18.75 184.21869547279 32.7442512512207 208 18
"133" 2 0 -47.5833333333333 -23.0833333333333 243.214827845618 28.7477493286133 213 29
"134" 1 0 -48.75 -25.9166666666667 298.046097238469 28.7468910217285 256 81
"135" 3 0 -49.75 -28.9166666666667 330.266766176254 28.5952491760254 151 87
"136" 1 0 -51.9166666666667 -27.5833333333333 351.862127583364 28.2719993591309 197 122
"137" 1 0 -42.5833333333333 -19.25 202.455484728581 30.9482498168945 266 14
"138" 2 0 -44.75 -21.5833333333333 224.162631487583 29.0197505950928 311 18
"139" 2 0 -46.75 -21.25 225.958029246746 28.9227504730225 268 16
"140" 1 0 -40.5833333333333 -20.5833333333333 203.110386036959 30.0622501373291 189 49
"141" 3 0 -41.25 -17.5833333333333 187.579407609571 31.6352500915527 174 21
"142" 1 0 -40.75 -18.5833333333333 185.440569068582 31.6637496948242 181 29
"143" 3 0 -51.75 -27.75 344.507218827757 27.5302505493164 198 113
"144" 3 0 -46.9166666666667 -22.0833333333333 234.953422609196 29.7255001068115 252 21
"145" 2 0 -50.75 -28.5833333333333 309.188028686738 25.0372505187988 168 114
"146" 3 0 -48.9166666666667 -26.4166666666667 305.108883959381 29.1979999542236 233 83
"147" 1 0 -50.25 -27.9166666666667 315.126501209662 24.3355007171631 147 100
"148" 1 0 -46.75 -22.0833333333333 229.731554428493 29.1647491455078 266 23
"149" 2 0 -46.25 -22.75 247.525143991042 27.2237491607666 282 28
"150" 3 0 -39.0833333333333 -16.75 156.734321584449 30.1468086242676 152 87
"151" 3 0 -49.5833333333333 -28.25 287.506397673214 22.0144996643066 183 108
"152" 3 0 -44.4166666666667 -19.4166666666667 203.464626922558 31.050500869751 264 9
"153" 1 0 -43.9166666666667 -20.4166666666667 195.604051144223 27.5537490844727 304 13
"154" 2 0 -49.0833333333333 -25.25 283.053130039769 26.42799949646 225 80
"155" 2 0 -46.4166666666667 -23.9166666666667 240.292112835886 30.2969093322754 332 106
"156" 2 0 -44.75 -20.75 210.436822964215 28.3827495574951 340 17
"157" 1 0 -49.75 -26.9166666666667 330.755908076377 27.3347492218018 171 97
"158" 3 0 -44.4166666666667 -21.75 231.648038832271 28.9297504425049 294 19
"159" 1 0 -47.5833333333333 -22.25 239.480709819466 29.5349998474121 247 21
"160" 3 0 -47.0833333333333 -23.9166666666667 247.742864989088 25.7222499847412 268 61
"161" 1 0 -40.0833333333333 -18.4166666666667 181.707450172454 31.5227508544922 170 45
"162" 2 0 -40.4166666666667 -16.4166666666667 169.560972705874 29.9344997406006 131 36
"163" 1 0 -44.5833333333333 -20.75 207.015425409275 28.1422500610352 338 16
"164" 3 0 -41.25 -19.5833333333333 198.049516916262 32.0270004272461 198 25
"165" 1 0 -42.25 -19.75 214.46914607817 30.77174949646 232 14
"166" 3 0 -42.9166666666667 -22.4166666666667 230.480802557151 27.2337493896484 276 37
"167" 3 0 -43.0833333333333 -22.25 226.546988201059 27.8525009155273 281 34
"168" 1 0 -39.75 -19.25 193.727424410316 31.2040004730225 179 52
"169" 3 0 -46.75 -23.4166666666667 229.674859728908 26.3675003051758 237 36
"170" 2 0 -44.0833333333333 -21.4166666666667 211.836514061721 27.9002494812012 291 16
"171" 3 0 -49.25 -25.25 283.720977317372 26.2310009002686 224 80
"172" 3 0 -48.5833333333333 -26.0833333333333 294.547494644646 29.0645561218262 268 84
"173" 2 0 -42.9166666666667 -21.75 229.778006503948 29.2709999084473 271 20
"174" 2 0 -45.75 -21.0833333333333 241.95609150591 30.0499992370605 278 21
"175" 1 0 -40.25 -18.9166666666667 189.19133013952 31.2127494812012 178 37
"176" 1 0 -42.25 -21.75 244.583186682445 31.8537502288818 237 19
"177" 3 0 -47.25 -24.4166666666667 268.012180129529 28.6047496795654 287 83
"178" 3 0 -44.0833333333333 -18.9166666666667 219.20587785308 31.5890007019043 254 6
"179" 3 0 -47.0833333333333 -22.75 238.779072187081 28.9892501831055 231 26
"180" 3 0 -50.9166666666667 -27.9166666666667 324.574497964341 25.4139995574951 169 109
"181" 1 0 -42.5833333333333 -19.0833333333333 212.389551550235 30.1860008239746 273 15
"182" 2 0 -42.4166666666667 -22.0833333333333 248.006408768024 28.6532497406006 251 24
"183" 1 0 -42.9166666666667 -21.25 227.906090519331 31.2777500152588 242 13
"184" 2 0 -44.75 -22.4166666666667 246.922440799371 25.7674999237061 313 28
"185" 1 0 -42.75 -20.25 227.217386840847 31.2569999694824 255 15
"186" 3 0 -42.4166666666667 -19.25 191.737891800946 32.6609992980957 241 12
"187" 2 0 -49.9166666666667 -28.4166666666667 296.195483788068 23.2019996643066 163 106
"188" 2 0 -42.4166666666667 -19.4166666666667 189.403759859753 32.4392509460449 239 12
"189" 2 0 -40.5833333333333 -19.75 195.257633102798 30.0230007171631 198 44
"190" 2 0 -50.9166666666667 -30.0833333333333 351.028611055616 28.4169998168945 144 93
"191" 3 0 -48.9166666666667 -26.9166666666667 322.815097214688 29.1047496795654 209 88
"192" 1 0 -49.0833333333333 -26.9166666666667 325.128538463406 28.9027500152588 203 92
"193" 3 0 -41.5833333333333 -17.75 188.509411587138 30.757999420166 186 18
"194" 3 0 -50.25 -27.5833333333333 324.955899074584 24.9977493286133 156 98
"195" 1 0 -40.25 -16.9166666666667 170.299239378091 29.746000289917 138 50
"196" 1 0 -45.5833333333333 -20.75 237.844992124856 30.1984996795654 282 19
"197" 3 0 -41.9166666666667 -22.5833333333333 216.080330951791 31.1086196899414 181 36
"198" 2 0 -42.9166666666667 -20.5833333333333 236.638058551355 30.02174949646 255 19
"199" 2 0 -39.5833333333333 -18.25 172.469465471984 30.5111103057861 184 79
"200" 2 0 -50.0833333333333 -28.25 301.6605608251 23.6639995574951 156 102
"201" 2 0 -41.0833333333333 -21.9166666666667 196.772866990274 31.7897491455078 152 30
"202" 1 0 -45.9166666666667 -23.25 248.71692139592 27.9694995880127 224 29
"203" 1 0 -41.25 -21.5833333333333 203.496048558977 32.5974998474121 170 26
"204" 2 0 -43.5833333333333 -20.0833333333333 196.39187342766 26.6782493591309 321 18
"205" 3 0 -46.75 -23.9166666666667 249.72270847529 25.6905002593994 304 83
"206" 3 0 -43.5833333333333 -20.4166666666667 204.487935587301 26.0667495727539 304 15
"207" 3 0 -39.5833333333333 -16.75 154.497859501367 30.0524997711182 143 63
"208" 1 0 -39.4166666666667 -16.5833333333333 156.830494555729 30.1377506256104 147 73
"209" 1 0 -40.9166666666667 -20.9166666666667 209.03182361327 31.7474994659424 173 37
"210" 1 0 -49.5833333333333 -27.4166666666667 327.936818601181 27.1457500457764 185 102
"211" 1 0 -41.0833333333333 -20.4166666666667 211.078650648366 27.4185009002686 205 38
"212" 3 0 -42.5833333333333 -21.5833333333333 235.413268119595 30.9832496643066 249 19
"213" 2 0 -41.75 -22.25 213.86621700566 31.5538463592529 197 37
"214" 1 0 -48.4166666666667 -27.9166666666667 307.409462819981 28.1000003814697 180 108
"215" 1 0 -45.5833333333333 -22.4166666666667 261.14444630047 29.9540004730225 265 23
"216" 2 0 -50.4166666666667 -28.25 307.368266246595 24.6814994812012 151 102
"217" 1 0 -43.5833333333333 -21.5833333333333 211.024661953887 28.4307498931885 279 17
"218" 3 0 -50.75 -30.25 347.73393741646 28.0601787567139 145 90
"219" 3 0 -43.25 -19.75 220.290604415397 29.574499130249 327 12
"220" 2 0 -47.5833333333333 -22.75 251.054447495249 29.1022491455078 233 25
"221" 3 0 -46.9166666666667 -22.4166666666667 238.720436684772 29.2142505645752 246 22
"222" 1 0 -45.75 -22.5833333333333 264.740599756197 28.4249992370605 288 29
"223" 1 0 -50.0833333333333 -26.9166666666667 329.84290883905 26.3542499542236 168 95
"224" 3 0 -42.9166666666667 -19.0833333333333 228.772540290218 29.871000289917 297 12
"225" 2 0 -51.25 -28.9166666666667 333.713254994807 25.9287490844727 179 117
"226" 3 0 -42.9166666666667 -18.75 236.617734552324 28.892749786377 300 13
"227" 1 0 -41.9166666666667 -20.9166666666667 232.889821261547 30.0494995117188 223 21
"228" 3 0 -43.75 -22.5833333333333 235.789090323721 30.3657493591309 240 33
"229" 2 0 -51.0833333333333 -26.5833333333333 321.505880276808 24.9720001220703 165 96
"230" 3 0 -49.4166666666667 -26.9166666666667 319.554274158392 27.1577491760254 188 98
"231" 1 0 -43.9166666666667 -19.25 210.295883206602 30.6065006256104 274 8
"232" 1 0 -40.4166666666667 -17.0833333333333 178.062872942942 30.9907493591309 161 42
"233" 1 0 -43.9166666666667 -19.5833333333333 197.964805074591 30.941499710083 287 10
"234" 2 0 -41.4166666666667 -21.0833333333333 218.50476488788 31.0855007171631 193 26
"235" 2 0 -40.4166666666667 -18.4166666666667 183.386977999938 31.644250869751 174 36
"236" 2 0 -42.0833333333333 -22.4166666666667 223.853484621141 30.6712493896484 195 32
"237" 1 0 -39.5833333333333 -17.0833333333333 161.014091779068 30.7320003509521 145 62
"238" 3 0 -44.4166666666667 -20.5833333333333 203.087952310065 28.6887493133545 317 15
"239" 2 0 -49.4166666666667 -28.5833333333333 324.817809661941 28.9342498779297 172 79
"240" 2 0 -39.25 -17.5833333333333 163.323789895076 30.437463760376 172 73
"241" 2 0 -45.4166666666667 -23.5833333333333 251.956698386159 28.221700668335 286 64
"242" 2 0 -44.5833333333333 -22.9166666666667 237.495865944757 27.7224998474121 263 35
"243" 1 0 -48.5833333333333 -28.0833333333333 307.765451685515 28.8400001525879 178 89
"244" 3 0 -41.25 -18.5833333333333 185.660035221488 30.8649997711182 191 22
"245" 1 0 -44.25 -20.25 197.365071929056 29.4839992523193 317 15
"246" 2 0 -47.0833333333333 -21.0833333333333 214.43955448427 28.4260005950928 273 18
"247" 3 0 -45.4166666666667 -20.4166666666667 225.069223284879 29.6464996337891 288 18
"248" 3 0 -43.0833333333333 -19.75 223.046336693022 29.8635005950928 315 11
"249" 1 0 -51.75 -28.25 337.808747872864 26.4162502288818 199 120
"250" 3 0 -42.9166666666667 -18.5833333333333 236.683172416049 28.6277503967285 296 13
"251" 1 0 -48.4166666666667 -25.4166666666667 304.923376761444 29.138298034668 279 78
"252" 1 0 -50.5833333333333 -30.25 342.905042152691 27.8112239837646 147 90
"253" 2 0 -45.25 -19.5833333333333 213.518912206134 31.7105007171631 274 11
"254" 1 0 -50.5833333333333 -26.5833333333333 325.573859240203 25.3887500762939 164 86
"255" 3 0 -42.25 -17.75 189.273559762958 28.8452491760254 227 10
"256" 3 0 -42.4166666666667 -20.4166666666667 231.870762430598 28.9710006713867 246 20
"257" 1 0 -45.4166666666667 -19.4166666666667 212.950836095482 31.8699989318848 271 10
"258" 2 0 -40.75 -20.9166666666667 206.210123899847 31.7269840240479 172 38
"259" 1 0 -47.5833333333333 -22.9166666666667 244.381022379313 28.64674949646 222 28
"260" 2 0 -47.0833333333333 -22.5833333333333 244.075465211412 29.2427501678467 234 23
"261" 2 0 -45.25 -21.5833333333333 247.965224026548 29.8207492828369 286 18
"262" 1 0 -45.9166666666667 -22.4166666666667 250.321055590288 29.6229991912842 269 28
"263" 1 0 -43.5833333333333 -20.5833333333333 208.748745700572 26.9527492523193 291 15
"264" 3 0 -46.0833333333333 -22.0833333333333 231.399446228166 28.5739994049072 290 30
"265" 1 0 -41.4166666666667 -17.9166666666667 188.927488705471 31.1732501983643 183 20
"266" 3 0 -44.5833333333333 -20.9166666666667 212.384937246583 28.3502502441406 352 17
"267" 2 0 -48.75 -28.5833333333333 300.487142930551 28.3826675415039 157 90
"268" 2 0 -48.75 -27.4166666666667 314.984254800009 28.2080001831055 202 95
"269" 2 0 -44.9166666666667 -21.4166666666667 228.558320699303 29.3352508544922 308 19
"270" 1 0 -50.25 -30.25 342.561592791352 27.6299591064453 146 89
"271" 1 0 -49.4166666666667 -26.75 315.42029142748 26.9347496032715 188 86
"272" 3 0 -43.9166666666667 -19.0833333333333 215.294202790217 30.6655006408691 264 6
"273" 1 0 -45.75 -22.9166666666667 257.294410584956 27.257999420166 286 33
"274" 1 0 -42.25 -21.5833333333333 248.709795224372 32.1162490844727 244 20
"275" 2 0 -44.4166666666667 -20.0833333333333 194.799346372691 29.6240005493164 333 15
"276" 1 0 -51.0833333333333 -27.4166666666667 329.931057644948 25.7304992675781 179 103
"277" 1 0 -42.4166666666667 -17.5833333333333 184.697731096057 29.0317497253418 227 7
"278" 2 0 -44.9166666666667 -21.5833333333333 225.162132400477 29.1135005950928 307 18
"279" 2 0 -49.9166666666667 -29.25 325.546862753781 27.769250869751 153 98
"280" 2 0 -51.25 -28.5833333333333 331.120159822405 26.1854991912842 184 116
"281" 3 0 -41.5833333333333 -19.9166666666667 210.006858748974 30.6784992218018 210 22
"282" 3 0 -43.0833333333333 -19.0833333333333 231.423341352044 29.443000793457 303 12
"283" 1 0 -47.0833333333333 -20.9166666666667 212.497284180231 28.4095001220703 278 17
"284" 2 0 -49.5833333333333 -26.75 311.502134538682 25.4492492675781 179 86
"285" 3 0 -47.0833333333333 -21.4166666666667 230.391078608348 30.6609992980957 258 18
"286" 3 0 -43.5833333333333 -21.75 215.214261878375 28.4527492523193 257 17
"287" 3 0 -43.9166666666667 -23.0833333333333 203.654246846543 31.690279006958 202 49
"288" 2 0 -44.0833333333333 -22.9166666666667 221.806042274249 29.3485641479492 242 37
"289" 2 0 -50.75 -27.75 329.693657594848 25.5117492675781 162 108
"290" 1 0 -43.0833333333333 -21.25 226.140713490818 30.793249130249 248 13
"291" 1 0 -41.9166666666667 -18.0833333333333 193.898056707445 31.5979995727539 208 14
"292" 3 0 -51.5833333333333 -27.9166666666667 336.994939422604 26.6485004425049 196 113
"293" 3 0 -41.25 -19.75 200.29687003374 31.3812503814697 202 27
"294" 1 0 -49.9166666666667 -25.9166666666667 308.841088962993 26.4217510223389 164 72
"295" 2 0 -45.0833333333333 -19.75 212.529723743609 31.1525001525879 293 11
"296" 3 0 -50.4166666666667 -27.0833333333333 319.97182447693 24.4405002593994 167 95
"297" 1 0 -44.0833333333333 -19.9166666666667 183.549969203527 29.863000869751 320 13
"298" 1 0 -50.9166666666667 -28.25 319.801336632785 25.2037506103516 171 110
"299" 1 0 -47.0833333333333 -22.0833333333333 234.275201305565 30.3810005187988 244 20
"300" 2 0 -48.5833333333333 -25.25 300.364517295303 28.9357490539551 277 70
"301" 1 0 -44.75 -19.9166666666667 208.5683003871 30.8647499084473 310 12
"302" 3 0 -51.75 -27.4166666666667 347.044475284103 27.7604999542236 198 109
"303" 3 0 -51.0833333333333 -26.4166666666667 323.483330427943 25.4099998474121 165 100
"304" 3 0 -39.0833333333333 -17.5833333333333 161.895875140324 30.3999996185303 178 68
"305" 2 0 -40.75 -20.0833333333333 203.823666449682 28.4985008239746 203 48
"306" 1 0 -41.0833333333333 -16.5833333333333 182.207132887024 30.6075000762939 167 15
"307" 3 0 -48.9166666666667 -26.5833333333333 309.010216292161 28.9409999847412 226 83
"308" 2 0 -44.25 -23.0833333333333 214.98527563791 30.7447376251221 246 54
"309" 1 0 -39.0833333333333 -16.5833333333333 155.919384097731 30.015344619751 162 95
"310" 2 0 -41.0833333333333 -17.75 185.631622502209 31.7617492675781 176 24
"311" 3 0 -50.25 -29.25 308.031467842046 23.6965007781982 189 131
"312" 1 0 -49.5833333333333 -25.75 302.10102536048 26.0734996795654 162 71
"313" 3 0 -41.0833333333333 -21.0833333333333 211.660202581322 31.8007507324219 174 32
"314" 1 0 -44.75 -21.0833333333333 222.399252642235 29.1182498931885 364 19
"315" 1 0 -45.4166666666667 -20.9166666666667 235.596750081236 29.9777507781982 287 21
"316" 3 0 -46.5833333333333 -23.0833333333333 236.613043891437 26.9685001373291 234 29
"317" 2 0 -51.0833333333333 -28.4166666666667 321.459524282524 25.4722499847412 180 114
"318" 1 0 -51.9166666666667 -28.5833333333333 348.432179661106 27.1847496032715 185 120
"319" 1 0 -50.5833333333333 -27.25 328.219024090906 25.0647506713867 166 98
"320" 3 0 -39.75 -18.0833333333333 173.203890857043 30.9037494659424 177 78
"321" 2 0 -48.75 -27.9166666666667 302.111244703904 27.2512493133545 214 88
"322" 2 0 -44.0833333333333 -22.5833333333333 241.661150985167 30.1299991607666 243 21
"323" 3 0 -45.25 -20.75 222.883975416575 29.0865001678467 304 19
"324" 2 0 -46.75 -21.5833333333333 227.879880267999 28.8047504425049 268 18
"325" 3 0 -41.5833333333333 -21.4166666666667 221.287153518514 32.0332489013672 193 22
"326" 2 0 -45.0833333333333 -22.5833333333333 242.368619838637 29.2747497558594 268 23
"327" 3 0 -41.4166666666667 -20.5833333333333 218.584259499775 29.6752490997314 205 28
"328" 3 0 -44.9166666666667 -20.5833333333333 213.631963241723 29.1124992370605 304 16
"329" 3 0 -47.5833333333333 -23.5833333333333 249.394423566095 27.6707496643066 200 34
"330" 1 0 -44.5833333333333 -19.25 205.901262445009 31.3834991455078 265 9
"331" 3 0 -44.25 -22.0833333333333 229.495748596241 26.8020000457764 292 22
"332" 3 0 -50.5833333333333 -28.25 312.752266223747 25.1457500457764 155 104
"333" 3 0 -42.25 -18.5833333333333 208.087272045797 30.1257495880127 248 17
"334" 2 0 -39.75 -17.5833333333333 169.235331178074 31.0997505187988 140 60
"335" 1 0 -47.4166666666667 -21.5833333333333 223.749611070426 29.7915000915527 258 22
"336" 2 0 -45.9166666666667 -22.0833333333333 241.324954525141 29.5752506256104 282 28
"337" 2 0 -51.75 -28.75 346.25632775975 26.7964992523193 179 117
"338" 3 0 -40.5833333333333 -20.75 203.675668249218 31.2221794128418 179 43
"339" 2 0 -45.0833333333333 -21.9166666666667 267.889351045528 30.5477504730225 293 18
"340" 1 0 -42.5833333333333 -22.4166666666667 235.837022276414 26.4899997711182 239 30
"341" 2 0 -41.0833333333333 -20.25 209.215654212158 28.2002506256104 207 40
"342" 1 0 -44.5833333333333 -22.4166666666667 242.997149261353 27.1714992523193 295 26
"343" 3 0 -40.25 -16.75 169.025511648636 29.3667507171631 126 48
"344" 3 0 -42.25 -21.0833333333333 239.798311810489 31.7152500152588 251 19
"345" 2 0 -45.9166666666667 -21.0833333333333 238.57836710751 29.6122493743896 276 20
"346" 1 0 -41.25 -18.75 185.172283698176 31.4860000610352 191 22
"347" 3 0 -42.25 -22.4166666666667 233.71841059257 29.2142505645752 204 26
"348" 2 0 -41.4166666666667 -21.9166666666667 202.845759112643 32.1092491149902 165 28
"349" 1 0 -44.4166666666667 -20.4166666666667 199.124484059648 28.7192497253418 319 15
"350" 1 0 -49.5833333333333 -26.0833333333333 307.284097315143 25.675500869751 164 76
"351" 2 0 -42.25 -19.0833333333333 194.068871947871 32.5974998474121 231 14
"352" 2 0 -50.9166666666667 -27.75 327.998542015707 25.4745006561279 171 111
"353" 1 0 -40.9166666666667 -17.9166666666667 184.341813644225 31.7670001983643 176 27
"354" 3 0 -40.0833333333333 -18.25 180.305823918365 31.6765003204346 168 48
"355" 3 0 -43.4166666666667 -22.4166666666667 224.745045165997 28.043249130249 258 38
"356" 1 0 -41.75 -19.25 190.49691010724 31.8377494812012 209 18
"357" 1 0 -49.0833333333333 -28.25 314.014983295938 28.7222499847412 181 81
"358" 1 0 -42.4166666666667 -18.4166666666667 215.064901996642 31.0715007781982 251 12
"359" 1 0 -51.0833333333333 -27.75 330.09189740069 25.726749420166 177 111
"360" 2 0 -41.25 -16.75 179.040873015986 29.1647491455078 165 15
"361" 2 0 -41.5833333333333 -17.5833333333333 188.891014566366 30.8727493286133 183 16
"362" 1 0 -45.9166666666667 -20.9166666666667 233.477867296248 29.1275005340576 286 20
"363" 3 0 -42.0833333333333 -21.0833333333333 238.77222578429 31.5757503509521 234 17
"364" 1 0 -41.75 -21.4166666666667 230.597774792618 32.1209983825684 201 20
"365" 1 0 -43.25 -20.9166666666667 224.974331753184 29.3929996490479 263 19
"366" 2 0 -48.0833333333333 -25.25 290.32683986568 29.8761405944824 340 84
"367" 3 0 -50.0833333333333 -25.5833333333333 306.648805150127 26.7652492523193 192 76
"368" 2 0 -45.0833333333333 -21.75 251.949460154854 30.2285003662109 292 16
"369" 2 0 -44.0833333333333 -21.9166666666667 220.918376923143 26.757999420166 287 20
"370" 3 0 -46.25 -19.9166666666667 214.930091722844 28.2877502441406 306 15
"371" 2 0 -46.5833333333333 -22.5833333333333 235.990440909624 28.1177501678467 249 26
"372" 2 0 -50.9166666666667 -27.4166666666667 330.574414888125 25.5004997253418 173 105
"373" 1 0 -49.25 -26.9166666666667 325.93633711465 28.5687503814697 194 97
"374" 1 0 -49.75 -26.25 311.803621471748 26.1767501831055 170 79
"375" 2 0 -50.75 -30.0833333333333 347.726369101058 28.24049949646 147 92
"376" 1 0 -50.75 -26.0833333333333 335.395427702456 27.0125007629395 161 88
"377" 2 0 -40.5833333333333 -17.4166666666667 180.574417547159 31.5890007019043 170 33
"378" 3 0 -49.25 -28.4166666666667 317.858180409056 28.7502498626709 181 81
"379" 2 0 -45.9166666666667 -20.75 235.853191154836 29.5855007171631 284 19
"380" 1 0 -40.9166666666667 -16.75 179.27980698939 30.6967506408691 159 22
"381" 1 0 -50.0833333333333 -28.4166666666667 299.038393239125 23.8409996032715 156 105
"382" 3 0 -46.9166666666667 -22.75 233.589785399855 28.1415004730225 227 27
"383" 2 0 -42.0833333333333 -18.4166666666667 199.445670129276 32.4942512512207 219 14
"384" 3 0 -46.9166666666667 -23.0833333333333 228.16376697906 27.398250579834 225 29
"385" 2 0 -49.25 -28.0833333333333 311.148216529047 27.693000793457 194 82
"386" 1 0 -42.0833333333333 -22.25 233.686273185832 28.871000289917 215 29
"387" 2 0 -46.4166666666667 -20.5833333333333 226.414003793412 28.6842498779297 294 15
"388" 1 0 -42.25 -17.9166666666667 197.469772207325 31.4882507324219 220 9
"389" 3 0 -42.0833333333333 -20.5833333333333 232.517260414284 28.3595008850098 233 19
"390" 1 0 -46.25 -20.4166666666667 236.539132413911 30.1842498779297 295 15
"391" 1 0 -48.9166666666667 -26.75 312.962594749983 28.183500289917 220 87
"392" 3 0 -44.0833333333333 -20.4166666666667 197.85148934218 28.894250869751 301 11
"393" 3 0 -40.9166666666667 -20.75 209.639174800473 29.4750003814697 187 41
"394" 1 0 -50.4166666666667 -27.5833333333333 327.727872073863 25.1145000457764 154 103
"395" 2 0 -40.4166666666667 -17.5833333333333 179.382493425614 31.5647506713867 166 35
"396" 1 0 -46.5833333333333 -22.25 225.16243653672 28.36549949646 276 25
"397" 3 0 -40.0833333333333 -16.75 165.206033709756 29.6377506256104 123 50
"398" 1 0 -44.4166666666667 -23.25 216.076860855828 31.0777778625488 254 67
"399" 2 0 -51.0833333333333 -27.0833333333333 335.079449020793 26.3522491455078 174 95
"400" 1 0 -50.4166666666667 -27.9166666666667 319.082576372667 24.7730007171631 145 101
"401" 1 0 -46.5833333333333 -23.5833333333333 238.662329133921 27.6049995422363 246 42
"402" 1 0 -40.0833333333333 -18.5833333333333 182.978098665511 31.3659992218018 171 43
"403" 2 0 -43.75 -20.25 199.121937508679 28.3107490539551 304 11
"404" 1 0 -45.5833333333333 -23.75 249.741454665879 28.859691619873 302 90
"405" 1 0 -47.25 -21.4166666666667 228.502132901742 30.4912490844727 256 20
"406" 2 0 -50.25 -28.75 296.272002614483 24.4302501678467 162 117
"407" 2 0 -47.25 -23.4166666666667 239.299204012468 26.5007495880127 233 35
"408" 2 0 -40.4166666666667 -18.75 185.894894299463 31.535249710083 178 37
"409" 2 0 -50.4166666666667 -30.25 343.496968376097 27.8412494659424 147 90
"410" 1 0 -43.0833333333333 -18.5833333333333 231.050786192489 28.6412506103516 291 14
"411" 3 0 -49.4166666666667 -25.9166666666667 310.378361707666 25.7180004119873 163 74
"412" 3 0 -48.5833333333333 -26.4166666666667 298.65406485793 28.874418258667 259 83
"413" 1 0 -50.25 -28.25 306.172604137363 24.4090003967285 149 100
"414" 1 0 -39.9166666666667 -18.4166666666667 179.096128925182 31.0874996185303 170 55
"415" 2 0 -41.5833333333333 -17.9166666666667 190.546383178227 30.816499710083 191 18
"416" 1 0 -40.0833333333333 -18.0833333333333 177.631082416055 31.4654998779297 165 50
"417" 1 0 -44.25 -21.9166666666667 226.455785078101 27.5607490539551 293 19
"418" 3 0 -45.9166666666667 -19.9166666666667 247.492592459351 31.7077503204346 280 12
"419" 2 0 -42.25 -20.25 228.950125917562 29.7057495117188 238 18
"420" 2 0 -43.4166666666667 -18.4166666666667 194.271375859653 26.6597499847412 279 9
"421" 3 0 -50.0833333333333 -28.0833333333333 308.780672607337 23.9112491607666 154 99
"422" 2 0 -45.25 -21.75 262.841464117901 30.6242504119873 289 16
"423" 1 0 -44.5833333333333 -23.25 224.8919256169 30.4152431488037 285 85
"424" 3 0 -46.75 -20.5833333333333 221.796154530834 29.6879997253418 287 13
"425" 1 0 -44.25 -22.9166666666667 225.79050339855 29.4820518493652 256 40
"426" 3 0 -50.75 -27.25 335.164272598968 25.8819999694824 167 100
"427" 3 0 -42.0833333333333 -18.0833333333333 197.047218308588 31.7544994354248 215 11
"428" 2 0 -49.5833333333333 -25.4166666666667 292.716875980036 26.3642501831055 204 78
"429" 2 0 -45.0833333333333 -23.4166666666667 244.080558542274 29.5547695159912 318 83
"430" 3 0 -49.25 -26.0833333333333 307.693502165342 25.2352504730225 184 82
"431" 3 0 -48.75 -26.75 315.773361114136 29.1466846466064 225 84
"432" 3 0 -41.4166666666667 -20.0833333333333 211.662856802138 29.6429996490479 211 29
"433" 1 0 -44.75 -23.4166666666667 231.318242269803 30.1597213745117 306 97
"434" 2 0 -46.75 -23.5833333333333 238.368873317549 27.19700050354 249 41
"435" 2 0 -43.75 -21.25 198.296740727896 27.175500869751 277 19
"436" 1 0 -40.9166666666667 -18.9166666666667 188.196098028 30.20924949646 191 29
"437" 1 0 -41.4166666666667 -20.4166666666667 216.945568870988 28.7935009002686 210 29
"438" 2 0 -41.0833333333333 -17.0833333333333 185.544564109548 30.6112499237061 164 21
"439" 2 0 -51.25 -29.4166666666667 343.354181724097 27.5047492980957 152 111
"440" 3 0 -39.9166666666667 -19.5833333333333 196.776444659058 31.1909313201904 187 49
"441" 3 0 -46.75 -22.4166666666667 232.951961113154 28.8202495574951 250 23
"442" 2 0 -46.25 -24.0833333333333 241.192202548521 30.5318183898926 323 115
"443" 1 0 -44.5833333333333 -20.5833333333333 209.092433798608 29.2102508544922 317 15
"444" 2 0 -45.5833333333333 -21.5833333333333 254.963685866909 30.3120002746582 276 22
"445" 1 0 -48.9166666666667 -27.5833333333333 306.606147392571 26.6447505950928 221 90
"446" 3 0 -42.0833333333333 -19.75 219.472771262076 29.4122505187988 233 18
"447" 1 0 -51.25 -28.75 326.917619019536 25.4440002441406 187 119
"448" 2 0 -40.25 -18.5833333333333 185.245401582864 31.7544994354248 173 39
"449" 1 0 -44.75 -22.75 255.628472534439 26.4419994354248 275 28
"450" 1 0 -49.9166666666667 -28.0833333333333 303.033307130116 23.1632499694824 163 102
"451" 3 0 -51.25 -27.4166666666667 332.861401949889 26.3642501831055 185 102
"452" 1 0 -46.4166666666667 -20.25 218.772834033116 28.2997493743896 302 16
"453" 1 0 -42.75 -20.75 240.641661503251 29.5939998626709 247 20
"454" 1 0 -41.5833333333333 -17.4166666666667 186.18125717057 29.8784999847412 183 16
"455" 3 0 -42.9166666666667 -22.25 232.256873750647 27.039249420166 290 31
"456" 1 0 -49.75 -28.0833333333333 294.098724505251 22.107250213623 174 107
"457" 1 0 -50.9166666666667 -28.0833333333333 323.722069949816 25.5114994049072 169 109
"458" 2 0 -47.4166666666667 -24.25 268.893666456879 29.7117500305176 259 69
"459" 3 0 -40.75 -17.4166666666667 183.053111211847 31.8287506103516 172 29
"460" 3 0 -40.4166666666667 -19.9166666666667 199.457571529011 30.5727500915527 196 49
"461" 3 0 -41.4166666666667 -19.4166666666667 198.529768912809 30.3034992218018 206 24
"462" 3 0 -43.75 -20.5833333333333 207.345196916397 28.1620006561279 287 13
"463" 1 0 -49.9166666666667 -26.9166666666667 329.310636221678 26.6857490539551 170 96
"464" 1 0 -45.5833333333333 -19.75 230.075766017249 31.9529991149902 287 10
"465" 3 0 -42.75 -19.75 215.744902833296 30.2115001678467 278 15
"466" 2 0 -41.0833333333333 -19.0833333333333 189.113698261741 31.3369998931885 192 26
"467" 2 0 -51.0833333333333 -27.5833333333333 332.60788568509 25.8807506561279 179 111
"468" 1 0 -42.5833333333333 -21.75 238.565841531061 31.2840003967285 255 19
"469" 3 0 -41.0833333333333 -20.0833333333333 206.51879264585 29.8087501525879 204 35
"470" 1 0 -39.4166666666667 -17.4166666666667 161.542471722872 30.597749710083 152 71
"471" 2 0 -41.0833333333333 -21.4166666666667 203.170609698183 31.7640228271484 160 28
"472" 3 0 -40.4166666666667 -17.75 179.153797294907 31.7432498931885 166 35
"473" 1 0 -47.4166666666667 -23.5833333333333 242.485738653905 26.236499786377 229 38
"474" 3 0 -42.75 -18.4166666666667 240.827414760315 29.8637504577637 285 11
"475" 3 0 -45.5833333333333 -23.0833333333333 244.386531694172 28.5594997406006 218 23
"476" 3 0 -50.25 -28.5833333333333 298.343124230683 24.4249992370605 156 109
"477" 2 0 -47.5833333333333 -23.9166666666667 255.14422386802 25.463249206543 256 63
"478" 1 0 -43.5833333333333 -19.25 204.75001535497 27.1979999542236 313 12
"479" 2 0 -40.75 -20.25 206.260326281008 28.6725006103516 200 47
"480" 3 0 -49.5833333333333 -27.75 307.228471689309 24.4497509002686 185 100
"481" 3 0 -45.5833333333333 -20.9166666666667 237.703785920813 29.722749710083 282 21
"482" 2 0 -43.5833333333333 -19.0833333333333 208.350703884442 27.5279998779297 303 17
"483" 3 0 -46.25 -23.5833333333333 244.756198500616 26.2787494659424 251 53
"484" 2 0 -44.9166666666667 -23.25 247.266330418422 27.4584999084473 290 59
"485" 2 0 -51.0833333333333 -29.75 353.93838650004 28.789249420166 149 101
"486" 2 0 -43.25 -22.0833333333333 229.72346942066 29.9039993286133 251 26
"487" 2 0 -49.9166666666667 -25.5833333333333 303.518359409085 26.7727508544922 182 74
"488" 3 0 -42.9166666666667 -19.5833333333333 220.945868001163 29.21875 310 13
"489" 1 0 -51.0833333333333 -28.25 322.913335977437 25.3754997253418 179 112
"490" 2 0 -50.0833333333333 -26.5833333333333 330.291864414352 26.875 162 85
"491" 2 0 -49.4166666666667 -27.0833333333333 326.489766214939 27.9492492675781 184 102
"492" 2 0 -50.0833333333333 -28.9166666666667 294.265074474306 23.63450050354 171 124
"493" 1 0 -43.5833333333333 -23.0833333333333 206.5052953822 31.9106788635254 175 45
"494" 2 0 -43.0833333333333 -21.0833333333333 226.177043746355 29.4977493286133 254 18
"495" 1 0 -39.75 -17.9166666666667 171.970497227211 30.9422492980957 164 73
"496" 1 0 -48.75 -26.25 296.113861028282 28.724573135376 258 82
"497" 1 0 -49.0833333333333 -26.4166666666667 309.951793272384 28.4702491760254 217 83
"498" 1 0 -46.75 -22.75 233.478847841381 27.3649997711182 232 29
"499" 2 0 -41.0833333333333 -17.25 187.29146210749 31.5572490692139 169 21
"500" 3 0 -41.25 -20.75 214.778437883768 31.9657497406006 190 26
"501" 3 0 -44.9166666666667 -20.75 216.663556158674 28.972749710083 326 18
"502" 1 0 -51.4166666666667 -26.9166666666667 328.190650030332 25.8889999389648 181 99
"503" 2 0 -49.9166666666667 -27.0833333333333 335.461160350353 27.4617500305176 171 103
"504" 1 0 -43.9166666666667 -20.75 205.987125762617 28.1650009155273 285 14
"505" 2 0 -51.75 -28.9166666666667 351.009485864426 27.0922508239746 164 115
"506" 1 0 -43.0833333333333 -18.25 217.366450954921 28.9952507019043 273 11
"507" 2 0 -40.0833333333333 -17.5833333333333 174.338566572225 31.5327491760254 147 40
"508" 3 0 -48.9166666666667 -25.9166666666667 284.575062228894 25.7817497253418 235 87
"509" 2 0 -40.25 -19.75 197.135079913809 31.2689990997314 193 44
"510" 1 0 -45.25 -22.4166666666667 274.293417655835 27.5322494506836 300 26
"511" 2 0 -44.5833333333333 -23.0833333333333 223.327600536719 31.2055034637451 285 64
"512" 2 0 -43.0833333333333 -21.9166666666667 228.828734835427 29.5785007476807 265 20
"513" 1 0 -47.4166666666667 -22.9166666666667 239.75347007734 28.7019996643066 225 28
"514" 1 0 -39.25 -17.4166666666667 160.984812388505 30.3886070251465 160 73
"515" 2 0 -42.25 -20.4166666666667 231.681830809474 28.7549991607666 240 20
"516" 2 0 -50.0833333333333 -27.9166666666667 306.160181194351 23.3059997558594 157 103
"517" 1 0 -46.0833333333333 -23.4166666666667 245.057701450086 26.8427505493164 235 43
"518" 1 0 -44.0833333333333 -22.4166666666667 241.548505969985 29.9957504272461 241 19
"519" 3 0 -44.9166666666667 -21.75 231.398786284682 29.3032493591309 304 18
"520" 3 0 -42.5833333333333 -20.25 226.506460370319 31.0974998474121 246 15
"521" 1 0 -50.5833333333333 -27.75 327.003618650734 25.3997497558594 153 102
"522" 2 0 -41.25 -21.9166666666667 197.323209757836 32.0929985046387 150 29
"523" 2 0 -41.9166666666667 -17.75 189.205341792499 30.0380001068115 205 14
"524" 1 0 -51.0833333333333 -29.9166666666667 357.762900510121 28.892749786377 146 98
"525" 3 0 -50.5833333333333 -25.75 323.960169545638 26.963249206543 176 79
"526" 1 0 -43.9166666666667 -21.9166666666667 218.797143339167 27.193000793457 272 19
"527" 2 0 -47.0833333333333 -21.75 232.10777504045 30.4890003204346 235 17
"528" 3 0 -44.25 -19.4166666666667 201.180436743034 30.6097507476807 270 11
"529" 2 0 -44.0833333333333 -20.5833333333333 203.556135158774 28.525749206543 294 15
"530" 3 0 -41.0833333333333 -19.5833333333333 194.887565120947 31.4300003051758 197 30
"531" 1 0 -41.4166666666667 -19.25 191.126759748572 30.8332500457764 202 23
"532" 3 0 -44.25 -20.4166666666667 198.073657573874 28.7329998016357 313 14
"533" 2 0 -40.25 -17.0833333333333 171.968567638816 29.7899990081787 150 52
"534" 3 0 -50.25 -28.4166666666667 303.086965426203 24.6574993133545 150 104
"535" 2 0 -42.9166666666667 -21.5833333333333 227.226957502467 30.1807498931885 256 15
"536" 2 0 -46.75 -21.0833333333333 220.590144045592 28.0832500457764 275 17
"537" 2 0 -42.5833333333333 -22.0833333333333 244.218902312695 28.1282501220703 264 25
"538" 2 0 -46.5833333333333 -23.9166666666667 246.640389543589 26.4114990234375 322 101
"539" 2 0 -39.5833333333333 -17.5833333333333 165.527362448041 30.8072490692139 145 65
"540" 3 0 -50.25 -28.0833333333333 308.147486165562 23.9422492980957 149 101
"541" 1 0 -46.4166666666667 -23.0833333333333 239.778668775234 26.6665000915527 242 28
"542" 3 0 -46.5833333333333 -22.9166666666667 237.788790322737 27.4532508850098 234 29
"543" 3 0 -41.5833333333333 -20.4166666666667 222.927932131373 29.150749206543 214 26
"544" 1 0 -41.5833333333333 -17.0833333333333 181.269903699107 29.2639999389648 178 14
"545" 2 0 -46.25 -20.25 238.073994684286 30.3767509460449 289 13
"546" 2 0 -48.9166666666667 -27.0833333333333 325.188937926347 28.8379993438721 205 91
"547" 3 0 -44.5833333333333 -21.0833333333333 222.186889736976 29.1027507781982 350 17
"548" 3 0 -50.5833333333333 -26.75 317.553858562275 24.3169994354248 166 93
"549" 2 0 -46.25 -22.0833333333333 220.765844313065 28.0277500152588 297 29
"550" 2 0 -42.75 -21.25 229.173959591824 30.5114994049072 241 15
"551" 1 0 -43.75 -18.75 200.449516951542 27.3802490234375 288 12
"552" 2 0 -39.25 -17.0833333333333 156.279420336785 30.1603927612305 152 76
"553" 1 0 -40.4166666666667 -18.0833333333333 181.998370628112 31.8367500305176 170 36
"554" 1 0 -47.5833333333333 -21.9166666666667 225.700837957283 29.9724998474121 254 21
"555" 2 0 -39.9166666666667 -18.5833333333333 180.347506231831 30.9407501220703 169 50
"556" 3 0 -46.4166666666667 -22.25 225.765445969274 28.789249420166 277 27
"557" 2 0 -42.5833333333333 -21.0833333333333 235.823302203127 29.6322498321533 248 18
"558" 3 0 -46.4166666666667 -20.75 231.862699043325 30.1377506256104 284 14
"559" 2 0 -40.75 -18.9166666666667 188.13282942807 31.0575008392334 186 30
"560" 2 0 -51.25 -26.75 321.457522277785 24.982250213623 171 99
"561" 2 0 -42.9166666666667 -20.25 227.655164564464 30.9759998321533 263 15
"562" 1 0 -50.5833333333333 -26.0833333333333 335.428690442065 27.1302509307861 166 84
"563" 1 0 -40.0833333333333 -16.5833333333333 165.642760630552 30.0690002441406 113 43
"564" 3 0 -48.5833333333333 -26.75 316.492474134945 28.9962272644043 223 84
"565" 2 0 -40.9166666666667 -18.4166666666667 184.225241937831 30.2455005645752 184 28
"566" 1 0 -39.75 -18.5833333333333 179.694812626498 30.8516807556152 167 57
"567" 2 0 -45.5833333333333 -22.9166666666667 241.814264177968 28.8647499084473 235 25
"568" 2 0 -46.25 -22.5833333333333 252.372352579576 26.6854991912842 305 30
"569" 1 0 -49.9166666666667 -29.5833333333333 329.720150192648 27.5758934020996 145 94
"570" 3 0 -49.0833333333333 -28.0833333333333 311.140516665236 28.0550003051758 197 81
"571" 1 0 -42.0833333333333 -21.25 241.464018282497 31.9799995422363 236 18
"572" 3 0 -51.4166666666667 -28.25 331.141677165175 26.1725006103516 190 115
"573" 2 0 -44.25 -19.75 188.797470229588 30.1800003051758 305 13
"574" 3 0 -46.25 -23.25 239.842749167225 26.6377506256104 233 33
"575" 1 0 -46.4166666666667 -22.5833333333333 237.605515867947 27.144250869751 277 27
"576" 3 0 -43.9166666666667 -22.0833333333333 228.952974410665 28.3602504730225 252 18
"577" 3 0 -46.0833333333333 -23.75 244.623401180995 27.9840545654297 336 107
"578" 2 0 -42.0833333333333 -19.9166666666667 222.77850513662 28.6415004730225 238 19
"579" 2 0 -43.9166666666667 -22.25 235.174831335445 28.9152507781982 243 19
"580" 2 0 -49.75 -26.0833333333333 308.975733134175 26.2767505645752 164 75
"581" 3 0 -47.25 -21.5833333333333 228.312024897699 30.2697505950928 252 20
"582" 3 0 -41.9166666666667 -21.5833333333333 239.956805629055 31.5399990081787 207 18
"583" 2 0 -45.25 -22.25 265.204456474727 27.9987506866455 305 25
"584" 1 0 -46.5833333333333 -20.75 227.85174318123 29.7447490692139 285 14
"585" 2 0 -41.4166666666667 -17.4166666666667 188.658519078481 31.0412502288818 173 17
"586" 2 0 -48.0833333333333 -25.4166666666667 293.111399070045 29.6000003814697 325 86
"587" 2 0 -45.75 -21.4166666666667 249.498364964747 30.3457508087158 274 24
"588" 3 0 -45.25 -19.4166666666667 208.005187742429 31.6054992675781 259 10
"589" 3 0 -51.5833333333333 -28.25 335.722128559496 26.2889995574951 195 118
"590" 3 0 -41.0833333333333 -18.9166666666667 188.739784593683 30.0572490692139 194 27
"591" 1 0 -50.0833333333333 -27.0833333333333 333.224796163467 26.7927494049072 170 102
"592" 2 0 -40.5833333333333 -18.75 186.048780401755 31.5427494049072 181 34
"593" 3 0 -45.75 -21.9166666666667 250.909109605373 30.3369998931885 285 26
"594" 1 0 -50.5833333333333 -26.9166666666667 318.686459985496 24.5517501831055 165 88
"595" 1 0 -50.25 -30.4166666666667 345.723911912599 27.5044937133789 148 88
"596" 3 0 -41.5833333333333 -19.0833333333333 185.141070046807 32.7467498779297 198 18
"597" 2 0 -41.25 -17.0833333333333 185.325045762689 29.8279991149902 167 20
"598" 3 0 -45.75 -20.5833333333333 236.923977387933 30.0970001220703 286 19
"599" 3 0 -51.75 -28.0833333333333 344.714800020505 27.4492492675781 197 118
"600" 2 0 -46.25 -23.0833333333333 242.091168733727 26.1627502441406 256 30
"601" 3 0 -47.0833333333333 -23.75 242.129960594088 25.5997505187988 258 52
"602" 3 0 -46.0833333333333 -20.5833333333333 234.114185496064 29.5734996795654 291 17
"603" 3 0 -40.75 -17.0833333333333 185.106774605448 31.753999710083 169 28
"604" 3 0 -40.75 -17.75 182.428601646238 32.0455017089844 172 29
"605" 3 0 -51.4166666666667 -29.0833333333333 341.195775323447 26.1774997711182 170 117
"606" 3 0 -43.5833333333333 -20.25 201.195888190245 26.3740005493164 312 14
"607" 1 0 -39.4166666666667 -17.5833333333333 162.879315402137 30.5632495880127 160 73
"608" 1 0 -42.5833333333333 -19.9166666666667 215.071335385718 32.3465003967285 244 11
"609" 3 0 -41.0833333333333 -18.4166666666667 185.665810811508 30.1595001220703 188 26
"610" 3 0 -50.9166666666667 -28.4166666666667 318.329681249462 25.2592506408691 173 113
"611" 3 0 -42.0833333333333 -18.5833333333333 196.556536326151 32.5952491760254 220 17
"612" 2 0 -48.4166666666667 -27.4166666666667 313.485618632278 29.0029201507568 186 105
"613" 3 0 -42.25 -18.25 204.268706514729 29.9287490844727 240 13
"614" 3 0 -41.25 -17.25 187.84665087708 30.8349990844727 168 20
"615" 3 0 -40.75 -16.75 173.265719765663 29.0777492523193 150 31
"616" 3 0 -41.0833333333333 -18.5833333333333 186.84535569261 30.7049999237061 188 24
"617" 2 0 -41.4166666666667 -19.75 202.949001444151 31.8632507324219 204 24
"618" 2 0 -46.5833333333333 -21.25 228.159315520062 28.5160007476807 265 18
"619" 2 0 -39.5833333333333 -16.9166666666667 156.326115882811 30.2842502593994 144 63
"620" 2 0 -42.9166666666667 -20.9166666666667 234.227059170199 29.7127494812012 249 19
"621" 3 0 -50.4166666666667 -26.25 332.13966917177 26.9322490692139 166 82
"622" 1 0 -44.9166666666667 -22.4166666666667 259.155025064528 26.9147491455078 299 24
"623" 2 0 -40.0833333333333 -19.0833333333333 191.112777952337 31.0762500762939 179 40
"624" 1 0 -40.5833333333333 -16.4166666666667 175.33724469064 31.0612506866455 145 28
"625" 1 0 -51.25 -26.4166666666667 327.810727302974 25.7397499084473 165 104
"626" 3 0 -42.9166666666667 -23.0833333333333 205.187918313688 31.2999992370605 168 24
"627" 3 0 -45.9166666666667 -21.25 241.143193918178 29.8199996948242 274 22
"628" 2 0 -50.0833333333333 -29.25 307.058576088705 24.8617496490479 174 120
"629" 1 0 -44.9166666666667 -23.4166666666667 236.627685587874 30.9214286804199 326 98
"630" 3 0 -41.9166666666667 -19.25 192.4191102639 31.4992504119873 218 19
"631" 1 0 -42.75 -20.4166666666667 232.149536224712 30.8867492675781 251 17
"632" 1 0 -43.5833333333333 -19.9166666666667 195.590173090417 27.8062496185303 327 18
"633" 3 0 -46.0833333333333 -20.25 244.421895514994 30.7609996795654 288 14
"634" 1 0 -50.4166666666667 -26.9166666666667 315.785846056472 24.3012504577637 167 90
"635" 3 0 -50.25 -27.4166666666667 324.726546511638 24.8595008850098 163 100
"636" 2 0 -44.25 -22.75 237.050571743082 27.6814994812012 258 28
"637" 1 0 -51.4166666666667 -27.9166666666667 335.129719585638 26.3722496032715 191 112
"638" 2 0 -40.4166666666667 -19.0833333333333 191.803815286934 31.3255004882812 184 36
"639" 2 0 -46.5833333333333 -20.25 206.220180904447 27.089750289917 307 18
"640" 2 0 -46.0833333333333 -22.5833333333333 250.210196961936 28.2632503509521 282 30
"641" 3 0 -41.25 -22.0833333333333 198.995155273722 31.1287746429443 151 32
"642" 3 0 -50.5833333333333 -29.5833333333333 327.338187419504 26.9237499237061 163 108
"643" 2 0 -42.4166666666667 -22.9166666666667 216.424240957944 30.7070827484131 164 28
"644" 2 0 -51.0833333333333 -26.25 338.0016617123 26.7752494812012 166 109
"645" 3 0 -42.5833333333333 -17.9166666666667 200.865183881119 29.1665000915527 250 10
"646" 1 0 -49.4166666666667 -25.4166666666667 289.590609759039 26.2935009002686 209 77
"647" 1 0 -51.25 -27.5833333333333 335.494750231151 26.3912506103516 185 107
"648" 2 0 -49.75 -27.75 315.812351512571 24.9072494506836 175 99
"649" 1 0 -41.75 -21.75 227.282827633688 29.3972492218018 206 26
"650" 3 0 -44.25 -20.9166666666667 212.136215220575 28.2362499237061 308 15
"651" 2 0 -50.5833333333333 -28.75 306.870276810358 25.2560005187988 165 116
"652" 3 0 -44.4166666666667 -20.75 204.431626286441 27.7767505645752 327 16
"653" 3 0 -46.75 -21.9166666666667 228.259117371004 28.263500213623 272 22
"654" 1 0 -51.5833333333333 -27.25 342.324108630694 27.5057506561279 198 104
"655" 1 0 -45.5833333333333 -23.5833333333333 254.926327838915 26.5652503967285 281 59
"656" 3 0 -40.5833333333333 -17.25 181.223797135413 31.5795001983643 170 34
"657" 3 0 -46.5833333333333 -23.75 242.352273797309 26.1119995117188 263 62
"658" 1 0 -44.4166666666667 -20.25 195.513613199733 28.6762504577637 327 16
"659" 3 0 -50.75 -29.0833333333333 317.545653087598 24.6070003509521 190 129
"660" 2 0 -49.5833333333333 -26.5833333333333 309.654384195778 25.1527500152588 179 83
"661" 2 0 -41.9166666666667 -20.0833333333333 224.115329041404 30.0890007019043 221 18
"662" 3 0 -39.4166666666667 -17.0833333333333 157.694778142196 30.3850002288818 149 70
"663" 1 0 -41.25 -21.75 197.109814043183 32.4355010986328 162 26
"664" 3 0 -44.0833333333333 -21.0833333333333 213.42854758606 28.2612495422363 289 14
"665" 1 0 -49.75 -26.5833333333333 313.404101524493 25.4232501983643 172 84
"666" 3 0 -42.4166666666667 -19.0833333333333 202.407814539801 30.9519996643066 254 15
"667" 2 0 -50.0833333333333 -26.4166666666667 323.080629473286 26.2937507629395 166 81
"668" 3 0 -41.25 -19.0833333333333 188.904667681584 32.2369995117188 192 22
"669" 3 0 -50.0833333333333 -25.4166666666667 301.499005159941 27.0442504882812 208 78
"670" 2 0 -46.0833333333333 -20.9166666666667 233.755116979679 29.1702499389648 279 19
"671" 3 0 -50.5833333333333 -29.75 339.504933047146 28.0962505340576 151 98
"672" 1 0 -49.9166666666667 -27.25 337.294198746557 27.8435001373291 172 105
"673" 2 0 -48.75 -27.5833333333333 315.494559896093 28.6292495727539 209 92
"674" 1 0 -39.75 -18.75 183.795665221338 31.169116973877 167 50
"675" 3 0 -50.75 -26.75 317.173468931986 24.3560009002686 164 94
"676" 3 0 -46.9166666666667 -22.9166666666667 229.910174220078 27.5927505493164 226 28
"677" 3 0 -50.0833333333333 -26.0833333333333 317.976186455962 26.451000213623 170 77
"678" 2 0 -45.0833333333333 -23.0833333333333 248.650110956443 28.1307506561279 243 25
"679" 2 0 -51.4166666666667 -26.4166666666667 320.653979816223 25.3400001525879 171 107
"680" 3 0 -45.9166666666667 -23.0833333333333 244.96007114377 27.7759990692139 234 29
"681" 1 0 -44.75 -23.25 231.148239656331 29.7338848114014 295 78
"682" 1 0 -49.0833333333333 -26.25 298.975770231652 25.8092498779297 211 84
"683" 1 0 -43.25 -19.5833333333333 222.351851593512 29.1107501983643 335 12
"684" 1 0 -46.25 -20.75 233.275172574722 29.6627502441406 283 16
"685" 1 0 -43.5833333333333 -21.25 202.759631900136 27.6389999389648 282 20
"686" 1 0 -43.9166666666667 -20.5833333333333 206.389308801457 28.6402492523193 286 13
"687" 3 0 -42.9166666666667 -18.9166666666667 231.467944535619 28.8420009613037 301 14
"688" 2 0 -45.75 -22.4166666666667 256.655491460902 29.6569995880127 269 26
"689" 3 0 -41.75 -20.25 221.065075231041 29.1674995422363 220 24
"690" 2 0 -44.25 -21.5833333333333 220.985063018846 28.2832508087158 296 16
"691" 1 0 -45.0833333333333 -20.75 219.243126513949 28.888500213623 315 19
"692" 1 0 -40.9166666666667 -19.75 199.197033238402 30.3355007171631 200 35
"693" 2 0 -45.25 -22.0833333333333 268.816248726578 29.878999710083 295 21
"694" 3 0 -41.5833333333333 -20.75 224.631174018726 30.1432495117188 208 26
"695" 1 0 -49.25 -28.75 327.290029320547 29.3792114257812 159 80
"696" 3 0 -41.0833333333333 -20.5833333333333 211.860454158939 28.7290000915527 198 36
"697" 2 0 -51.25 -26.5833333333333 327.425023099791 25.4337501525879 168 104
"698" 1 0 -43.25 -21.25 222.21151573737 30.224250793457 257 16
"699" 2 0 -49.4166666666667 -28.0833333333333 295.123099547414 23.8075008392334 192 101
"700" 1 0 -46.25 -23.75 244.557768619309 25.683500289917 320 96
"701" 3 0 -48.5833333333333 -27.75 308.038315306751 28.4044437408447 195 96
"702" 1 0 -42.5833333333333 -18.25 222.758799049661 30.4570007324219 262 11
"703" 3 0 -48.75 -28.0833333333333 306.508276214764 28.5648860931396 190 85
"704" 2 0 -51.9166666666667 -28.0833333333333 350.785497936819 27.9444999694824 198 120
"705" 2 0 -44.5833333333333 -20.0833333333333 198.9254454699 29.8514995574951 325 14
"706" 3 0 -42.0833333333333 -18.9166666666667 188.620160134986 32.8692512512207 219 15
"707" 3 0 -49.5833333333333 -28.75 331.091241471852 28.9097499847412 155 80
"708" 1 0 -48.9166666666667 -27.4166666666667 312.526183787912 27.347749710083 212 90
"709" 1 0 -47.5833333333333 -23.4166666666667 243.757684181851 27.714750289917 213 32
"710" 2 0 -51.75 -26.9166666666667 318.7626102656 25.482250213623 190 109
"711" 2 0 -39.75 -16.4166666666667 161.243644599059 30.1827507019043 134 46
"712" 3 0 -44.25 -19.0833333333333 211.673632173933 31.2482490539551 266 9
"713" 2 0 -39.9166666666667 -19.4166666666667 194.394287488748 30.9852504730225 185 45
"714" 2 0 -47.25 -24.0833333333333 256.889559474217 27.9559993743896 270 67
"715" 1 0 -41.5833333333333 -18.5833333333333 185.165629370873 31.5254993438721 199 21
"716" 3 0 -50.75 -25.9166666666667 326.392349204825 26.5682506561279 167 84
"717" 1 0 -45.9166666666667 -22.25 249.112316316517 30.1247501373291 268 28
"718" 1 0 -50.75 -26.9166666666667 324.071024994353 25.0567493438721 164 88
"719" 1 0 -43.4166666666667 -22.9166666666667 210.869890256667 31.5764999389648 187 48
"720" 3 0 -41.4166666666667 -18.4166666666667 186.021739881415 31.5284996032715 191 21
"721" 3 0 -43.75 -19.9166666666667 187.71718817603 29.1402492523193 321 14
"722" 1 0 -42.0833333333333 -17.5833333333333 184.568925276718 29.382999420166 210 11
"723" 2 0 -50.4166666666667 -28.4166666666667 304.757341947036 25.0212497711182 151 104
"724" 2 0 -43.25 -19.9166666666667 219.449199398151 29.474250793457 315 13
"725" 2 0 -46.25 -22.9166666666667 246.647100029201 26.5114994049072 273 28
"726" 1 0 -50.4166666666667 -28.9166666666667 308.533091390987 25.023250579834 171 121
"727" 1 0 -42.5833333333333 -20.0833333333333 219.806811052218 32.0692481994629 245 13
"728" 2 0 -44.0833333333333 -22.75 235.462515679425 29.1912498474121 245 25
"729" 1 0 -39.9166666666667 -17.75 172.956297885529 31.2662506103516 151 55
"730" 2 0 -48.9166666666667 -25.4166666666667 281.733444838092 27.0277500152588 247 83
"731" 1 0 -41.75 -20.4166666666667 216.206206940486 25.0195007324219 236 27
"732" 2 0 -51.0833333333333 -29.25 330.792592881279 25.8282508850098 174 120
"733" 2 0 -45.9166666666667 -19.75 228.43091618412 30.27174949646 285 13
"734" 1 0 -43.25 -22.5833333333333 226.691885748327 30.3344993591309 258 51
"735" 3 0 -49.75 -26.75 324.06957784029 26.597749710083 171 91
"736" 3 0 -44.4166666666667 -21.25 221.892730486006 28.7397499084473 318 14
"737" 2 0 -50.9166666666667 -26.9166666666667 325.758052641007 25.3015003204346 165 92
"738" 3 0 -41.75 -21.25 230.045169502594 32.1455001831055 205 19
"739" 3 0 -45.25 -21.4166666666667 242.214543945898 29.6940002441406 284 21
"740" 3 0 -46.4166666666667 -20.9166666666667 228.011201067682 28.9372501373291 280 16
"741" 2 0 -45.5833333333333 -20.25 237.58574559734 31.2217502593994 277 15
"742" 1 0 -50.0833333333333 -25.9166666666667 313.077858467344 26.3102493286133 175 71
"743" 1 0 -44.0833333333333 -18.75 215.164893151565 31.1464996337891 245 6
"744" 2 0 -45.0833333333333 -20.25 219.51660295684 30.1380004882812 294 15
"745" 3 0 -41.25 -20.4166666666667 214.785518628205 29.2537498474121 204 31
"746" 1 0 -49.25 -26.25 302.051878623162 24.9309997558594 193 84
"747" 2 0 -42.9166666666667 -18.4166666666667 236.417403698891 29.3075008392334 286 11
"748" 1 0 -44.75 -19.75 205.303559670635 30.5552501678467 306 11
"749" 3 0 -47.25 -22.75 242.093949199827 28.9909992218018 235 25
"750" 2 0 -40.4166666666667 -17.25 179.69129372432 31.7007503509521 166 40
"751" 1 0 -41.5833333333333 -20.5833333333333 223.6558419361 29.9047508239746 210 25
"752" 3 0 -41.9166666666667 -22.9166666666667 206.281211375464 28.8173904418945 146 33
"753" 2 0 -49.5833333333333 -27.5833333333333 319.449008187979 26.3290004730225 186 99
"754" 3 0 -48.75 -26.4166666666667 302.804339539457 29.3268032073975 250 82
"755" 1 0 -49.0833333333333 -27.0833333333333 313.55186701842 26.9874992370605 202 93
"756" 2 0 -44.9166666666667 -22.75 243.402199194998 28.7032508850098 247 22
"757" 1 0 -41.25 -21.25 210.772213430841 32.2005004882812 176 27
"758" 3 0 -51.0833333333333 -29.4166666666667 333.568720980884 26.3610000610352 165 116
"759" 1 0 -44.9166666666667 -21.25 228.165096992246 29.4400005340576 315 21
"760" 3 0 -50.75 -29.4166666666667 323.271999656585 25.8177509307861 176 119
"761" 2 0 -42.0833333333333 -19.4166666666667 197.575624838739 31.3880004882812 226 17
"762" 2 0 -44.25 -21.4166666666667 220.132255651462 28.9659996032715 298 15
"763" 2 0 -40.0833333333333 -16.9166666666667 165.643991440391 29.4467506408691 133 55
"764" 1 0 -44.0833333333333 -23.0833333333333 210.22538552851 30.8821430206299 231 48
"765" 3 0 -42.9166666666667 -19.4166666666667 222.213756559229 28.5284996032715 314 14
"766" 3 0 -40.0833333333333 -17.9166666666667 176.500543965531 31.4547500610352 160 47
"767" 3 0 -50.75 -27.0833333333333 332.397444530109 25.5580005645752 166 93
"768" 2 0 -49.9166666666667 -27.4166666666667 326.429613961231 26.2792491912842 173 99
"769" 1 0 -41.5833333333333 -21.75 214.965689521956 31.6205005645752 188 25
"770" 1 0 -42.4166666666667 -21.25 237.209632211458 31.3489990234375 254 20
"771" 3 0 -49.9166666666667 -26.4166666666667 314.456783466421 25.6732501983643 169 80
"772" 3 0 -39.9166666666667 -17.25 167.296040783533 31.0555000305176 143 53
"773" 3 0 -43.25 -21.4166666666667 221.294727753283 30.2584991455078 261 14
"774" 3 0 -47.25 -22.4166666666667 243.557969490606 29.5935001373291 241 21
"775" 1 0 -45.75 -21.75 251.342477860598 30.4575004577637 286 26
"776" 2 0 -47.25 -22.25 238.13835742008 30.1184997558594 244 20
"777" 3 0 -45.75 -22.75 269.994875955327 27.9029998779297 300 32
"778" 2 0 -48.75 -28.4166666666667 304.906885032914 28.398229598999 161 90
"779" 1 0 -42.9166666666667 -19.75 222.73793174456 29.6215000152588 301 14
"780" 2 0 -45.9166666666667 -21.9166666666667 237.682221259225 29.338249206543 292 29
"781" 1 0 -40.0833333333333 -17.25 171.606461782357 31.1557502746582 149 48
"782" 1 0 -42.0833333333333 -20.4166666666667 228.876694592816 27.8852500915527 238 23
"783" 1 0 -48.75 -28.25 304.86313106318 28.5644950866699 174 87
"784" 2 0 -43.0833333333333 -20.75 233.022223312666 29.6474990844727 257 19
"785" 2 0 -44.5833333333333 -19.4166666666667 206.742098781115 31.4217510223389 261 10
"786" 1 0 -49.4166666666667 -26.0833333333333 308.442960223731 25.3649997711182 171 78
"787" 1 0 -43.25 -22.75 218.842894428596 31.9824504852295 204 52
"788" 1 0 -43.0833333333333 -18.75 236.609014355302 29.2329998016357 294 13
"789" 2 0 -51.9166666666667 -27.25 341.492365250676 27.6429996490479 200 123
"790" 3 0 -42.75 -20.0833333333333 220.910226649558 31.9009990692139 255 13
"791" 1 0 -42.9166666666667 -19.25 223.880339590913 29.793249130249 299 12
"792" 3 0 -49.4166666666667 -26.25 310.857884799335 25.5467491149902 179 83
"793" 2 0 -43.9166666666667 -18.9166666666667 217.937945155774 30.445499420166 257 6
"794" 3 0 -40.5833333333333 -19.5833333333333 194.531633866486 31.46875 193 37
"795" 3 0 -40.5833333333333 -17.5833333333333 180.172821080439 31.6895008087158 169 31
"796" 2 0 -40.9166666666667 -16.5833333333333 177.234024542156 29.74049949646 158 23
"797" 1 0 -45.0833333333333 -22.75 224.91558168542 30.1704998016357 248 22
"798" 1 0 -41.5833333333333 -22.25 211.005980243189 31.5722770690918 177 37
"799" 2 0 -42.4166666666667 -18.75 219.820822771457 29.3064994812012 273 17
"800" 2 0 -46.4166666666667 -23.75 242.799301228811 25.9282493591309 293 84
"801" 1 0 -44.5833333333333 -22.0833333333333 234.537997031995 26.9979991912842 314 24
"802" 3 0 -45.5833333333333 -20.0833333333333 240.166431730097 31.826000213623 284 14
"803" 1 0 -50.9166666666667 -29.9166666666667 349.484589019565 28.5507507324219 142 96
"804" 1 0 -51.5833333333333 -28.0833333333333 339.423743259262 27.0187492370605 193 114
"805" 3 0 -45.4166666666667 -23.4166666666667 254.016347583938 26.6319999694824 259 38
"806" 3 0 -50.4166666666667 -29.0833333333333 312.411631531879 24.4517498016357 185 129
"807" 1 0 -39.25 -16.4166666666667 154.868287913773 29.7117500305176 150 87
"808" 2 0 -44.9166666666667 -22.5833333333333 240.487731231811 29.9262504577637 262 22
"809" 3 0 -40.75 -19.5833333333333 195.177865370836 31.5954990386963 193 33
"810" 2 0 -51.25 -27.75 334.281201250894 26.3444995880127 184 107
"811" 2 0 -46.0833333333333 -22.9166666666667 261.992796717401 25.7759990692139 301 31
"812" 3 0 -41.9166666666667 -19.5833333333333 208.577134867405 30.5809993743896 221 18
"813" 2 0 -42.0833333333333 -17.75 188.337621583915 28.7472496032715 219 13
"814" 1 0 -51.4166666666667 -29.4166666666667 344.654414358521 27.2285003662109 154 109
"815" 1 0 -49.25 -27.0833333333333 316.048123739337 26.7152500152588 195 96
"816" 1 0 -43.25 -19.0833333333333 235.411494162441 29.9610004425049 298 12
"817" 3 0 -41.4166666666667 -17.0833333333333 183.774632709224 29.5727500915527 172 16
"818" 2 0 -43.4166666666667 -20.75 220.383573955796 29.2492504119873 270 17
"819" 1 0 -50.25 -26.0833333333333 325.417728480151 26.7945003509521 173 76
"820" 3 0 -40.9166666666667 -19.25 191.505248257687 30.2194995880127 194 32
"821" 3 0 -43.75 -21.5833333333333 210.307838854483 28.0160007476807 280 17
"822" 2 0 -51.0833333333333 -26.75 324.705475289241 25.4055004119873 168 94
"823" 2 0 -41.75 -18.9166666666667 181.739962747802 32.9202499389648 201 19
"824" 1 0 -41.4166666666667 -19.0833333333333 186.446072000801 31.4330005645752 199 22
"825" 1 0 -48.25 -25.4166666666667 297.743009207664 29.396032333374 306 84
"826" 2 0 -42.25 -19.25 190.994948343459 32.7584991455078 230 14
"827" 3 0 -46.9166666666667 -23.4166666666667 232.078482383892 26.2600002288818 235 37
"828" 2 0 -46.5833333333333 -23.4166666666667 229.79547520473 26.3182506561279 239 35
"829" 1 0 -50.75 -28.75 314.657090855683 25.480749130249 170 116
"830" 1 0 -46.9166666666667 -23.9166666666667 247.381502220155 25.5814990997314 283 68
"831" 1 0 -44.75 -20.0833333333333 209.589978753464 30.621000289917 310 13
"832" 3 0 -44.75 -19.5833333333333 203.702037303296 30.8374996185303 292 9
"833" 2 0 -44.0833333333333 -19.4166666666667 203.750388838543 31.0427494049072 269 10
"834" 1 0 -40.0833333333333 -18.9166666666667 188.922020091559 31.2089996337891 176 40
"835" 3 0 -46.4166666666667 -21.4166666666667 227.158067435067 28.7465000152588 268 19
"836" 3 0 -50.9166666666667 -27.25 330.931031891407 25.4602508544922 173 101
"837" 1 0 -39.75 -17.75 170.264610150743 31.0189990997314 153 65
"838" 1 0 -42.4166666666667 -19.75 207.674095187988 31.6840000152588 238 12
"839" 3 0 -46.0833333333333 -22.25 238.71770791964 29.4064998626709 272 29
"840" 2 0 -50.4166666666667 -30.0833333333333 341.798340130565 28.0287494659424 147 92
"841" 1 0 -41.5833333333333 -17.25 184.14704176529 29.625 180 16
"842" 3 0 -44.5833333333333 -21.75 232.598642841054 29.2212505340576 300 19
"843" 2 0 -39.9166666666667 -18.0833333333333 175.366672135882 31.1132507324219 166 63
"844" 2 0 -43.4166666666667 -21.9166666666667 221.899358237848 29.175500869751 233 18
"845" 3 0 -43.0833333333333 -20.25 225.95334315129 30.5952491760254 275 15
"846" 1 0 -43.25 -22.25 227.107189346426 29.005500793457 262 34
"847" 3 0 -40.25 -19.4166666666667 194.782685048218 31.3699989318848 187 36
"848" 2 0 -43.5833333333333 -20.75 217.971069993097 29.472749710083 271 17
"849" 1 0 -48.4166666666667 -27.0833333333333 316.037771097735 28.6333332061768 198 90
"850" 2 0 -51.0833333333333 -26.9166666666667 334.354938617269 26.2657508850098 172 93
"851" 1 0 -40.4166666666667 -20.75 201.858793839832 31 183 45
"852" 2 0 -49.75 -25.4166666666667 292.651546947548 26.1364994049072 193 81
"853" 3 0 -45.9166666666667 -23.75 245.406806862902 29.0760955810547 333 106
"854" 3 0 -46.75 -20.4166666666667 217.384390165517 28.8577499389648 290 13
"855" 2 0 -42.75 -19.9166666666667 217.392548660489 31.4645004272461 263 13
"856" 3 0 -40.25 -16.5833333333333 167.697914981748 29.5007495880127 120 43
"857" 1 0 -46.75 -23.75 242.816063505106 26.0130004882812 265 57
"858" 2 0 -51.5833333333333 -27.0833333333333 331.55190139824 26.5499992370605 193 104
"859" 2 0 -51.4166666666667 -28.9166666666667 338.702445759333 26.169750213623 176 116
"860" 1 0 -43.9166666666667 -19.4166666666667 208.43823039123 31.1585006713867 278 9
"861" 3 0 -49.25 -28.5833333333333 320.210143701258 29.148250579834 173 79
"862" 3 0 -41.75 -18.25 191.621341955365 31.956750869751 201 16
"863" 3 0 -48.9166666666667 -26.25 299.096530848781 28.6897506713867 240 81
"864" 2 0 -42.0833333333333 -17.9166666666667 193.112337616879 30.8117504119873 215 11
"865" 2 0 -45.5833333333333 -20.5833333333333 235.432375498784 30.1792507171631 283 18
"866" 1 0 -49.25 -25.5833333333333 286.394547779404 26.7469997406006 193 73
"867" 1 0 -46.4166666666667 -23.5833333333333 242.41066424181 26.5354995727539 248 50
"868" 2 0 -39.9166666666667 -16.4166666666667 164.26407652823 30.4204998016357 116 40
"869" 1 0 -50.25 -29.5833333333333 315.744299747444 25.6547508239746 170 112
"870" 1 0 -40.75 -20.75 207.53118923279 31.1707077026367 181 42
"871" 1 0 -43.9166666666667 -19.9166666666667 184.240976321507 29.7137508392334 320 14
"872" 2 0 -40.75 -17.25 182.916373743095 31.714750289917 171 29
"873" 2 0 -42.4166666666667 -21.9166666666667 245.832020093409 29.7817497253418 257 21
"874" 3 0 -42.0833333333333 -22.9166666666667 211.491333226079 28.9952373504639 149 32
"875" 3 0 -49.75 -25.5833333333333 298.651123852565 26.3632507324219 168 73
"876" 2 0 -46.4166666666667 -21.5833333333333 227.545805872748 29.4092502593994 275 20
"877" 3 0 -44.75 -22.5833333333333 241.9977964961 29.5307502746582 265 24
"878" 1 0 -45.4166666666667 -21.0833333333333 240.292576287386 30.0890007019043 281 22
"879" 3 0 -42.4166666666667 -20.0833333333333 221.136589463987 31.1119995117188 238 14
"880" 1 0 -51.5833333333333 -26.9166666666667 318.895859142694 25.1935005187988 184 105
"881" 1 0 -46.75 -20.75 223.41038818674 29.451000213623 283 14
"882" 1 0 -43.5833333333333 -19.4166666666667 202.174383007683 27.4522495269775 318 9
"883" 3 0 -40.0833333333333 -20.0833333333333 195.452862554374 31.0833339691162 192 52
"884" 3 0 -50.75 -28.4166666666667 314.231160894109 25.2334995269775 165 110
"885" 2 0 -43.0833333333333 -20.9166666666667 230.862298600419 29.4382495880127 257 19
"886" 3 0 -51.25 -26.9166666666667 331.217448652367 25.9790000915527 176 97
"887" 2 0 -42.0833333333333 -21.5833333333333 248.903801779154 32.0400009155273 223 18
"888" 2 0 -51.25 -29.75 355.274280551828 28.7744998931885 147 102
"889" 2 0 -49.5833333333333 -26.25 310.947268273414 25.869499206543 172 81
"890" 3 0 -43.5833333333333 -22.25 230.948538897244 29.1504993438721 232 27
"891" 2 0 -45.25 -23.4166666666667 253.524477245173 26.8874683380127 284 49
"892" 3 0 -42.75 -21.5833333333333 231.375572041758 30.8567504882812 245 16
"893" 1 0 -51.25 -29.25 332.876832452139 25.5739994049072 173 118
"894" 2 0 -46.4166666666667 -22.0833333333333 218.860302618785 27.875 295 28
"895" 3 0 -40.75 -16.4166666666667 175.241939066957 30.367000579834 154 26
"896" 3 0 -42.5833333333333 -19.5833333333333 198.227887469875 31.8687496185303 251 11
"897" 2 0 -48.9166666666667 -25.5833333333333 276.839049501783 26.3657493591309 243 88
"898" 2 0 -47.0833333333333 -24.25 257.888311027193 29.5012493133545 284 71
"899" 1 0 -46.4166666666667 -24.0833333333333 245.019710180057 31.4921054840088 324 105
"900" 2 0 -42.5833333333333 -22.25 242.955123828067 26.0037498474121 264 30
"901" 2 0 -47.0833333333333 -23.5833333333333 238.536315412865 25.7377490997314 245 44
"902" 3 0 -50.9166666666667 -28.75 321.843150692551 25.7779998779297 175 116
"903" 3 0 -45.75 -23.5833333333333 258.725177251656 25.3290004730225 287 58
"904" 1 0 -48.75 -26.5833333333333 307.940490892063 29.240779876709 237 83
"905" 2 0 -44.5833333333333 -23.4166666666667 225.329811580546 30.3095245361328 286 94
"906" 3 0 -41.9166666666667 -17.25 176.299706714757 29.07200050354 194 9
"907" 1 0 -43.75 -19.25 213.541755373125 29.9610004425049 287 6
"908" 2 0 -45.4166666666667 -19.25 204.474528718979 31.6180000305176 270 10
"909" 1 0 -41.5833333333333 -19.25 192.997789038414 30.3264999389648 209 22
"910" 3 0 -42.0833333333333 -20.0833333333333 224.310029863452 28.0734996795654 239 21
"911" 2 0 -45.0833333333333 -19.25 201.797652191085 32.0769996643066 263 9
"912" 1 0 -51.0833333333333 -28.0833333333333 326.034812483739 25.4759998321533 178 111
"913" 2 0 -48.9166666666667 -27.75 303.452459537913 26.4274997711182 222 91
"914" 1 0 -50.25 -25.9166666666667 321.419516450166 26.6867504119873 181 73
"915" 3 0 -43.5833333333333 -19.5833333333333 198.12363897294 27.8365001678467 326 12
"916" 3 0 -50.4166666666667 -29.5833333333333 315.914599602722 25.1625003814697 178 118
"917" 1 0 -50.0833333333333 -27.25 329.963350165269 26.4064998626709 171 103
"918" 3 0 -51.5833333333333 -28.75 340.18054888818 26.1002502441406 186 117
"919" 3 0 -46.75 -24.0833333333333 241.587312484803 30.3059139251709 302 91
"920" 3 0 -42.75 -18.25 225.803060408769 29.6942501068115 273 11
"921" 1 0 -41.25 -17.4166666666667 188.965015391159 31.7827491760254 171 19
"922" 3 0 -42.5833333333333 -20.75 237.825470994004 29.0047492980957 244 18
"923" 3 0 -49.9166666666667 -26.25 311.97994353033 25.9512500762939 169 80
"924" 1 0 -45.4166666666667 -19.5833333333333 217.841872450436 31.6542491912842 280 10
"925" 3 0 -41.25 -17.9166666666667 186.526047868289 31.0769996643066 180 23
"926" 1 0 -45.0833333333333 -21.4166666666667 235.292241439395 29.6354999542236 293 19
"927" 1 0 -42.25 -20.9166666666667 236.307758549382 29.4340000152588 239 22
"928" 2 0 -46.75 -24.25 245.338692208948 31.1923084259033 291 84
"929" 2 0 -50.75 -29.5833333333333 336.085368462701 27.923999786377 154 103
"930" 2 0 -44.75 -21.75 232.696884992016 29.6135005950928 304 19
"931" 3 0 -39.5833333333333 -17.75 167.074083177743 30.7182502746582 160 74
"932" 2 0 -44.9166666666667 -19.5833333333333 209.300477657167 31.4794998168945 284 10
"933" 3 0 -41.75 -20.75 230.096827412981 29.394250869751 218 25
"934" 1 0 -43.75 -21.4166666666667 200.359932822718 26.933500289917 286 19
"935" 3 0 -44.4166666666667 -19.9166666666667 196.263358644521 30.2905006408691 326 14
"936" 2 0 -51.75 -28.4166666666667 340.012605330417 26.5682506561279 195 120
"937" 1 0 -42.75 -22.9166666666667 212.830809078182 30.4030303955078 186 23
"938" 3 0 -43.0833333333333 -21.75 224.435012606292 29.4817504882812 267 18
"939" 1 0 -41.4166666666667 -16.9166666666667 179.487016299132 29.4537506103516 170 14
"940" 2 0 -44.4166666666667 -21.5833333333333 227.910601146397 28.9015007019043 300 18
"941" 3 0 -49.25 -27.4166666666667 311.487177483498 25.988000869751 203 93
"942" 3 0 -49.0833333333333 -26.0833333333333 298.292637767774 25.2162494659424 205 84
"943" 3 0 -40.0833333333333 -19.9166666666667 196.080935212595 30.9874134063721 191 50
"944" 2 0 -43.75 -19.75 189.850788096242 29.7097492218018 312 11
"945" 3 0 -41.25 -20.25 211.260090282797 27.8067493438721 212 36
"946" 3 0 -51.0833333333333 -27.25 325.815195436007 25.3390007019043 178 100
"947" 2 0 -45.5833333333333 -20.4166666666667 232.646144703402 30.3232498168945 281 17
"948" 1 0 -40.5833333333333 -16.5833333333333 173.12457383758 30.4220008850098 142 32
"949" 3 0 -40.9166666666667 -20.25 208.041716709374 27.9120006561279 203 44
"950" 3 0 -47.4166666666667 -21.4166666666667 226.953436381839 30.4517498016357 255 22
"951" 2 0 -42.4166666666667 -18.5833333333333 220.204725335159 29.0667495727539 271 16
"952" 2 0 -45.25 -21.0833333333333 237.626114748108 29.9872493743896 288 22
"953" 3 0 -40.25 -18.75 186.847933120768 31.456750869751 175 39
"954" 3 0 -49.25 -27.75 304.186803462057 24.8322505950928 202 100
"955" 3 0 -40.25 -16.4166666666667 166.402435411492 29.3742504119873 121 40
"956" 2 0 -43.4166666666667 -19.9166666666667 212.569916332102 29.6817493438721 316 15
"957" 3 0 -44.5833333333333 -19.0833333333333 203.701515732591 31.2099990844727 272 9
"958" 3 0 -41.75 -19.9166666666667 213.403867598881 31.0647506713867 212 20
"959" 3 0 -41.9166666666667 -17.9166666666667 192.18682229576 31.1054992675781 205 13
"960" 2 0 -49.9166666666667 -27.75 313.956651256737 24.4397506713867 166 100
"961" 1 0 -43.4166666666667 -20.5833333333333 219.502285582413 28.6585006713867 278 16
"962" 3 0 -47.4166666666667 -22.0833333333333 230.328084588583 30.4312496185303 248 20
"963" 1 0 -50.75 -29.75 342.247391688726 28.2845001220703 149 99
"964" 2 0 -42.75 -21.4166666666667 228.409292547206 31.5709991455078 240 13
"965" 2 0 -39.9166666666667 -17.4166666666667 169.877960293932 31.1962490081787 137 51
"966" 3 0 -41.9166666666667 -22.0833333333333 227.08297512456 30.4654998779297 209 28
"967" 1 0 -40.9166666666667 -20.4166666666667 208.633533433421 27.3117504119873 201 44
"968" 2 0 -44.4166666666667 -20.9166666666667 211.268193541494 28.1380004882812 330 15
"969" 3 0 -46.5833333333333 -21.9166666666667 226.843896127681 27.1219997406006 305 26
"970" 3 0 -44.75 -22.0833333333333 238.84469965281 26.9314994812012 320 23
"971" 3 0 -51.0833333333333 -28.9166666666667 328.637497005515 25.5844993591309 180 119
"972" 2 0 -46.4166666666667 -22.9166666666667 238.658617890378 26.6797504425049 254 28
"973" 1 0 -51.5833333333333 -28.9166666666667 341.543133064762 26.2172508239746 177 117
"974" 3 0 -47.25 -22.9166666666667 234.849225045067 28.8540000915527 228 28
"975" 3 0 -43.0833333333333 -20.0833333333333 222.976721888976 30.0300006866455 293 15
"976" 2 0 -43.25 -18.9166666666667 240.671595927409 30.1692504882812 287 12
"977" 1 0 -46.5833333333333 -22.4166666666667 228.775503988892 28.1357498168945 263 25
"978" 3 0 -41.75 -17.75 188.865240752849 30.7320003509521 194 15
"979" 1 0 -42.5833333333333 -20.5833333333333 236.268658786674 29.5844993591309 246 17
"980" 2 0 -43.4166666666667 -18.9166666666667 238.574624873917 30.1095008850098 281 12
"981" 2 0 -45.4166666666667 -19.75 224.235697005838 31.701000213623 288 11
"982" 3 0 -50.25 -26.9166666666667 319.124756432649 24.6690006256104 170 94
"983" 2 0 -50.0833333333333 -29.9166666666667 335.650963188957 27.7115383148193 146 92
"984" 2 0 -42.25 -20.75 236.91801233843 29.1712493896484 234 18
"985" 2 0 -49.0833333333333 -25.75 282.688265763102 25.4837493896484 208 83
"986" 2 0 -45.75 -23.4166666666667 251.842408749272 26.8754997253418 240 38
"987" 1 0 -44.0833333333333 -19.0833333333333 216.87046003209 31.5707492828369 259 8
"988" 2 0 -46.0833333333333 -21.25 239.722222462548 29.9564990997314 275 22
"989" 3 0 -45.9166666666667 -22.75 284.494075110964 25.9060001373291 324 34
"990" 2 0 -48.5833333333333 -25.5833333333333 306.639931777612 28.6671123504639 270 80
"991" 2 0 -48.9166666666667 -26.0833333333333 290.311383476965 26.9267501831055 237 85
"992" 1 0 -45.75 -19.75 233.238430599829 31.7727508544922 283 11
"993" 3 0 -45.75 -20.25 243.944838207883 31.5139999389648 278 15
"994" 3 0 -41.9166666666667 -18.5833333333333 188.523607220402 32.6749992370605 209 17
"995" 1 0 -44.5833333333333 -22.75 251.561435306904 25.8279991149902 283 29
"996" 2 0 -44.25 -23.25 215.095423564943 30.9303569793701 242 58
"997" 3 0 -43.4166666666667 -22.75 222.013055598437 31.9347496032715 229 54
"998" 1 0 -46.0833333333333 -19.75 218.747338096152 29.076000213623 296 14
"999" 1 0 -40.75 -18.0833333333333 182.465997349402 31.6872501373291 176 29
"1000" 1 0 -49.9166666666667 -26.75 329.017522102773 26.861499786377 166 90
