"group.all" "pa" "lon" "lat" "layer.1" "layer.2" "layer.3" "layer.4" "layer.5" "layer.6"
"1" 2 1 -42.999167 -22.456389 -8.27216006400888 3.35418947217759 1.36124879051362 -8.71316344707812 -1.11727756367977 -4.70839970419013
"2" 3 1 -48.869445 -25.597778 -8.66057019305537 3.20181489015077 3.14413420333923 -7.75223168204516 -0.986752457420422 -5.16857522100852
"3" 1 1 -49.500278 -26.910278 -8.07265075395306 3.33802075092881 3.35403474984976 -7.38031195122159 -1.08119901668609 -5.77362833315786
"4" 1 1 -49.501667 -27.36 -8.45392923529637 3.83454773397146 3.52951771639094 -7.27186422568689 -1.0543089056194 -5.70115564824649
"5" 3 1 -50.129445 -26.999444 -8.16627237700088 4.25139792385133 3.72871649043671 -7.43528059234507 -1.09283556307963 -6.20137560603465
"6" 3 1 -43.421389 -22.581389 -10.4263976718904 6.44415588153358 2.73085713882644 -8.16387642834436 -1.6487577832766 -5.37704792255825
"7" 3 1 -40.538333 -19.974722 -8.88775805936798 5.9162324703495 1.42775597893565 -7.27935998110878 -1.49110340860577 -5.76229095355463
"8" 1 1 -48.965833 -25.868333 -8.37835056877895 3.48925252897499 3.17418290593492 -7.51983443432814 -1.04233589220475 -5.24617840405725
"9" 1 1 -49.501667 -27.36 -8.45392923529637 3.83454773397146 3.52951771639094 -7.27186422568689 -1.0543089056194 -5.70115564824649
"10" 2 1 -45.066667 -23.3 -8.323393343145 3.79987390450048 1.80761613078708 -9.10245505069713 -1.3294235306122 -5.07584283235835
"11" 2 1 -49.05 -25.75 -8.0115351127807 3.3446165274234 2.93046918764431 -7.44165711690802 -1.11710770252962 -5.35254384981124
"12" 1 1 -49.497778 -26.909722 -8.07265075395306 3.33802075092881 3.35403474984976 -7.38031195122159 -1.08119901668609 -5.77362833315786
"13" 3 1 -49.047778 -26.1925 -8.67107258166051 3.54819176604913 3.33715792260519 -7.45751839496579 -1.06658274459601 -5.28314429530993
"14" 2 1 -50.998056 -29.786667 -8.70399397092516 4.47712951719519 4.04076321465311 -6.08698813943153 -0.628322245615852 -5.9579452286827
"15" 3 1 -43.479445 -22.5725 -9.07321026264639 5.11974643643157 1.80927062903274 -8.69954230692415 -1.42698654701937 -5.15136981164079
"16" 1 1 -49.010833 -25.388611 -8.58989620670037 2.9062485022608 3.00839133322536 -7.82796490514137 -1.07261681126985 -5.32463228558448
"17" 2 1 -49.194722 -27.092778 -8.5118922778148 3.40993387360136 3.44433966278881 -7.27075592167059 -1.00894094157451 -5.46052402688913
"18" 2 0 -59.39917289 -35.025837543 -6.08387362789452 6.33707957256056 4.71967250700997 -7.79567755162523 -0.366916794750632 -6.65516102618886
"19" 3 0 -49.29917289 -18.925837543 -9.11457748967889 8.16050968857305 0.707938359985916 -8.91514239128341 -1.36447883241384 -6.68322301889527
"20" 2 0 -58.99917289 -28.325837543 -7.4426625469927 7.4727582233334 3.92426168264892 -7.50707564798716 -0.754063873933532 -6.3994069455008
"21" 1 0 -56.79917289 -21.925837543 -9.42514386076345 7.2466158825159 2.94299033183141 -7.78751782461737 -1.49977331134144 -6.67022220593415
"22" 1 0 -39.39917289 -12.625837543 -8.70296594477646 7.48871599138917 1.48064159859826 -4.36998023655477 -1.92216476912549 -5.77326115242265
"23" 1 0 -49.99917289 -15.225837543 -10.3581936851568 7.17784328744902 -0.130556320757428 -8.44075051952626 -0.371296049781218 -5.69236293235549
"24" 2 0 -58.39917289 -35.525837543 -5.90585972746764 5.7780706186597 4.51210226204501 -7.04654630892088 -0.385778833055082 -6.20430525044735
"25" 3 0 -48.79917289 -22.925837543 -8.33670774721754 6.21491667028745 1.78546169160449 -8.79391168629386 -1.70547700182742 -6.4849823615394
"26" 1 0 -50.99917289 -24.625837543 -8.57398537870013 4.57802859204526 3.48700162806536 -8.08473675956446 -1.44583567389833 -6.83381486852623
"27" 2 0 -57.99917289 -36.825837543 -5.16460486583381 5.80015234066747 4.45348741973575 -6.88223529708781 -0.308430813082971 -6.26261728440392
"28" 2 0 -43.59917289 -22.825837543 -9.82498552237012 7.14226875361324 2.4275335957311 -7.18409367560507 -1.74989802655079 -5.5852849656256
"29" 2 0 -47.49917289 -15.825837543 -8.99171085282447 7.01884073814793 0.159735623145673 -8.73858286136346 -1.4059372354703 -6.00522177237347
"30" 2 0 -50.89917289 -23.725837543 -8.75122293939658 5.89173949951518 2.93885103909863 -8.247818575257 -1.60997023993534 -6.76321709922731
"31" 2 0 -42.69917289 -15.025837543 -7.66690540016184 7.12222117333025 -0.490468183727197 -7.76675625606141 -1.84536954761698 -6.43426250064278
"32" 3 0 -46.59917289 -15.325837543 -9.13467602491538 7.42282662582639 0.0592098588985062 -8.81080913407949 -1.42758993734704 -6.1905528002088
"33" 1 0 -53.49917289 -32.125837543 -7.35931552714255 4.85884103105926 3.78490391684699 -6.46384363320298 -0.385889459856104 -6.14115085802839
"34" 2 0 -52.79917289 -15.925837543 -9.23564317336767 8.24925552166873 1.08215226521738 -10.1415705548928 -1.08397172412353 -6.93107720715263
"35" 1 0 -56.39917289 -20.225837543 -9.86751940227198 7.96992542509762 2.3510537644377 -8.49789582525001 -1.9524065330871 -6.49641984484121
"36" 1 0 -39.79917289 -13.925837543 -10.2115281767912 5.67620943377185 2.0460040235429 -4.89456738859 -1.84009025624464 -5.45167848058709
"37" 1 0 -40.49917289 -15.525837543 -8.38390999078775 8.17683112383037 0.915010084109997 -6.46215287934212 -1.78200286692894 -6.5168315148232
"38" 2 0 -39.29917289 -11.225837543 -7.98139707251477 8.78335864209905 1.12838497786346 -6.00735362260204 -2.16349354544148 -7.24030414166202
"39" 1 0 -49.49917289 -23.925837543 -8.25828066549744 6.25316484149703 2.65407803277038 -7.86018502673734 -1.5857643450793 -6.5537743520694
"40" 1 0 -39.19917289 -13.025837543 -10.3311862869132 5.65351881048295 1.98287182030747 -4.87184894302101 -1.55656690214311 -5.42149416449421
"41" 1 0 -48.69917289 -23.025837543 -8.3192545114063 5.97062714587013 1.72446153134056 -8.74888210770176 -1.70048203031544 -6.36224615330269
"42" 1 0 -55.59917289 -20.425837543 -9.49583514176646 6.68495358931478 1.78554707259376 -8.68966771826372 -1.86324695544747 -6.35756468388695
"43" 1 0 -53.89917289 -18.125837543 -10.1037532618835 8.14752022805524 1.29272958070504 -8.8130873105102 -1.44708593567299 -6.57358713190189
"44" 2 0 -46.49917289 -13.125837543 -10.0923485260174 8.36354448822142 -0.187870103485958 -8.17936504029933 -1.11648200958696 -6.32319525625326
"45" 2 0 -40.09917289 -10.725837543 -8.49506366665308 8.56903710267335 1.08363431188431 -6.14352631864482 -2.26436031184697 -7.1742799843221
"46" 2 0 -43.39917289 -20.525837543 -8.17095795024299 5.56359091400977 0.974737691505121 -9.20546030510066 -1.27585716669779 -5.39700022152087
"47" 1 0 -59.29917289 -33.925837543 -6.25959432498716 6.29640122505125 4.48941393816754 -7.32898889485292 -0.376536928739118 -6.39889179956614
"48" 2 0 -57.99917289 -22.325837543 -9.33180813427297 8.47563852622324 3.21412890963517 -7.63761088757685 -1.54110827403207 -6.62589058379702
"49" 3 0 -60.09917289 -26.725837543 -7.26397203810756 8.40846150616904 3.71392119478931 -8.45873687740072 -0.978022337978841 -7.00935591492538
"50" 1 0 -51.89917289 -29.325837543 -8.66133752658494 5.50205395591458 3.91900039372717 -6.83149149179851 -1.02708791786269 -5.67664222658425
"51" 2 0 -56.49917289 -32.525837543 -6.89770479946407 6.18672689624618 4.90787353461353 -7.21006804778112 -0.349606846059561 -6.44604228175659
"52" 3 0 -44.59917289 -11.025837543 -8.3372219673488 9.68905970590183 0.963369075367309 -9.59207134325873 -2.09294254772307 -7.9433973444367
"53" 3 0 -55.19917289 -22.725837543 -9.37222162593009 6.24965980693749 2.83910540833645 -8.19886275693425 -1.52612744440001 -6.39533005720207
"54" 3 0 -58.99917289 -33.625837543 -6.27615486346952 6.26973549307144 4.37390901255278 -7.1069048142419 -0.394735451254303 -6.26734153554756
"55" 1 0 -52.89917289 -16.825837543 -9.85807055849498 7.83862260452758 0.931124218894499 -9.6868086137508 -1.17359471066992 -6.55486184391584
"56" 2 0 -45.99917289 -15.025837543 -8.88493388537757 7.89705678571822 0.183166039042956 -8.79949159915372 -1.49437631807707 -6.56170953030879
"57" 3 0 -40.69917289 -20.425837543 -8.70534216779274 5.74909056949419 1.43417522220026 -7.26674380267649 -1.4464991843 -5.71144404470772
"58" 2 0 -51.69917289 -15.725837543 -10.2403513418782 8.6544256817929 0.612758257896815 -9.03311711482862 -1.38349289501708 -6.4368716005655
"59" 1 0 -43.89917289 -20.325837543 -8.13115965712358 5.26646441470684 0.497500863091894 -9.81805666163748 -1.30911515817597 -5.61219721188672
"60" 1 0 -56.69917289 -33.125837543 -7.17488333272774 5.61714493075985 5.07336139237174 -7.20022426776772 -0.423786159413648 -6.38686963103875
"61" 2 0 -46.99917289 -22.125837543 -8.40846921132799 6.34309433349545 1.50417221872114 -9.11980623662078 -1.56992376025507 -5.96888237439799
"62" 2 0 -41.29917289 -13.325837543 -7.682381342103 6.11117147126418 0.699391842174512 -7.07703848159308 -2.07670244393907 -6.76819812278147
"63" 2 0 -47.99917289 -24.325837543 -10.0039652222106 6.03486912043705 3.33579915267303 -8.25683064382336 -1.29498601527655 -5.36248333028072
"64" 3 0 -49.49917289 -24.325837543 -7.74193272599107 4.97561353219325 3.04669946127345 -8.1961614949654 -1.07146099134415 -6.04609909317156
"65" 3 0 -52.29917289 -31.025837543 -8.30633594793977 4.77005181414503 3.91511915708791 -6.16294539884337 -0.466149484407586 -5.83675173165108
"66" 2 0 -43.59917289 -21.625837543 -8.74674559778141 5.51801465447699 1.17983300509293 -8.99666383117139 -1.38905051273571 -5.00793912190303
"67" 1 0 -59.29917289 -26.825837543 -7.77232962232892 7.70869174643551 3.8182409558512 -8.22625812823677 -0.877415590675456 -6.52543918104078
"68" 1 0 -47.99917289 -18.125837543 -9.2193821568146 7.11956782502951 0.379225697426582 -8.85052773262155 -1.23600546481189 -5.98905949428857
"69" 2 0 -47.29917289 -24.025837543 -9.27366852611699 3.7952019105555 2.57960250511221 -8.53821330989003 -1.21621995473813 -4.94129226592556
"70" 2 0 -44.29917289 -11.025837543 -8.20841252209977 9.83536009853056 0.811687818615478 -9.26621484394072 -1.70888532296529 -8.0508338429302
"71" 2 0 -49.99917289 -15.025837543 -10.4377705579686 7.41958851016406 -0.14774863171051 -8.52277353616932 -0.581013165712809 -5.67426989342943
"72" 3 0 -55.59917289 -31.125837543 -7.59559624641679 5.46737706693538 4.80598195585102 -7.52472843670751 -0.511837312407812 -6.68126049815318
"73" 3 0 -56.29917289 -26.525837543 -8.50560597412929 6.56512943582069 4.22149354295558 -7.39558233374762 -0.903624594867989 -6.62790031160584
"74" 3 0 -57.39917289 -21.125837543 -9.42981997371677 7.93537847323465 2.76407951530059 -7.87966150450164 -1.71720231700667 -6.7306791806356
"75" 3 0 -40.49917289 -10.925837543 -8.03488846451436 6.88313742007401 0.909687988690707 -6.24336539321511 -2.12031208369071 -6.61033730888415
"76" 2 0 -56.99917289 -22.625837543 -9.44242819613986 7.4101443976054 3.0836555738744 -8.01269769938385 -1.45734774382247 -6.47352099359943
"77" 1 0 -43.79917289 -17.425837543 -8.3556525727898 7.93808996732863 0.49248696434436 -8.92074866070767 -1.61263870990323 -6.64099506206828
"78" 3 0 -55.69917289 -28.025837543 -9.06482233317051 5.57417895794655 4.56913527299036 -7.77932115581878 -0.762479325429326 -7.02086308188008
"79" 1 0 -42.99917289 -11.725837543 -8.80107757149178 9.8893140572847 0.339746257692829 -8.49846924871615 -2.001627392267 -7.78159838060441
"80" 3 0 -44.09917289 -18.825837543 -8.45457442346896 7.82029344530258 0.972072369920188 -9.33050476339947 -1.62518023978632 -6.61594109349724
"81" 1 0 -42.99917289 -15.025837543 -8.14601619877272 8.00021043052613 -0.3802098555902 -7.67756038931106 -1.98366914471632 -6.67680439597241
"82" 1 0 -51.29917289 -28.425837543 -8.63961673450339 3.00006623942112 3.65967868675366 -6.84910323847918 -0.848064338717611 -6.33647298137997
"83" 2 0 -42.49917289 -18.125837543 -8.5892878635493 7.82562857954048 0.926844947022814 -8.83547880021312 -1.47845077416093 -6.53542860558236
"84" 3 0 -58.79917289 -31.025837543 -6.94632275783671 6.70584030732631 4.45668777374686 -7.78092490918081 -0.489077287348656 -6.513447713316
"85" 1 0 -55.89917289 -34.125837543 -7.41495714499728 5.25578641977495 4.7248867420951 -6.53910509686157 -0.42424936708272 -6.35780900181376
"86" 2 0 -51.79917289 -30.625837543 -8.22028490451884 3.98861005980916 3.90739384332075 -6.03713342425804 -0.62742163005953 -5.73177008756127
"87" 2 0 -40.09917289 -15.125837543 -8.76073544048296 7.31569573237972 1.26236155674211 -5.65682566560715 -1.87080498860531 -6.13077428342492
"88" 1 0 -49.69917289 -15.225837543 -10.3154797472032 7.35821209593267 -0.0799855359099997 -8.14988201747519 -0.554171178932649 -5.6883456371033
"89" 3 0 -55.09917289 -30.325837543 -8.59869823948164 5.30190185026822 4.7056151769521 -7.04122142115005 -0.742519426111399 -6.86033811552194
"90" 2 0 -47.99917289 -13.425837543 -10.0775075639312 8.65877243698832 0.156176629714723 -8.18843454811981 -1.10608612190586 -6.27767885406656
"91" 3 0 -50.89917289 -28.325837543 -8.31825444366305 2.77401070848301 3.52226751944027 -6.81202436519473 -0.889986937702065 -6.16976014017743
"92" 3 0 -55.59917289 -32.525837543 -7.32026868611022 5.80478006474491 4.60622284952187 -6.88800244241642 -0.348418059604172 -6.72518773557684
"93" 2 0 -42.09917289 -12.925837543 -7.33405325489734 7.96540550964239 -0.0813244611170757 -7.81276983959935 -1.78422421250272 -7.06099635977934
"94" 1 0 -40.99917289 -11.225837543 -7.31082800293153 8.20420636547552 0.043088170249712 -6.23996127866648 -2.09978109413045 -6.92358816774501
"95" 2 0 -55.09917289 -19.425837543 -9.98509293062105 7.46857888717693 1.66646192889696 -8.61949397662957 -1.72056129886647 -6.48663822095971
"96" 3 0 -53.29917289 -33.025837543 -7.43096910714312 4.58460417262965 3.90565651314822 -5.89188011912242 -0.545033585336276 -5.81261487777404
"97" 1 0 -57.39917289 -25.625837543 -9.0594895108247 7.10319879030003 3.91633369419043 -7.69676799209102 -1.15275565321617 -6.32725244203817
"98" 1 0 -47.29917289 -23.725837543 -8.16794892148085 4.02945473120057 1.92029660142598 -8.50599716662513 -1.23300181329379 -5.04247880196871
"99" 2 0 -48.49917289 -15.625837543 -9.61091716686233 7.50812578787692 -0.131020220702894 -7.73926603720141 -1.07146709100472 -5.79600592761991
"100" 3 0 -54.29917289 -20.125837543 -9.83518624972898 6.71527209709314 1.36106494315267 -8.37699192534492 -1.8246793877869 -6.25770992285424
"101" 3 0 -56.59917289 -21.825837543 -9.49067704271128 7.463691962903 2.99228830720016 -7.82301130408858 -1.63209997318656 -6.62383888593061
"102" 1 0 -57.69917289 -28.825837543 -7.97689326129742 6.85470243011639 4.3316507080046 -7.70181443295795 -0.553302845222515 -6.39707160477292
"103" 2 0 -58.19917289 -32.125837543 -7.14169179932367 6.50655459646809 4.79039682312912 -7.61181728906231 -0.430606383027116 -6.59680772918423
"104" 1 0 -55.19917289 -25.925837543 -8.94066656295691 5.79917086566997 4.29953846400566 -8.21568252951595 -1.05082196182985 -7.17279024032414
"105" 2 0 -42.09917289 -14.225837543 -7.76743351283958 8.54992423977763 0.186976917426036 -7.46277106282511 -2.07547006208937 -6.92548045381824
"106" 1 0 -43.19917289 -12.825837543 -8.74318516673862 10.03963599999 0.166213677343841 -8.09479737317323 -2.02105051648593 -7.84645447093611
"107" 3 0 -39.59917289 -13.125837543 -9.02363797498022 6.12040577090018 1.38802309482271 -4.76131639815777 -1.91061174252765 -5.32896256483809
"108" 3 0 -43.99917289 -13.125837543 -8.8459691471685 9.26827494943012 0.132899009074474 -8.52962152546498 -1.88045861513825 -7.41924957390158
"109" 3 0 -44.19917289 -14.425837543 -8.21500699672537 8.85975822993173 0.115756344806187 -8.34579775034413 -1.58198954421542 -7.18748903747522
"110" 2 0 -42.89917289 -12.425837543 -7.49731443398547 8.563957641818 -0.079729099296411 -8.04533306509095 -1.87845941615985 -7.51947964982606
"111" 2 0 -54.69917289 -20.725837543 -9.86576936689498 6.91412511731001 1.69565242315001 -8.27072219917758 -1.99830474177472 -6.22180341853191
"112" 2 0 -37.09917289 -10.525837543 -10.1955541707021 7.25820742949129 0.70017784904831 -5.8253703645186 -0.550114147296421 -5.98783505023868
"113" 3 0 -56.79917289 -34.525837543 -6.64809878306419 5.12383860223961 4.58124230491297 -6.50804155320043 -0.247135017876472 -6.00342452038369
"114" 3 0 -46.19917289 -13.125837543 -9.69945423595456 7.73300596476403 -0.347738196539629 -8.32760503087069 -1.00472428113962 -6.20714454910202
"115" 3 0 -59.39917289 -24.225837543 -7.70547798664364 8.96381173123859 3.38501096160008 -7.87241225339218 -1.26889746005527 -7.36844381492846
"116" 1 0 -49.39917289 -17.825837543 -9.31996945712754 8.46122780808655 0.737192863361575 -8.85333212870461 -1.41620811152815 -6.67032984711952
"117" 2 0 -58.69917289 -28.525837543 -7.44744767968398 7.36937212727811 4.00135817457658 -7.44490191786829 -0.705039679000661 -6.42023652673976
"118" 3 0 -39.39917289 -17.325837543 -9.89330752391624 7.11885972125163 1.89059024624777 -5.05883037758829 -1.86352370987318 -6.21433130764441
"119" 2 0 -47.39917289 -23.725837543 -8.0871450100971 4.39168599140364 1.90311710640889 -8.31167216722766 -1.25757959430935 -5.1138647852125
"120" 1 0 -52.69917289 -21.625837543 -9.10390612421325 7.43058523986088 2.05243022254456 -8.15316851856065 -1.96848486861005 -6.68955978849668
"121" 2 0 -41.99917289 -13.625837543 -7.5345113122273 7.92496977785189 0.181701590526507 -7.70254754771383 -2.07388597804222 -6.89682000772844
"122" 2 0 -48.29917289 -23.625837543 -7.96748505176728 5.81883296575806 2.16927378634554 -8.02162173482817 -1.54674102138613 -5.99551497377642
"123" 3 0 -59.29917289 -25.225837543 -7.63704621908916 8.7504578952259 3.62911038877828 -8.15160401487939 -1.10083411927194 -7.12621504265233
"124" 1 0 -56.09917289 -18.925837543 -10.1425391610661 8.29556113392378 2.02370410042766 -8.45148417315182 -2.027903730817 -6.48997585580253
"125" 2 0 -42.59917289 -14.925837543 -8.32847107143071 8.06191581792524 -0.351440219431417 -7.86432001772402 -1.84215049982971 -6.57889858319724
"126" 2 0 -52.69917289 -22.925837543 -8.49444146623745 6.62801302721854 2.54662004883467 -7.90096142174611 -1.69545928366722 -6.92766496275738
"127" 2 0 -49.39917289 -24.125837543 -8.00088012735242 5.62807962354934 2.66955836848003 -8.04063642845762 -1.28998931415583 -6.23726587700811
"128" 1 0 -46.89917289 -21.225837543 -8.44546802429098 5.43520653242647 0.932404580426716 -9.25414965755179 -1.62354525328805 -5.55345128212044
"129" 3 0 -48.29917289 -15.325837543 -9.42372801631687 7.33653595743368 -0.170470028593391 -7.7156317446622 -0.998974098031365 -5.72739131493393
"130" 2 0 -54.79917289 -22.225837543 -9.21574832920068 6.79794666127679 2.74332294879225 -7.94448749100203 -1.40006660352091 -6.47478135659174
"131" 1 0 -53.79917289 -18.325837543 -10.0538510270656 7.98973347313552 1.30196832856849 -8.81134154288565 -1.43853533424514 -6.55533537605554
"132" 1 0 -55.39917289 -20.225837543 -10.0031937306089 7.42131007314856 1.92259966114639 -8.66151994141284 -1.92090695818736 -6.48471036604396
"133" 2 0 -57.19917289 -25.625837543 -9.17737473268852 6.7542516386247 3.90008194081656 -7.68483800148538 -1.00943357192522 -6.1260307504759
"134" 3 0 -44.29917289 -20.125837543 -8.29842483239612 6.13524049842155 0.635244591992675 -9.96517100934948 -1.38740224404971 -6.01154399984138
"135" 1 0 -56.69917289 -29.625837543 -7.84717418807396 6.45190550659527 4.55119368644961 -7.51316698622643 -0.539542164069363 -6.46137049500039
"136" 3 0 -43.49917289 -20.825837543 -8.44695715136466 6.30968935958406 1.16668156441445 -9.04567638556921 -1.33752404047735 -5.67969352139415
"137" 2 0 -56.79917289 -36.925837543 -5.88524613934267 4.88368803577558 4.02684334380378 -5.60886839358109 -0.0604836143520666 -5.13529349025706
"138" 2 0 -53.09917289 -18.325837543 -9.52654021041409 6.86586190979174 0.896274853586694 -9.01090917850804 -1.47109671329591 -6.3067440301754
"139" 2 0 -59.99917289 -27.225837543 -7.44271434425531 8.13589172094203 3.82168418613294 -8.50976617425021 -0.954559803648641 -6.83700439015117
"140" 1 0 -47.19917289 -16.525837543 -8.63087236195453 6.96169377727711 0.391203240901006 -8.80116687588163 -1.54328577402752 -6.37348601868254
"141" 2 0 -58.99917289 -22.725837543 -8.16297780234882 9.22651647503957 3.03015101393783 -7.70072894179329 -1.48162021027224 -7.27301607546418
"142" 1 0 -54.39917289 -16.725837543 -9.79745857471932 8.34501072115134 1.21307687874378 -9.27084158020653 -1.24402333182321 -6.56482856017675
"143" 1 0 -45.39917289 -19.625837543 -8.93173669477676 7.34753423029989 1.05763991009488 -10.0098151507792 -1.64206519006657 -6.51481806470548
"144" 3 0 -55.49917289 -19.725837543 -10.2515616478597 7.95384065590476 2.08977855539233 -8.65764632429463 -1.93604104137804 -6.54628699813752
"145" 2 0 -44.09917289 -22.025837543 -8.24629146427703 5.38123143480579 1.27763099322886 -9.40610920372757 -1.40144295352643 -5.31150142246121
"146" 1 0 -43.99917289 -19.225837543 -8.64856348198754 7.53162447613972 0.852575542831325 -9.30642399607389 -1.47059692105958 -6.30930465851943
"147" 2 0 -55.09917289 -23.225837543 -9.5298776199545 6.19869260457431 3.08629022984484 -8.15436407414358 -1.47552969275795 -6.44235899431753
"148" 1 0 -52.69917289 -23.025837543 -8.57879906777505 6.77377414527246 2.70241583797482 -7.87360547252792 -1.64808573438421 -6.96211338367417
"149" 3 0 -47.39917289 -14.525837543 -9.5754675386802 6.96737088601808 -0.331978672912347 -8.10866785283102 -0.889030804438851 -5.60927302324274
"150" 3 0 -43.29917289 -21.425837543 -8.92730008350791 6.19964338202965 1.42366242356349 -9.4489566936373 -1.4414408207975 -5.55968044668411
"151" 1 0 -40.49917289 -10.725837543 -7.74069098712728 7.44740761180018 0.753418057295522 -6.17633336794745 -2.14099218755208 -6.788636869528
"152" 2 0 -47.59917289 -23.625837543 -7.71408043182152 5.86614867061729 1.90641846442323 -7.5541914598416 -1.41686640674967 -5.75346630395582
"153" 1 0 -43.99917289 -15.425837543 -8.20869716083356 8.48891779235932 0.0643404139245134 -8.33513402813461 -1.54072323809009 -6.94805199265038
"154" 1 0 -44.69917289 -15.125837543 -8.41013823549241 8.33890030128101 0.184570273012813 -8.94015613725968 -1.40496292544555 -6.98194836112815
"155" 3 0 -56.69917289 -29.425837543 -7.95836844007284 6.22447467463627 4.52677265880269 -7.54450002168398 -0.499652211783363 -6.42885518987137
"156" 1 0 -45.69917289 -11.125837543 -8.5611269539684 8.76165775693878 0.359227310623696 -8.98099486720151 -1.84334568172521 -7.31682013171124
"157" 2 0 -45.49917289 -19.525837543 -8.94131767461756 7.29214729779736 1.00968956002981 -9.9849724276662 -1.67568087166746 -6.47324362209732
"158" 3 0 -56.59917289 -20.125837543 -9.82566060831632 8.14461489365666 2.25761054067537 -8.31697787766924 -1.87256038908255 -6.50860244701377
"159" 3 0 -45.89917289 -20.025837543 -8.39472054121793 7.16320113445499 1.33356775927236 -10.1485034588119 -1.54017788941891 -6.40958391221151
"160" 1 0 -43.29917289 -13.525837543 -8.70633062525878 9.5086313220021 -0.0809457555514029 -7.96907008312324 -1.86201677954841 -7.48887374867955
"161" 3 0 -53.19917289 -27.625837543 -9.41968654770621 4.47647130972006 4.42456985417468 -7.39439676013029 -1.02956606191345 -6.95892055227928
"162" 2 0 -43.79917289 -21.925837543 -8.40249100405369 5.3300075344025 1.16998909996417 -9.00578173870718 -1.39390770977787 -5.06291378886702
"163" 2 0 -39.29917289 -10.525837543 -7.79278438793226 8.51697542854873 1.05408296842851 -5.90404864480777 -2.17367989054394 -7.36194632436046
"164" 1 0 -58.19917289 -34.825837543 -6.38423834147479 5.64136971260886 4.45601723912585 -6.36673201969677 -0.273278904564918 -5.44154711621891
"165" 2 0 -46.89917289 -12.025837543 -10.3622270485477 9.07946736519319 0.0972073839017645 -8.63590102474619 -1.03435195052024 -6.68162392445393
"166" 1 0 -49.19917289 -16.525837543 -9.06647903695815 7.5017754471801 0.325399125245224 -7.99826310380176 -1.0364849250157 -5.94238280537253
"167" 1 0 -58.49917289 -35.925837543 -5.72930349050626 5.82227263254602 4.53758058223096 -7.21434031109383 -0.36154125675961 -6.31860702396642
"168" 2 0 -42.69917289 -17.025837543 -7.6984100972856 7.51119056495128 0.282656909453862 -8.51293478346417 -1.60608752272616 -6.75607233589451
"169" 1 0 -49.49917289 -17.925837543 -9.39064870847082 8.45074817758949 0.724986745665296 -8.82606474551417 -1.42533891477907 -6.6392772077814
"170" 2 0 -51.49917289 -28.825837543 -8.79614170723023 3.62670875324504 3.95165750261423 -6.6520433718436 -0.892581772087728 -6.18954866059281
"171" 3 0 -45.99917289 -21.125837543 -8.56384804679199 6.2628927903029 1.35993306953321 -9.65906121187349 -1.54374733720669 -6.15822168206279
"172" 1 0 -56.89917289 -21.325837543 -9.44262904155581 7.51498725800274 2.79246933059596 -7.93970991907966 -1.67399681859291 -6.64683835967513
"173" 2 0 -52.79917289 -22.725837543 -8.70985483177914 7.25763512518411 2.53742021207222 -7.94702422113009 -1.74399473037579 -6.99712967075098
"174" 2 0 -44.09917289 -18.025837543 -8.57009382253682 7.97241270382237 0.691873686753353 -9.3365420653579 -1.4242351151065 -6.53234456867418
"175" 1 0 -50.29917289 -22.825837543 -8.75694939766807 6.71752320866682 2.4740196869564 -8.4611508030273 -1.70056264034762 -6.75745665786601
"176" 2 0 -42.29917289 -22.925837543 -9.05595358598373 6.92302066636972 2.0437686120507 -5.01877277994039 -1.51528511255811 -5.09647063760337
"177" 1 0 -57.99917289 -23.825837543 -8.5260786704572 8.43733324324814 3.32136846798568 -7.67990461993349 -1.41050735511117 -6.9004257733823
"178" 2 0 -41.39917289 -22.125837543 -8.98490896307453 7.27831244353906 2.17047580867389 -6.15601339313797 -1.41977746133921 -5.46185601999494
"179" 3 0 -58.59917289 -26.125837543 -7.83997217582795 7.9550934185061 3.90188294556217 -8.37320766167099 -0.89578367128869 -6.89052913342471
"180" 3 0 -50.99917289 -28.725837543 -8.73258827764224 3.2002964622863 3.7344546515901 -6.73005865716573 -0.891171722284595 -6.08916585872617
"181" 1 0 -46.69917289 -16.725837543 -9.24777102618426 8.00003358516433 0.835471159071607 -9.20939061286487 -1.95980178732599 -6.6379631654118
"182" 1 0 -54.59917289 -33.825837543 -7.21173536211996 5.02948596609071 4.22637836922953 -6.47773912890721 -0.389867682077756 -6.29396036773355
"183" 1 0 -49.89917289 -17.525837543 -9.7016533893595 8.11081654969955 0.686351967131372 -8.710902742264 -1.31796261686459 -6.40661909552351
"184" 3 0 -49.19917289 -17.925837543 -8.91076414792248 7.50870562651824 0.594319442525917 -9.03125811814765 -1.3704083246905 -6.41418022968209
"185" 1 0 -49.79917289 -18.925837543 -9.84533899094517 8.30052017728686 0.62857768183804 -8.91564419620034 -1.45914269928562 -6.63627767737597
"186" 1 0 -52.59917289 -25.125837543 -8.87571607495149 4.00520179471063 3.42788429414966 -8.30815344040525 -1.3383679524248 -6.77086734549197
"187" 3 0 -51.79917289 -24.825837543 -8.79948639432511 3.6141434226614 2.89874897613399 -8.23888427973472 -1.27632522080087 -6.38225275510661
"188" 3 0 -48.99917289 -28.025837543 -8.67770663961274 3.59480693556249 3.41277108242702 -6.97768909721563 -0.877313737451255 -4.99428425945516
"189" 2 0 -55.89917289 -34.225837543 -7.41441575638861 5.34144872598574 4.72923513080195 -6.44946342979498 -0.404197701825063 -6.26195613817041
"190" 1 0 -49.49917289 -18.825837543 -9.40991431969825 8.02978450648048 0.675108144835584 -8.98748706813423 -1.35722890472079 -6.54309800561738
"191" 2 0 -56.29917289 -26.025837543 -8.86343787227671 6.33887334649396 3.97030920226962 -7.51651618706107 -1.06298793261207 -6.44935850008502
"192" 1 0 -58.89917289 -36.225837543 -5.53867930843266 5.90901315779392 4.45722119603542 -7.41195114266408 -0.353009090178377 -6.4319686214589
"193" 1 0 -39.69917289 -15.225837543 -9.35960102111824 7.13691638465608 1.41865017778592 -5.39750500435538 -1.91168636317529 -5.87816514089068
"194" 1 0 -60.39917289 -29.225837543 -7.02155924500446 7.77931638578006 4.04100744824581 -8.40993859797858 -0.704196334199441 -6.76506619441518
"195" 2 0 -56.59917289 -22.325837543 -9.42411603970562 7.24803272018273 3.02607701397588 -7.82013181166988 -1.46937592871326 -6.56470342976814
"196" 2 0 -41.99917289 -11.525837543 -7.62638074023639 9.09262359797778 -0.13942070947702 -7.34641049761603 -1.91084244795793 -7.57398455392384
"197" 3 0 -52.89917289 -30.725837543 -8.22025236335951 4.1481404079553 3.91776615706878 -6.31447454694707 -0.516105315469516 -5.99952471075373
"198" 3 0 -37.49917289 -10.525837543 -8.81480247127548 7.46627160429727 0.732951647340169 -5.1620365263998 -1.19880824182015 -6.12810308974791
"199" 1 0 -41.89917289 -14.825837543 -7.37899862316775 8.30947106529513 0.0533941016210973 -7.47878720629395 -1.71138337845864 -6.90330583080475
"200" 1 0 -57.69917289 -36.525837543 -5.15072543002862 5.8736535917328 4.46281570559305 -6.67403059921553 -0.314144914938619 -6.23854878617867
"201" 3 0 -48.99917289 -19.625837543 -9.34901665216579 7.54438842008847 1.2344186634149 -9.69789525165359 -1.97567602432942 -6.46180399251334
"202" 1 0 -53.49917289 -25.425837543 -9.23951858917244 4.91049129642988 4.38628845451506 -8.62477394943549 -1.26498374502451 -7.33318377600711
"203" 3 0 -46.79917289 -18.225837543 -9.60634723602905 7.19600839026217 0.419778343190671 -9.11739265026699 -1.86371258788244 -5.88475256770427
"204" 2 0 -53.69917289 -23.625837543 -8.86785341548619 6.31416075137219 3.22738513026672 -7.93233602216997 -1.44459585779197 -7.14013116396321
"205" 2 0 -51.09917289 -24.825837543 -8.63777885956037 4.98950574376844 3.48558275516105 -7.94083330475428 -1.32988308899529 -6.64258850818269
"206" 3 0 -54.39917289 -17.525837543 -9.64017855155953 7.7171901759211 1.15276817882774 -8.99430262435617 -1.37197610384378 -6.4975519711563
"207" 3 0 -54.09917289 -23.725837543 -9.23108696391651 6.22898601280932 3.31330751361121 -7.98613476911483 -1.36442889395717 -6.77397241178083
"208" 1 0 -53.99917289 -19.825837543 -9.97511813126957 7.05881891217847 1.3862323294111 -8.53714037497042 -1.84423953781145 -6.34429615852764
"209" 3 0 -46.59917289 -14.325837543 -9.72525477542928 8.64526913409479 0.0354051602485837 -7.61350098901616 -1.30950301351824 -6.24377112895059
"210" 1 0 -49.69917289 -18.525837543 -9.66129291264068 8.38580619371763 0.712693202582912 -8.87445683172672 -1.40015480603928 -6.59346514121489
"211" 2 0 -48.69917289 -18.625837543 -8.80296932157748 6.96088037529826 0.946955586080046 -9.64572852617968 -1.81716689913473 -6.17115227061418
"212" 1 0 -39.09917289 -11.125837543 -8.07225259143723 8.93240581631468 1.30684058563853 -6.08005176900095 -2.15889466383902 -7.46015811749208
"213" 1 0 -49.49917289 -14.925837543 -10.5393680415241 7.78471517233699 -0.157277791600944 -8.34465060624145 -0.626531069332945 -5.69031495612409
"214" 3 0 -42.99917289 -13.625837543 -8.27832028579052 8.86650118063672 -0.115436769098936 -7.95344043865101 -1.67683341970555 -7.11334632713521
"215" 1 0 -44.09917289 -14.325837543 -8.42303332215876 9.40177096997089 0.230303105074259 -8.30685785135118 -1.6051067354236 -7.30677221876711
"216" 1 0 -53.39917289 -21.425837543 -9.51757034206653 7.16429335855441 1.89498579658393 -8.18855917716075 -1.97743720714314 -6.46081378403056
"217" 1 0 -51.49917289 -23.625837543 -8.77478294584401 5.3422122856654 2.70781339358097 -8.32175967416896 -1.64795533190511 -6.55600784800145
"218" 2 0 -54.49917289 -26.625837543 -8.46682503163937 4.88015777136489 4.1305407452783 -8.22764741381643 -1.05942001816809 -7.13787705184761
"219" 1 0 -50.79917289 -19.725837543 -9.41005104337509 7.542867781299 1.31153854816394 -9.19521555379722 -1.93190036634787 -6.64558982057697
"220" 3 0 -43.79917289 -22.525837543 -9.08760940070528 6.49769699057387 1.86283108308038 -8.50979835891825 -1.53288419389895 -5.5945738807885
"221" 2 0 -55.59917289 -17.625837543 -9.98498014101286 8.82493232298863 1.52498042345097 -8.29467408980031 -1.40020592456406 -6.68588986009852
"222" 2 0 -47.49917289 -20.025837543 -9.3811734598351 6.79123814920266 0.982290222750152 -9.48561098467045 -1.77695332507802 -5.81542594593511
"223" 3 0 -39.79917289 -19.625837543 -10.0215259183703 7.15495015294722 1.99288820409542 -6.12440662779725 -1.46377795539356 -5.64056070803208
"224" 3 0 -40.49917289 -12.125837543 -8.28486462377712 7.83220587098033 1.0874846130536 -5.90107780167527 -2.14886160263709 -6.71423808977785
"225" 3 0 -54.89917289 -33.925837543 -7.17606961471343 4.90270793757151 4.27359981787109 -6.55281766491507 -0.327236327266178 -6.31374743772048
"226" 1 0 -53.49917289 -25.125837543 -8.9909090746933 4.24428000446871 3.85856216991948 -8.4838673871274 -1.33259873666925 -7.18984080468962
"227" 2 0 -48.89917289 -25.425837543 -9.8607157317558 4.73365288463304 3.85352502689387 -8.30975227665546 -0.792430156047207 -4.96041882767428
"228" 2 0 -48.89917289 -26.525837543 -9.79433332984798 5.0256559040897 3.74464482545887 -7.29643430601061 -1.06662793501899 -5.08475211457615
"229" 3 0 -56.19917289 -23.925837543 -9.25992764003878 6.64398308290929 3.54838046985522 -7.57569198092694 -1.22613313425239 -6.38279611454644
"230" 2 0 -46.39917289 -13.925837543 -9.78683676910223 8.27088301396311 -0.0935605119271831 -7.994408565637 -1.16357721939505 -6.22424942772867
"231" 1 0 -53.49917289 -27.525837543 -9.57266307238837 4.40602318709186 4.29542046659879 -7.4049449267996 -1.07147514750698 -7.17194704704143
"232" 3 0 -58.59917289 -23.725837543 -8.14147900468789 8.82512787478404 3.33276217251733 -7.81047772369538 -1.410408852662 -7.28452720221964
"233" 3 0 -42.79917289 -12.525837543 -8.14355638748582 9.77411061275887 0.14544847195225 -7.87936830171424 -2.01090485067379 -7.89143734162326
"234" 3 0 -57.39917289 -37.025837543 -4.91230049320685 5.76148377122801 4.41757801444358 -6.11916423477274 -0.202573283241569 -5.87215879315172
"235" 1 0 -57.89917289 -30.525837543 -7.68849675736081 6.40166576702386 4.65022856348704 -7.70911388709946 -0.496801350818289 -6.33143954563078
"236" 2 0 -43.49917289 -10.325837543 -8.49612809981251 9.83779962383143 -0.0380529269391094 -8.27074959472719 -2.14850924357037 -8.08216882459704
"237" 3 0 -41.99917289 -21.925837543 -8.69653986596387 5.82103456502645 1.82497697710737 -8.22981702438115 -1.27421422168655 -5.30610541931383
"238" 2 0 -52.79917289 -17.525837543 -9.51378938745567 6.75934583439154 0.728200744939718 -9.40591037527306 -1.4210874345017 -6.21217272900781
"239" 3 0 -59.49917289 -24.225837543 -7.6404659889856 8.9724737210024 3.36049903666369 -7.86875911603797 -1.26839193475388 -7.38146659205805
"240" 3 0 -46.89917289 -20.325837543 -8.74961940083906 6.5620822643037 0.968027456327123 -9.30549597806209 -1.55589431749499 -5.89908323313488
"241" 1 0 -53.19917289 -16.425837543 -9.41630146333556 7.47793240405375 0.943629703322237 -10.0684295020081 -1.00182761445124 -6.59905988727351
"242" 1 0 -41.39917289 -13.725837543 -7.53225464854835 7.06335849630475 0.468232673014313 -7.04473488030277 -2.00508940212744 -6.87393986169558
"243" 3 0 -42.19917289 -18.725837543 -8.79798681653738 7.50565527667205 1.12372882127255 -8.71539080271107 -1.49711709881603 -6.27528219429376
"244" 3 0 -56.99917289 -20.225837543 -9.67839147650631 8.07111685287883 2.27164522841028 -8.21450202968629 -1.84863057012044 -6.47061562022174
"245" 2 0 -40.19917289 -15.025837543 -8.75125133088998 6.78614587520374 1.43389646913909 -5.71102044650408 -1.9459502979857 -6.13209766609795
"246" 3 0 -48.79917289 -16.725837543 -8.85392222554397 7.05288157043305 0.476746074198254 -8.63014655718569 -1.5343495337335 -6.01551462977165
"247" 2 0 -54.19917289 -29.925837543 -8.90119694464626 4.66719686679245 4.50676289202723 -6.66255368687699 -0.767073970416733 -6.69476906377506
"248" 2 0 -52.59917289 -20.925837543 -9.36174990499559 7.3775661234196 1.68926658403863 -8.3660279361948 -1.94211546486396 -6.50747140896756
"249" 1 0 -42.09917289 -16.825837543 -8.12732112848328 9.43548559736448 0.776251978444549 -8.759410876085 -1.81692251282648 -7.7344837501424
"250" 2 0 -57.99917289 -26.025837543 -8.984366302617 7.20031239480261 4.02599160323303 -8.04155088405828 -1.14525115201329 -6.28928178573608
"251" 1 0 -53.39917289 -26.125837543 -9.21524198949383 4.06015798639479 4.27000873435992 -8.75458519124988 -1.23309007823033 -7.44098025697005
"252" 2 0 -44.59917289 -19.225837543 -8.58832774815755 7.46915927433299 0.788453182883056 -9.43323036137635 -1.66229658313291 -6.5625378619601
"253" 1 0 -48.39917289 -13.725837543 -10.5890462020515 7.58931947046626 -0.054196811301222 -8.87075338342913 -0.590923464796723 -5.8002288986721
"254" 2 0 -59.89917289 -33.525837543 -6.15932098661333 6.62372828716757 4.3433462640533 -7.47218165448247 -0.374744428430614 -6.37673418905257
"255" 1 0 -57.59917289 -20.525837543 -9.50136929681336 8.66856014916426 2.62130563051033 -7.84251901698091 -1.80156274391778 -6.84202921373873
"256" 3 0 -57.59917289 -25.625837543 -9.00945164288284 7.3268651615934 3.95530057627466 -7.87118367842306 -1.22292764328337 -6.44156828029832
"257" 2 0 -59.99917289 -32.725837543 -6.4582970926208 7.05012431656128 4.19530088526079 -7.55908983872963 -0.363889926478036 -6.36026546644797
"258" 2 0 -54.89917289 -28.225837543 -9.65291745502359 4.78281617535303 4.64145916189768 -7.55599884342271 -0.824910775934212 -7.39134742959228
"259" 3 0 -56.09917289 -27.025837543 -9.62206915096659 5.85025835961684 4.71628389529411 -8.32011016484391 -0.56700776072262 -6.97233424508817
"260" 3 0 -45.09917289 -18.225837543 -8.71759830126037 7.61962083183073 0.661206802195723 -9.48468807760094 -1.67042685251025 -6.46505864836918
"261" 2 0 -47.59917289 -16.525837543 -8.42797488713384 7.06170755741534 0.417995392835653 -8.83671435080699 -1.58131752096924 -6.51049191368234
"262" 2 0 -42.99917289 -12.125837543 -7.74953739183564 8.73408900706696 0.0479307115521373 -8.22772305208394 -1.83203535090078 -7.50548510370241
"263" 3 0 -41.89917289 -19.825837543 -8.32391773904842 6.81014789686096 1.20787005915122 -8.80894156348765 -1.48573189559165 -6.23563188794027
"264" 2 0 -40.39917289 -15.725837543 -8.47766153185411 8.28902697601008 1.09796977751516 -6.49482245086287 -1.76854502286655 -6.61450258160999
"265" 2 0 -55.99917289 -21.125837543 -9.54685879217627 7.46887200338584 2.60363975900055 -8.30884525697776 -1.85743139078303 -6.46832183175136
"266" 3 0 -58.29917289 -27.425837543 -8.39053783345507 7.19037510172326 4.11046508979434 -7.51566040080388 -0.73785903947973 -6.13063902055661
"267" 3 0 -54.49917289 -30.225837543 -8.77682418794772 5.0444556883095 4.51458090068334 -6.78533037646534 -0.827906722110458 -6.76637956895652
"268" 3 0 -48.69917289 -24.325837543 -7.84430792792737 4.63200162308265 2.78737955043398 -7.95307849587848 -1.15725911218726 -5.4366892563377
"269" 3 0 -48.59917289 -21.925837543 -8.61129654720192 6.67933113329761 1.60894030018102 -9.0600162433987 -1.74893004853937 -6.13201595714742
"270" 2 0 -55.19917289 -19.525837543 -9.91491853567732 7.09663666342705 1.74053499068807 -8.84747457147353 -1.98732267673944 -6.39608448092043
"271" 3 0 -53.59917289 -22.925837543 -9.26087926848852 7.13589774047256 2.64412484424292 -8.20508881217435 -1.60828531015376 -6.85093827263434
"272" 3 0 -50.49917289 -28.025837543 -7.77679268278127 3.14031635066312 3.49541962910923 -6.87348329697811 -0.92268799343273 -6.10058602171489
"273" 2 0 -53.29917289 -30.825837543 -8.26762998523183 4.39651258143904 3.87791595214748 -6.36308946547447 -0.657721589785151 -6.16498218173516
"274" 1 0 -46.29917289 -14.325837543 -9.58528274476457 8.18119066577725 -0.0337978358413788 -8.02858033479011 -1.2549839557341 -6.30408212651029
"275" 2 0 -51.49917289 -17.225837543 -9.52383528516234 7.07848702806002 0.369442228253676 -8.83790443355101 -1.42896947202851 -6.13738098908312
"276" 1 0 -49.89917289 -26.125837543 -7.42796549493018 4.46302359789542 3.24225980142632 -7.66879033321471 -1.24864548482782 -6.42635149203608
"277" 2 0 -55.59917289 -29.825837543 -8.27576434865534 4.65884139980893 4.87440524416637 -7.53699226924914 -0.510588172637824 -6.71863657466079
"278" 3 0 -58.59917289 -28.025837543 -7.735346403976 7.35835719765868 4.00684641329925 -7.45771457364166 -0.779199991434706 -6.37660403307488
"279" 1 0 -45.79917289 -13.825837543 -9.07384412558328 8.2812880638333 -0.30866689515075 -8.25169417736341 -1.1015373516889 -6.62169016198089
"280" 3 0 -56.29917289 -34.725837543 -6.39381070036782 5.46410292972284 4.41889328870153 -6.09504989594274 -0.378794190370458 -5.92875266126156
"281" 1 0 -47.69917289 -16.325837543 -8.36020390325889 7.07689967827821 0.339730027378494 -8.82693571939008 -1.53326687885144 -6.46036874353582
"282" 3 0 -53.09917289 -27.425837543 -9.51614824155649 4.48094170380881 4.47973152871969 -7.44440467062238 -1.07136050157364 -7.00362727993664
"283" 2 0 -47.79917289 -19.425837543 -9.06317271183048 5.99765594194142 0.771398151274718 -9.66984554840756 -1.93559606583241 -5.67161478680352
"284" 3 0 -57.79917289 -35.425837543 -6.01699770772214 5.58343885851309 4.47658345235766 -6.5891246880846 -0.359353580632468 -5.89773970373971
"285" 1 0 -54.69917289 -25.025837543 -9.16994404742466 5.72824132174015 4.13745019561086 -8.00867703203569 -1.14505361445129 -6.71536274462176
"286" 3 0 -45.39917289 -23.425837543 -8.42687563233543 4.59873478399109 1.84773680489989 -8.45242688953199 -1.32954728929532 -4.96264287531194
"287" 3 0 -55.39917289 -29.625837543 -8.51012336108339 4.80310207909194 4.87842037754453 -7.50057512468217 -0.524307475684664 -6.74682856288544
"288" 1 0 -55.79917289 -26.825837543 -9.22291673588447 5.6125026201975 4.45827957203191 -8.40037135932615 -0.786656752128135 -7.33598887025346
"289" 2 0 -54.99917289 -27.825837543 -9.2501208375325 5.08755128896904 4.51869718168572 -7.75151585033236 -0.804326505607518 -7.25504499538017
"290" 3 0 -51.09917289 -25.625837543 -8.0135072393449 3.17527373068598 3.08123632702478 -7.67366741289154 -1.22016552349886 -6.16802964236871
"291" 2 0 -39.79917289 -14.825837543 -9.35601711865359 6.77836139182941 1.37405332639012 -5.26826243045311 -1.83440508934829 -5.75081986488497
"292" 2 0 -51.79917289 -19.525837543 -9.54457804757866 6.94546386569953 0.981234774451264 -8.78855179161479 -1.36405663004214 -6.41289571530885
"293" 1 0 -58.49917289 -21.525837543 -8.97113164518626 8.88672107385562 2.89898101136568 -7.63846034272019 -1.66929082370817 -7.0466930807551
"294" 3 0 -47.49917289 -20.625837543 -9.240469094569 5.68554728686789 0.75545209997236 -8.91417948830778 -1.85728062232831 -5.09372110222899
"295" 2 0 -59.79917289 -34.725837543 -5.85495237158633 6.37988328010934 4.53481169809618 -7.90066889107034 -0.297332611499177 -6.66698304051674
"296" 2 0 -53.39917289 -24.025837543 -8.91142252840276 6.07727305102475 3.54416467296774 -7.968707318884 -1.44391553257987 -7.12776000774919
"297" 2 0 -54.39917289 -18.325837543 -10.0855067233965 8.18204191471678 1.48340802103182 -8.72908498797103 -1.36543040272027 -6.65253648127112
"298" 3 0 -51.49917289 -17.325837543 -9.43108170298374 6.90257873120622 0.314253544921286 -8.78923494066832 -1.45740947315086 -6.0933752382346
"299" 3 0 -46.79917289 -21.425837543 -8.45942522957243 5.83956103300012 1.22276561006276 -9.37156101720948 -1.56967963768672 -5.71780672219624
"300" 1 0 -56.99917289 -29.025837543 -8.25342616384736 6.47031527528109 4.5726209426216 -7.67575935515257 -0.565422187676053 -6.44159449169881
"301" 2 0 -57.89917289 -35.625837543 -5.89675748854227 5.60645753588553 4.47330827713811 -6.74192705840253 -0.381658136636776 -6.05057963655956
"302" 3 0 -42.29917289 -20.025837543 -8.29951027176723 7.24059137462977 1.15185235010481 -8.6733415127081 -1.51666177220321 -6.342380001001
"303" 3 0 -54.19917289 -17.325837543 -9.54481356052854 7.59445784513924 1.07537229780939 -9.15562736107682 -1.35525120563882 -6.46981541154059
"304" 2 0 -46.89917289 -18.225837543 -9.61224219846988 7.17673502428358 0.467785919494858 -9.10666329923426 -1.87902323779813 -5.88121219881518
"305" 2 0 -50.59917289 -28.525837543 -8.10461349306247 2.48405681666236 3.41816715315962 -6.79998915102178 -0.931986935946443 -5.98180161947433
"306" 1 0 -54.29917289 -26.325837543 -8.76873596708042 5.44182031541006 4.44577513586602 -8.51426367650317 -1.166568498444 -7.22375210206357
"307" 3 0 -57.19917289 -23.425837543 -9.19608409067907 7.74981362125827 3.55084891584121 -7.93172258843912 -1.33526979029265 -6.88354745297996
"308" 3 0 -52.89917289 -32.725837543 -7.51748380849931 4.68681985863724 3.81515422365726 -5.86037769143465 -0.441724164528783 -5.61993154997578
"309" 3 0 -55.99917289 -18.225837543 -10.1519362986495 8.45731043588099 1.91031179253351 -8.58729033005788 -2.01044975234786 -6.55275568408454
"310" 3 0 -53.19917289 -22.225837543 -9.14909062222684 7.25535637456799 2.23831605840229 -8.12956971402315 -1.82359665950708 -6.72489994276404
"311" 1 0 -48.79917289 -25.025837543 -8.4909993539168 3.88146985959902 3.18388003591067 -7.47149025849406 -1.03984084486289 -5.25656967193571
"312" 2 0 -57.29917289 -37.025837543 -4.98026318341814 5.69052220164244 4.39127685727591 -6.02577429166318 -0.208729823269889 -5.82081008054653
"313" 2 0 -48.59917289 -17.725837543 -9.14129839647654 8.33225913792162 0.717417901896967 -9.41102455292159 -1.38145496346861 -6.96545105993826
"314" 3 0 -51.09917289 -16.625837543 -9.91250824593041 7.90829220108672 0.102197142584564 -8.54987097765514 -0.770678623927919 -6.1573814606887
"315" 3 0 -58.29917289 -28.625837543 -7.68555783972802 7.20061458176923 4.11142326133474 -7.50454526421885 -0.646300406045807 -6.38635310047544
"316" 1 0 -58.39917289 -29.925837543 -7.14267763339672 6.98549224310588 4.18333156205463 -7.55885738692147 -0.554561888672657 -6.32070334596029
"317" 1 0 -38.39917289 -9.92583754299999 -7.91119425444486 7.88333387548685 1.01288236712498 -5.70496548432207 -1.77366966907971 -6.90300989909048
"318" 1 0 -48.59917289 -16.025837543 -9.2656431988985 6.66012871484715 0.00779700142766659 -8.16692503790298 -1.4746495750753 -5.61038768340088
"319" 3 0 -46.69917289 -14.725837543 -9.71959534945662 8.42499748113458 0.250078245270229 -8.21797518262061 -1.71850936510079 -6.23931195934932
"320" 3 0 -43.69917289 -10.125837543 -8.38026119990328 9.92473042910217 0.0173205214002267 -8.19989779449168 -2.0548935681349 -8.098892722211
"321" 1 0 -49.29917289 -23.525837543 -8.15387757706281 6.08366428971795 2.25926906819075 -8.14743407418334 -1.652945990042 -6.47205924831218
"322" 3 0 -52.89917289 -20.325837543 -9.93119728022497 7.59312694643942 1.63143685819581 -8.57544030189462 -2.00849724047274 -6.47218852267539
"323" 1 0 -40.29917289 -12.325837543 -8.4125483703377 8.16210384571905 0.885576546943414 -6.1622022841526 -2.17596475562098 -6.80267044795359
"324" 2 0 -45.69917289 -14.625837543 -8.95322084257403 7.86129254077046 0.083556765689677 -8.85354822871864 -1.52069739022029 -6.54001802315486
"325" 1 0 -43.49917289 -14.725837543 -8.51162928768054 9.28228626507824 -0.0363187843966384 -7.98126200027103 -1.59753983887936 -7.22707598894738
"326" 1 0 -43.09917289 -22.625837543 -10.1426271811272 5.8374139700728 2.60007882338247 -8.25346389056869 -1.47640874653896 -5.17041054007902
"327" 2 0 -52.29917289 -22.825837543 -8.51455624629489 6.58257944912217 2.5059719555811 -7.89023024753707 -1.6931959439074 -6.86595605772331
"328" 3 0 -41.09917289 -22.025837543 -8.88621320957272 7.20796497202498 2.07164341473802 -5.95598800432616 -1.36224282997044 -5.28325265219006
"329" 3 0 -53.09917289 -16.825837543 -9.8000025554002 7.77176823869 0.963589532089783 -9.72916809757555 -1.15606751233402 -6.56817095438115
"330" 3 0 -44.59917289 -19.125837543 -8.47606562418899 7.40175190776767 0.76279674612606 -9.38452239404536 -1.63424344329897 -6.52036990537602
"331" 1 0 -48.59917289 -14.625837543 -10.1815947477899 7.69365437642045 -0.111026030719612 -8.08990337631939 -0.855088466304491 -5.69839343535587
"332" 3 0 -51.59917289 -17.125837543 -9.76502826993917 7.50359372327354 0.453406859741212 -8.92137133261639 -1.38262746547926 -6.19168967530006
"333" 1 0 -40.19917289 -13.025837543 -7.64947866546366 6.78932973429971 0.576209608211787 -5.34124149271309 -1.98906926325874 -5.96106921692817
"334" 1 0 -50.99917289 -29.625837543 -8.80740929630531 4.51405560066647 4.15934406128209 -6.09305234255441 -0.754926195478368 -5.94155884870074
"335" 2 0 -49.39917289 -24.225837543 -7.61661286588271 4.47037538838238 2.74222217949971 -8.29499688455181 -1.1168143936361 -5.8575492811857
"336" 2 0 -44.49917289 -14.225837543 -8.23711482554664 9.01998316637393 0.109348954175713 -8.43082997207939 -1.52955206554969 -7.29209298259687
"337" 2 0 -53.29917289 -27.725837543 -9.42556430784411 4.11810555811146 4.12007902659637 -7.28476600558694 -1.00991473181393 -6.94002796941239
"338" 2 0 -49.79917289 -21.225837543 -8.61775664025553 7.54401972907526 1.74758077014962 -8.88697240895298 -1.83971320333541 -6.61606324077654
"339" 3 0 -58.49917289 -30.525837543 -7.1570404569643 6.72958637021484 4.41435554406067 -7.67811901917968 -0.546979864578721 -6.43629589473527
"340" 2 0 -58.19917289 -22.225837543 -9.2912832158976 8.40580188358276 3.22651540288321 -7.74006511762972 -1.52145609117739 -6.77901647809561
"341" 3 0 -49.59917289 -14.425837543 -10.6126788052648 8.49064470694479 -0.0748066918711175 -8.39147146901285 -0.735293209216883 -5.99140162591396
"342" 3 0 -55.79917289 -33.625837543 -7.48476841614897 5.35997489782313 4.87474380813185 -6.75896260942906 -0.444236936275501 -6.58162830248906
"343" 1 0 -49.09917289 -15.325837543 -10.0123821071579 7.78450697269958 -0.000605554157129734 -7.61408750607603 -1.03670895322376 -5.64206232414788
"344" 1 0 -41.99917289 -11.825837543 -7.1592913816989 8.89308090609789 -0.0938206443705824 -7.33188913867411 -1.86748291344288 -7.57068761400824
"345" 1 0 -46.09917289 -17.525837543 -9.30181802375732 7.88857368054088 0.486528236135859 -9.4590207415271 -1.94388819807813 -6.52489313561252
"346" 1 0 -56.69917289 -34.225837543 -7.02305437156141 4.98946457117899 4.86584616748092 -6.86539995116007 -0.241571154035393 -6.22225544617314
"347" 1 0 -47.59917289 -18.625837543 -9.05863180322485 6.53633927548144 0.671010161377821 -9.46620958358747 -1.97139070533435 -5.65187889609594
"348" 1 0 -40.49917289 -11.825837543 -8.26373724594155 6.86486550957876 1.23331138605817 -5.90587877692689 -2.06904484393683 -6.69024027710312
"349" 3 0 -48.39917289 -14.325837543 -9.9102254892323 6.68957385974159 -0.331777103880539 -8.47614639156866 -0.627368803035919 -5.47304258383939
"350" 2 0 -43.79917289 -17.225837543 -8.24616382171153 7.62015695342821 0.367361431517301 -8.94917452907747 -1.65273220893969 -6.59157824459255
"351" 2 0 -54.19917289 -31.425837543 -7.46084381919864 5.80772649341354 3.67019881907923 -6.44151245167201 -0.702617439815213 -6.39270521689217
"352" 3 0 -50.49917289 -21.325837543 -8.50791426331766 7.26245839054504 1.92867916578502 -8.9703656883182 -1.72377394136582 -6.51409047423254
"353" 3 0 -56.19917289 -32.725837543 -7.214380577683 5.98226744616623 4.70427866684851 -6.76424911313569 -0.296551972907185 -6.55275088923484
"354" 1 0 -56.39917289 -33.425837543 -7.41262140127508 5.40660523531787 5.12282577614804 -7.08688259640836 -0.459456454911172 -6.57764347307245
"355" 2 0 -55.69917289 -22.325837543 -8.87853958638214 6.3020257234895 2.49622380766073 -7.91245261347421 -1.56572705905533 -6.41477606718433
"356" 2 0 -40.79917289 -14.625837543 -7.02473384055077 7.63481034189883 0.0689610366921083 -6.31500679989688 -1.78640204089649 -6.42969163981172
"357" 1 0 -56.29917289 -24.225837543 -9.08036697707789 6.56240595566057 3.58311091219577 -7.34168874180721 -1.11205856758059 -6.29092612507884
"358" 2 0 -59.09917289 -30.025837543 -7.11904880948206 7.33090539906097 4.18054641306776 -7.69332524150194 -0.617228407226322 -6.39648486754527
"359" 2 0 -40.79917289 -13.325837543 -7.92972441317809 8.28203253098017 0.2905877171502 -6.30871262353636 -2.18546585324739 -6.82248470648574
"360" 2 0 -40.49917289 -18.325837543 -9.39140592493643 7.89988404678523 1.35289553559426 -6.86774278988431 -1.86231285460879 -6.5314977542099
"361" 1 0 -53.89917289 -20.125837543 -9.95305667075144 7.06836595846248 1.4311750332978 -8.3994483675136 -1.8600391476932 -6.3282506431093
"362" 1 0 -42.79917289 -17.325837543 -8.08636909502014 8.40064169741311 0.535018513983428 -8.56606458056911 -1.60300575458664 -7.01253402892136
"363" 1 0 -55.19917289 -23.425837543 -9.50362067338555 6.05160951488914 3.25696930816774 -8.12840225339768 -1.43464371326694 -6.45245159163389
"364" 2 0 -56.59917289 -27.525837543 -9.34084393786697 6.23675861522328 4.69486654916635 -7.6454582330614 -0.879122931963758 -6.55501254290434
"365" 1 0 -57.49917289 -24.925837543 -9.07264943111582 7.6488256983612 3.79897158135904 -7.68129700260931 -1.21735160461198 -6.29702619984237
"366" 3 0 -41.19917289 -12.325837543 -8.20563498791887 7.87370116165775 0.688754193690222 -6.8218318727397 -2.18340214574427 -6.99571415469444
"367" 2 0 -45.09917289 -20.925837543 -8.70903619601485 6.35575982866674 0.946839829491945 -9.58482895320607 -1.55394774163232 -5.99119954654737
"368" 2 0 -48.69917289 -15.425837543 -9.73157023651634 7.46250083367091 -0.166250612047427 -7.58568265018383 -1.07316422690561 -5.66747916192079
"369" 3 0 -43.39917289 -16.125837543 -8.06666789572135 8.55740452768515 0.338586850138483 -8.63930827098123 -1.70327536046521 -7.06678749050907
"370" 2 0 -38.39917289 -11.125837543 -8.77121440504304 8.42782495262932 1.19427157102418 -5.9719560539584 -1.93766265770939 -7.33985823869502
"371" 2 0 -59.59917289 -29.525837543 -7.29729264979628 7.33304406419117 4.02381872885611 -8.00694879724967 -0.64366098271905 -6.31748928529747
"372" 3 0 -57.49917289 -25.725837543 -9.06089045866997 7.11459559420597 3.98024420012592 -7.76581770579253 -1.17267562590309 -6.35620152280805
"373" 1 0 -51.39917289 -16.825837543 -10.0796845055175 8.01326864689206 0.442798677024679 -8.91475448612974 -1.23519881292461 -6.22247562486953
"374" 1 0 -46.79917289 -13.125837543 -10.1992424483818 8.36346721433943 -0.133488135885773 -8.23483282607296 -1.05385328808093 -6.26509068961533
"375" 2 0 -54.79917289 -22.125837543 -9.33323342907173 6.94145971976235 2.58911811965489 -7.92339882980703 -1.50673026515282 -6.53914396388325
"376" 1 0 -46.29917289 -20.825837543 -8.58185127107787 6.27214648943147 1.20789350581996 -9.64397048140093 -1.50873016884034 -6.04228933895585
"377" 1 0 -54.49917289 -18.325837543 -10.1595776711228 8.30287942603 1.50706345793066 -8.69679178984869 -1.36703618161087 -6.68228531142077
"378" 3 0 -49.89917289 -23.725837543 -8.26513177794812 6.22380766486208 2.63916230510553 -7.91235521285599 -1.57394197922203 -6.45301807093383
"379" 3 0 -43.79917289 -20.025837543 -8.46704485381747 6.1205966401823 0.751604466658119 -9.76383599998455 -1.26027595689331 -5.73437325319427
"380" 1 0 -48.29917289 -22.925837543 -8.41586014286972 6.40623594565032 1.85046078155228 -8.69875093438375 -1.74286293128365 -6.1669376590813
"381" 1 0 -45.99917289 -20.925837543 -8.63622890065679 6.38865839101146 1.27703265512842 -9.7170608223791 -1.54176016162411 -6.19823087327645
"382" 1 0 -47.49917289 -19.925837543 -9.4483790487711 6.9853927340659 1.06404205890493 -9.53291563212571 -1.77948709106026 -5.93138839483566
"383" 3 0 -39.99917289 -17.125837543 -9.97403456162991 7.28222659190733 1.79437074010076 -6.30202684941597 -1.99742211861958 -6.44407150661821
"384" 1 0 -56.89917289 -23.425837543 -9.37267423132491 7.6266293335609 3.43640101784467 -7.78909630680901 -1.31428019571001 -6.64748582061846
"385" 1 0 -56.39917289 -28.925837543 -8.34927921884159 6.00049054454147 4.60238650754945 -7.64552102626895 -0.553574677261748 -6.59739961208595
"386" 3 0 -50.39917289 -20.625837543 -8.61479264347002 7.4299479632473 1.68099835578618 -8.94184960830406 -1.86034161682092 -6.60597723788399
"387" 2 0 -55.99917289 -24.125837543 -9.28390029945207 6.3316019972071 3.6468924289288 -7.54461660961838 -1.18764883823895 -6.44195726266425
"388" 2 0 -47.49917289 -19.125837543 -8.96575337469311 6.55627860857149 0.782366107078916 -9.37718923118303 -1.6868354740977 -5.77493437901345
"389" 3 0 -41.89917289 -10.225837543 -8.511117193483 10.2282937732701 0.0970366664042204 -7.43449712250165 -2.37101432572975 -7.98286633380033
"390" 2 0 -41.59917289 -14.725837543 -7.1895329395411 8.34324206043495 -0.0238640752206661 -7.10236580429345 -1.72184915087925 -6.94264804794702
"391" 2 0 -51.89917289 -20.825837543 -9.25249559687989 7.65181017776168 1.76989404732171 -8.41797750695583 -1.89661642299837 -6.58316538527845
"392" 2 0 -44.39917289 -16.025837543 -8.03091809900662 8.56439141414729 0.594570542522095 -8.99135157374905 -1.54387866354527 -7.34032734236199
"393" 3 0 -52.29917289 -19.725837543 -10.0896762573398 7.56041580890063 1.54017286205413 -9.04895600243155 -2.00128106326793 -6.44730467283474
"394" 2 0 -40.09917289 -19.725837543 -9.82466894804623 7.57001980576418 1.94499239278507 -6.53050064880809 -1.422640581737 -5.77862909131058
"395" 3 0 -58.09917289 -30.225837543 -7.39638018222473 6.67848281139876 4.40749720184996 -7.6429311964889 -0.512194624790599 -6.26022859277719
"396" 1 0 -41.59917289 -14.825837543 -7.59392040769351 8.64988008595713 0.0816753590403287 -7.23553514245537 -1.79590743408803 -7.00136204203382
"397" 1 0 -50.99917289 -28.225837543 -8.29352873383736 2.74463588433743 3.55181147004992 -6.86388723811234 -0.878322845474996 -6.25618542553019
"398" 3 0 -53.89917289 -33.325837543 -7.28680644244496 4.85337731784807 4.06472212026151 -6.21339127040259 -0.4932973983785 -6.1779198051883
"399" 1 0 -45.09917289 -22.325837543 -8.13824275087955 5.6602481835797 1.60455447472551 -10.1245739340206 -1.37371352186739 -6.00217743361875
"400" 2 0 -54.29917289 -18.525837543 -10.1066157022168 8.08162942226207 1.45946234441512 -8.68018877898348 -1.38051094041172 -6.60395700941001
"401" 2 0 -50.29917289 -29.725837543 -8.80870533695522 2.96213329274335 3.83664209183366 -5.88704653219844 -0.630807794731221 -5.51631365607871
"402" 1 0 -48.19917289 -20.525837543 -9.33227108164099 7.19031975699928 1.10604767983656 -9.39247210658515 -1.86665371969445 -6.14150522269564
"403" 3 0 -48.99917289 -14.325837543 -10.4895585855137 8.3103757359186 0.0227290247272704 -8.24901878933845 -0.804313816276502 -5.84972963503494
"404" 1 0 -44.99917289 -15.025837543 -8.5222748429638 8.3194963966208 0.197092373305306 -9.07695991720923 -1.38894816255904 -6.97863535295125
"405" 3 0 -42.39917289 -17.425837543 -7.86910421858456 7.56735236030247 0.456576366829669 -8.46929260597753 -1.58353987423706 -6.73630361320022
"406" 1 0 -57.89917289 -27.925837543 -8.38399347437467 7.23005647438333 4.21159111545864 -7.88575011558764 -0.80325979412911 -6.59204559596699
"407" 2 0 -60.99917289 -30.325837543 -6.51196652644116 7.72793172988483 3.96394759602883 -8.22081427266631 -0.583673771436229 -6.69943885016924
"408" 2 0 -44.89917289 -17.725837543 -8.57256973995715 7.63848648789067 0.71774637180086 -9.55333514644213 -1.61011639346432 -6.496664920386
"409" 3 0 -50.59917289 -27.825837543 -7.76760531055596 3.25356539603596 3.62063542714059 -6.98624283967707 -0.934593595604845 -6.20536791052528
"410" 2 0 -60.69917289 -31.125837543 -6.54027547924943 7.51953133525925 4.0414395681308 -7.97148571447829 -0.485004283989522 -6.5106305416261
"411" 2 0 -50.49917289 -28.225837543 -7.91381776942038 3.03022074519097 3.44774867348828 -6.83191704553549 -0.965616933877437 -6.00597289084786
"412" 1 0 -52.19917289 -17.125837543 -9.91760654677013 7.53927486447491 0.564319607404115 -9.27511144246871 -1.34145300085085 -6.35213140104475
"413" 1 0 -37.09917289 -10.425837543 -9.74335128706394 7.78973450266686 0.848453947764099 -5.68938403672256 -0.811621986819212 -6.14901359167014
"414" 3 0 -60.59917289 -32.725837543 -6.2616077459866 6.82590351850461 4.06619919223051 -7.92004230022374 -0.357296446282033 -6.30347111920334
"415" 2 0 -44.59917289 -20.725837543 -8.55249027533533 5.58676144327948 0.787493681904601 -9.98447342989027 -1.46654809860566 -5.71185541206506
"416" 1 0 -43.79917289 -21.725837543 -8.5574449488988 5.39768448143255 1.03979358197575 -9.05786930677204 -1.41242336901719 -5.14505008877502
"417" 3 0 -49.09917289 -21.825837543 -8.47291505145543 7.11983388696361 1.80670636631917 -8.91335705805041 -1.75110199370183 -6.45736511759601
"418" 3 0 -49.89917289 -25.825837543 -7.48843097330905 4.54605279181225 3.18953500844843 -7.6538529979979 -1.26163164534426 -6.31497335308344
"419" 2 0 -39.69917289 -12.625837543 -7.99899479400124 7.5000809287793 1.01009658852598 -4.6607630636226 -1.93018727325296 -5.86625146605797
"420" 2 0 -55.69917289 -29.325837543 -8.52660681066069 5.04122354873455 4.79028738772895 -7.62222782026953 -0.529942261137862 -6.72941464562503
"421" 2 0 -53.49917289 -19.025837543 -9.85110665113157 7.26624735086966 1.10134198650257 -8.64090440043243 -1.48630738413035 -6.42862676617521
"422" 1 0 -46.19917289 -17.525837543 -9.35243147306793 7.97043810246079 0.487054247901428 -9.39105031900233 -1.9577853671559 -6.5510538455763
"423" 3 0 -50.49917289 -29.025837543 -8.53300591154747 1.75384349530589 3.70043605141179 -6.88427088189057 -0.812766810554992 -6.16674557739967
"424" 3 0 -53.59917289 -17.725837543 -9.83181080056291 7.78510710470413 1.15495564413832 -9.09737218959351 -1.43442886902169 -6.45831306533015
"425" 3 0 -56.19917289 -21.625837543 -9.29036760412309 7.31973176460578 2.70315082152234 -7.90905617251268 -1.65125521033898 -6.55168626849745
"426" 1 0 -42.09917289 -19.225837543 -9.07026516362658 8.20957667951529 1.25228220858971 -8.51821897846122 -1.64246104678575 -6.53269519990271
"427" 1 0 -48.59917289 -19.525837543 -9.1929606641952 7.11372833449744 1.08813187253198 -9.69619141100685 -1.93936572123349 -6.30773184423738
"428" 2 0 -55.09917289 -24.525837543 -9.27284425205876 5.72444729191929 3.9432775245914 -7.98271935976717 -1.09233581807441 -6.71516871733703
"429" 3 0 -45.79917289 -19.825837543 -8.66888449532368 7.30382265190747 1.26964968163034 -10.0919899713572 -1.60356742239936 -6.42402399520429
"430" 2 0 -45.49917289 -19.325837543 -9.11156265711334 7.48553362364655 1.02455341994015 -9.93325544435505 -1.71011100393349 -6.47388030199738
"431" 3 0 -53.49917289 -30.525837543 -8.28872545370347 4.03237341345898 3.98247710764303 -6.47988060571526 -0.752338061691496 -6.24779510393761
"432" 3 0 -53.79917289 -20.625837543 -9.89664834997618 7.08811784783295 1.65751588382837 -8.3908141998958 -2.0472960808168 -6.31816508799314
"433" 1 0 -43.59917289 -11.125837543 -8.51338546391364 9.94142419871683 0.112314962107657 -8.29968976147763 -2.19033690757697 -8.08809891251718
"434" 2 0 -55.39917289 -32.125837543 -7.50788199040994 6.00130412643676 4.65019614996783 -7.02129994021902 -0.442929047048781 -6.77882414971312
"435" 3 0 -55.49917289 -19.125837543 -10.2850086397501 8.2026003127008 2.09319267110134 -8.79016748073285 -1.95840937789156 -6.5889014211819
"436" 1 0 -50.19917289 -21.825837543 -8.24783693552251 7.12095863643185 2.00504831535643 -8.72509378543024 -1.7137629638734 -6.68143353991428
"437" 2 0 -52.29917289 -30.125837543 -8.49480265725479 5.12243230662882 4.22537703643963 -6.47043510561012 -0.984392256747157 -5.80805160816241
"438" 1 0 -52.89917289 -19.425837543 -9.86237244617951 7.32798384114424 1.1373558464521 -8.544374267255 -1.48792698217208 -6.43330826394756
"439" 3 0 -56.29917289 -27.025837543 -9.65822814119378 6.01254110180858 4.6499022284574 -8.15440726458808 -0.515561006508852 -6.74590893966188
"440" 2 0 -44.09917289 -20.425837543 -8.35481822134715 6.36969501538521 0.785036994793655 -9.57785346635458 -1.30936961284689 -5.9770653035269
"441" 1 0 -51.79917289 -15.625837543 -10.2144205405387 8.61343521489556 0.671869324135846 -9.12020897893863 -1.431658344166 -6.47501812022063
"442" 2 0 -58.89917289 -23.725837543 -7.94308378070458 8.92942486898896 3.28869127177168 -7.7257742807846 -1.42806660057746 -7.39408374030974
"443" 3 0 -54.99917289 -33.425837543 -7.07517293771177 4.78729403200954 4.36758747743666 -6.8336483311682 -0.346395488138064 -6.59025672958128
"444" 1 0 -52.69917289 -24.425837543 -9.29352213087318 5.36617809332161 3.24558200601625 -8.32440952467541 -1.4054571140694 -6.59180678847773
"445" 1 0 -39.09917289 -12.825837543 -10.2742433681167 6.04495073690534 1.7462227646738 -4.89445192617017 -1.40608213674637 -5.72574520051859
"446" 3 0 -57.79917289 -33.425837543 -6.85225547106248 5.83798585303676 4.76001366746374 -6.95657211019548 -0.43606610739475 -6.16885683947554
"447" 2 0 -57.89917289 -30.825837543 -7.61731756479252 6.24403550255186 4.70395325860731 -7.70352824620089 -0.432308534488622 -6.49263489158882
"448" 2 0 -58.39917289 -24.625837543 -8.10725574644951 8.61068873798432 3.49433158326572 -7.70080780088827 -1.23515191485344 -6.94337107247297
"449" 3 0 -46.29917289 -18.425837543 -9.42523992535877 6.79279120605156 0.270417456649487 -9.34633141631918 -1.88667363400849 -5.93129549449426
"450" 2 0 -43.69917289 -15.825837543 -8.35380929038736 8.9279225045492 0.34654816313234 -8.43887712413005 -1.80393521290158 -7.1207948064872
"451" 3 0 -43.09917289 -11.725837543 -8.69150377252414 10.0086577882496 0.338392841749375 -8.43789855653836 -1.99988207984141 -7.88819554268952
"452" 1 0 -48.39917289 -18.225837543 -9.26958337330229 7.90390923978662 0.950512661369982 -9.58092593613757 -1.75973818036692 -6.50431820778655
"453" 2 0 -57.09917289 -21.125837543 -9.45998163011739 7.78967336921308 2.76105768931256 -7.97937127671905 -1.8014219255741 -6.6112998176651
"454" 2 0 -48.19917289 -14.625837543 -10.0252713333101 7.81126066909224 -0.0590981182597482 -8.03473469813416 -0.896042576151549 -5.74816332527543
"455" 1 0 -53.59917289 -29.225837543 -8.73033998664656 3.86019285937632 4.4113517099136 -6.99065589162747 -0.952699733812578 -6.66487222149514
"456" 2 0 -49.79917289 -18.625837543 -9.82066709258155 8.42102753084427 0.698460028003213 -8.88236627156123 -1.42763900396228 -6.61402525582702
"457" 1 0 -50.29917289 -15.625837543 -10.4051783563188 7.57682017785587 -0.112313742983583 -8.46245209569032 -0.327839397159039 -5.80168564546834
"458" 3 0 -60.99917289 -29.625837543 -6.63258559744199 7.98503216368226 3.99092085445302 -8.42888198210812 -0.665087747322167 -6.87467307472006
"459" 1 0 -48.59917289 -18.925837543 -8.91411673030415 7.1137950807965 1.02132332660224 -9.62884184866071 -1.85977596753875 -6.25042167752551
"460" 1 0 -38.49917289 -11.925837543 -9.35754539696136 6.54687786473497 1.32147097433285 -5.37882543866812 -1.3638774739724 -6.04187721613593
"461" 2 0 -42.19917289 -13.425837543 -7.81779108116363 8.63503078194286 0.00655353210096782 -7.72409121331324 -1.77896672064794 -7.13571383372574
"462" 2 0 -49.59917289 -17.125837543 -9.37194429943104 8.04573247854685 0.519275605806675 -8.30708514398264 -0.85088391980717 -6.3776538618978
"463" 3 0 -41.59917289 -18.625837543 -9.05762061570107 8.03420783889498 1.20856591147866 -8.24658484678325 -1.62096231974796 -6.48234109678116
"464" 3 0 -44.39917289 -21.925837543 -8.10352455131005 5.33032937476702 1.16533893659369 -9.78560120420899 -1.4062001235325 -5.61492829538135
"465" 3 0 -53.29917289 -18.025837543 -9.72796778507917 7.32618983127663 0.976111700193247 -9.05841344044567 -1.49507874967823 -6.4002793097845
"466" 1 0 -53.89917289 -31.525837543 -7.50424790920455 5.32417967659573 3.65690749626839 -6.49194342179558 -0.69609112678673 -6.22476689189803
"467" 3 0 -51.49917289 -15.325837543 -10.357605418769 8.61958605264009 0.577493638372526 -9.0190706161813 -1.45145238582855 -6.4350931646931
"468" 3 0 -40.39917289 -13.125837543 -7.98939018169115 7.57108402966805 0.582799489530575 -5.67699381449044 -2.0747908350334 -6.17738979155581
"469" 1 0 -59.39917289 -27.025837543 -7.85077783659499 7.73105580369473 3.89492636052277 -8.24681453416626 -0.916218885422655 -6.49434630623542
"470" 3 0 -53.59917289 -23.025837543 -9.19226691332164 7.04140001473671 2.72845848078973 -8.17491022339254 -1.60576787757896 -6.92890649040235
"471" 3 0 -42.79917289 -15.625837543 -7.10999480186029 6.36556113152987 -0.411287707915997 -8.1506524032058 -1.64536346060352 -6.32621477690062
"472" 1 0 -45.39917289 -20.625837543 -8.52395908773372 6.51140963084438 1.10001736554414 -9.69498071498202 -1.49593755635504 -6.19287289475283
"473" 2 0 -40.19917289 -15.825837543 -8.50505784183843 8.19777019454675 1.25807541973519 -6.21348292807184 -1.81406196394614 -6.66124249968591
"474" 3 0 -49.39917289 -27.325837543 -8.29162167456405 3.3284011021562 3.38173354718314 -7.25807090188532 -1.02496934655706 -5.5831870481503
"475" 1 0 -53.39917289 -19.325837543 -9.77392893666225 7.14083815105559 1.11997864335927 -8.54601610323346 -1.4762999897952 -6.39035095428601
"476" 3 0 -44.99917289 -12.725837543 -8.97089255356875 8.64908291674434 0.300471462265649 -8.90163865542517 -1.71576298219794 -6.99850961332683
"477" 1 0 -41.29917289 -10.925837543 -7.33254786039928 8.71744783495948 -0.084280956781641 -6.68199074617703 -2.25796032019977 -7.23109205829562
"478" 3 0 -47.69917289 -15.425837543 -8.86444935117072 7.04377037314659 -0.0665440203817714 -7.83528560723702 -1.07012569815275 -5.79987856774888
"479" 2 0 -47.19917289 -14.225837543 -9.94517313934005 8.3916300726252 -0.0690018745557354 -7.72125220161656 -1.16017989468442 -6.01553180849778
"480" 1 0 -54.79917289 -30.225837543 -8.73806894295521 5.12314497352351 4.651517643163 -6.91513473244772 -0.798345292581239 -6.82347306093098
"481" 2 0 -43.09917289 -20.025837543 -8.29344988498923 6.41881739254758 1.02316967151703 -9.08412671868228 -1.28868032247126 -5.68812755022591
"482" 1 0 -49.49917289 -20.325837543 -8.86496759384813 7.677070617811 1.26580383041965 -9.28110739654465 -1.85806035362606 -6.63162152162049
"483" 2 0 -49.29917289 -28.225837543 -8.74532578786189 4.81218089672864 3.65357372313381 -7.42382943941308 -1.09517281289452 -5.68241687201609
"484" 1 0 -55.19917289 -21.425837543 -9.49235234834408 7.08452346478108 2.24791204019992 -8.02769562176158 -1.78275724601964 -6.50271871047627
"485" 3 0 -60.59917289 -28.025837543 -7.33325112747436 8.41043754298018 3.9366869775373 -8.99134594685401 -0.887284485957582 -7.00181670070738
"486" 3 0 -49.69917289 -24.025837543 -7.94652745324266 5.95227816669724 2.67857244642177 -7.90154943225056 -1.35538294565662 -6.40162939737249
"487" 1 0 -56.39917289 -23.325837543 -9.26468716084352 6.97479704106362 3.2528584817113 -7.92725188880993 -1.33941631836423 -6.4306242008715
"488" 3 0 -54.29917289 -28.525837543 -9.56029122750746 4.6207308188031 4.60128695906781 -7.36441948472527 -0.922375652614944 -7.25064658746722
"489" 1 0 -57.49917289 -21.725837543 -9.6193019009958 7.89273158017033 3.16972192897301 -7.78468040418782 -1.59683635165188 -6.68398831104939
"490" 1 0 -53.39917289 -17.525837543 -9.43920962657153 6.98746382004795 0.946352275990853 -9.35663979724739 -1.44321349214464 -6.30844644234831
"491" 3 0 -54.79917289 -21.725837543 -9.55151495319087 7.19994726979699 2.37383019325126 -7.9277594871196 -1.68009128624431 -6.46886389576878
"492" 1 0 -51.99917289 -19.025837543 -9.87976520699826 7.32600664268712 0.914205061916823 -8.75388445357178 -1.45992800150509 -6.45782834617771
"493" 3 0 -60.09917289 -26.225837543 -7.27063678351345 8.63564204609765 3.54880419486883 -8.38564926000451 -1.00804351275746 -7.09079864074203
"494" 3 0 -46.79917289 -16.125837543 -8.98864548038309 7.67152161000389 0.305972709764099 -9.08881400130687 -1.40557044443563 -6.39978571114595
"495" 3 0 -55.49917289 -27.225837543 -9.2438232210247 5.52314716192806 4.39841192529313 -8.14900290422884 -0.876574460959704 -7.20073957136632
"496" 1 0 -50.69917289 -17.625837543 -9.82292441686262 7.67148522951599 0.338870193190335 -8.47663593233437 -0.87554513032549 -6.33538460477408
"497" 2 0 -39.19917289 -16.625837543 -10.9302678306642 6.01908323371901 2.28719513387187 -5.21940791419929 -1.89059573625047 -6.0598946834267
"498" 3 0 -58.99917289 -32.625837543 -6.65084050009685 6.59001013364469 4.45148282564182 -7.57282520259583 -0.35662300870281 -6.36516098954894
"499" 1 0 -45.59917289 -17.525837543 -8.94510256928454 7.68463572259006 0.61186396964976 -9.59442630451105 -1.81138903317972 -6.53807562481436
"500" 2 0 -52.59917289 -17.125837543 -9.84565987719488 7.50225336333032 0.804106734355372 -9.47865540195793 -1.27879080496284 -6.38563215190601
"501" 3 0 -49.89917289 -29.525837543 -8.82549686790683 3.79798815779014 3.78572754733476 -5.25703148909011 -0.732987349933067 -4.88839044343678
"502" 2 0 -41.69917289 -10.625837543 -7.88411403465051 9.82646528530452 0.121661857566547 -7.16119057892884 -2.31209777680545 -7.83773035570657
"503" 2 0 -58.19917289 -32.025837543 -7.13246123111158 6.45545779226076 4.81338094722486 -7.67371977375254 -0.442733032729581 -6.60173694632009
"504" 3 0 -48.39917289 -13.525837543 -10.3234228040589 8.66556091061408 0.244333798717861 -8.33658594776503 -1.02270120465902 -6.1850697590953
"505" 3 0 -42.69917289 -20.825837543 -8.09129491406281 6.26154289947335 1.29691002747269 -9.05988070625009 -1.31229947136608 -5.98239156578968
"506" 3 0 -48.49917289 -24.425837543 -9.27475278111785 6.46788525719066 3.31449039643679 -7.86626772402168 -1.30716506287707 -5.76717763635044
"507" 3 0 -53.69917289 -33.125837543 -7.3683058930985 4.78037853965311 4.04279121824555 -6.13440424237675 -0.530524002142687 -6.10200790873722
"508" 1 0 -49.99917289 -16.325837543 -9.64690890723131 7.21608691873011 0.043253301899726 -8.17112205543031 -0.543123294542017 -5.78657055660332
"509" 3 0 -51.69917289 -26.725837543 -8.09512763931343 2.30463171627266 3.39437944668411 -7.82890327133014 -0.890894263263668 -6.87889416471643
"510" 3 0 -42.69917289 -13.125837543 -7.85741806550671 8.7575752778862 -0.0273598139509164 -7.929632046579 -1.86207321843316 -7.35127292881698
"511" 3 0 -44.29917289 -12.225837543 -8.18271708030311 8.94421201016429 0.352927079956493 -8.83041640219717 -1.81811333364652 -7.60218548441662
"512" 1 0 -44.79917289 -22.625837543 -8.41327788144162 5.842345944048 1.69198351962861 -9.41391607777864 -1.5274082022797 -5.69309127637147
"513" 2 0 -48.39917289 -16.025837543 -9.17113086597008 6.66880562801285 0.0601352915476423 -8.37464766516957 -1.47353886109798 -5.74354202642862
"514" 3 0 -39.29917289 -16.125837543 -10.2491263512999 6.21909342680638 1.89072617580455 -5.19870597755736 -1.83467026057417 -5.92663559933586
"515" 2 0 -45.19917289 -17.125837543 -8.44623690409754 8.23616042732062 0.825441475026415 -9.5311066042896 -1.72375897647007 -6.97397067913181
"516" 1 0 -45.09917289 -16.625837543 -8.1956402622018 8.94149977656729 0.733782501295037 -9.44109528005899 -1.45060159438968 -7.55645791451727
"517" 1 0 -51.79917289 -26.425837543 -7.93922044758365 2.65118229067606 3.44300009304225 -8.04398421915307 -0.87457162999463 -6.86240955878378
